rcp4.5models/CNRM_CM5/sc1gr6.5
NCOLS 261 
NROWS 433 
XLLCORNER 336357.134 
YLLCORNER 654653.479 
CELLSIZE 1000 
NODATA_value -9999 
[rows 0 to 21 of 433, columns 50 to 99 of 261]
-9999 -9999 -9999 -9999 -9999 -9999 -9999 -9999 -9999 -9999 -9999 -9999 -9999 -9999 -9999 -9999 -9999 -9999 -9999 -9999 -9999 -9999 -9999 -9999 -9999 -9999 -9999 -9999 -9999 -9999 -9999 -9999 -9999 -9999 -9999 -9999 -9999 -9999 -9999 -9999 -9999 -9999 -9999 -9999 -9999 -9999 -9999 -9999 -9999 -9999
-9999 -9999 -9999 -9999 -9999 -9999 -9999 -9999 -9999 -9999 -9999 -9999 -9999 -9999 -9999 -9999 -9999 -9999 -9999 -9999 1276.384765625 1275.65438096204 1276.54906001529 1277.31240750557 1276.62141613498 1274.81228186963 1274.21737020341 1274.14499865469 1272.43677961339 1272.27104806932 1271.36593045959 -9999 -9999 -9999 -9999 -9999 -9999 -9999 -9999 -9999 -9999 -9999 -9999 -9999 -9999 -9999 -9999 -9999 -9999 -9999
-9999 -9999 -9999 -9999 -9999 -9999 -9999 -9999 -9999 -9999 -9999 -9999 -9999 -9999 -9999 -9999 -9999 -9999 -9999 1279.34647010065 1278.48981348111 1278.26425317617 1277.49221699935 1277.96857055411 1277.61711348149 1276.08451656374 1275.41655509434 1274.34451297264 1274.15653347535 1273.70669597647 1272.5923488056 1271.44420141874 -9999 -9999 -9999 -9999 -9999 -9999 -9999 -9999 -9999 -9999 -9999 -9999 -9999 -9999 -9999 -9999 -9999 -9999
-9999 -9999 1296.31945800781 1295.74302195017 1294.50386733979 1293.56976149315 1288.06703649686 1286.44042192025 1284.92201108805 1283.45327001242 -9999 -9999 1278.464775222 1281.20991236032 1282.64025805357 1281.73507727689 1280.3843004359 1279.42547673945 1280.12228904561 1280.4553403673 1280.36315006488 1280.7407286633 1279.97947897749 1279.36032832434 1278.79463004579 1277.76711996815 1276.90994013238 1276.28589264672 1274.92654097892 1275.4303614752 1275.22278141395 1273.52994575759 -9999 -9999 -9999 -9999 -9999 -9999 -9999 -9999 -9999 -9999 -9999 -9999 -9999 -9999 -9999 -9999 -9999 -9999
1303.35825737252 1302.01721533697 1298.33686310249 1296.80508270098 1295.38427359607 1294.26626497869 1290.16805223875 1288.10185596303 1286.76321043618 1286.13038614754 1284.98652472426 1283.79285981699 1282.88734998776 1283.54357578834 1284.14533473993 1284.17424709428 1282.62014594333 1282.12936132333 1281.19390497631 1281.95623351634 1282.42518325797 1282.64714212832 1281.66201421955 1281.15117426226 1281.00791587985 1280.42151576513 1279.18645501795 1279.07193091373 1277.85642102583 1277.07224244176 1276.87032999875 1277.35909463413 1276.77081936324 -9999 -9999 -9999 -9999 -9999 -9999 -9999 -9999 -9999 -9999 -9999 -9999 -9999 -9999 -9999 -9999 -9999
1303.83133489406 1302.4736742098 1299.54645652467 1299.27767714719 1298.56174619653 1296.20676939482 1291.66437664989 1290.86788603861 1289.93923381189 1288.67123073602 1287.49845380901 1286.69665615132 1287.32253627823 1287.1081375949 1287.45199872547 1286.36013134784 1284.15313014204 1284.63291925973 -9999 1283.15556662272 -9999 1283.55602413443 1283.70232337972 1283.36927357443 1281.93805337971 1283.08310659338 1280.82502636663 1280.75832930389 1281.79973779286 1280.44354719728 1279.42635876998 1278.97109753439 1278.92491429063 -9999 -9999 -9999 -9999 -9999 -9999 -9999 -9999 -9999 -9999 -9999 -9999 -9999 -9999 -9999 -9999 -9999
1306.06539452993 1305.41346052405 1303.45329889688 1301.08277204473 1299.61314448288 1297.45314666524 1295.05577009605 1294.17650528212 1292.99402260086 1291.97521478027 1290.21364301225 1289.30343223428 1289.46781085688 1289.09768263982 1289.63824377478 1289.07224195735 1288.20652056158 1285.57971668487 -9999 -9999 -9999 -9999 1283.77850588489 -9999 1283.75580073283 1283.46982087212 1284.65910351614 1284.50389294216 1284.44992609897 1283.92829139372 1283.12568833953 1281.96961950439 1281.28853177843 1281.8067256672 -9999 -9999 -9999 -9999 -9999 -9999 -9999 -9999 -9999 -9999 -9999 -9999 -9999 -9999 -9999 -9999
1309.55256185241 1308.30066610028 1306.49717770372 1303.95054319509 1301.33156746561 1300.97882760512 1298.90711020959 1297.05189736797 1294.52893696696 1293.50582970403 1292.3361283595 1292.15835174486 1291.98916242237 1291.14224598316 1290.42255604317 1290.39029468491 1290.64807408944 1287.95194575137 -9999 -9999 -9999 -9999 -9999 -9999 1287.76337331278 1287.25702725077 1287.44397890278 1286.65726833877 -9999 1285.96473111073 1286.34501093951 1285.46905757109 1284.52032671405 1283.42895721973 -9999 -9999 -9999 -9999 -9999 -9999 -9999 -9999 -9999 -9999 -9999 -9999 -9999 -9999 -9999 -9999
1311.19262371817 1310.68401211613 1308.5233353537 1305.21839857108 1303.4095753443 1302.58953085013 1300.01379366439 1299.28281934655 1296.50756061944 1295.24921387282 1294.46236982998 1293.03322615862 1293.12126412661 1292.84583571176 1292.72136573502 1293.0116720702 1292.83173329748 -9999 1289.86471625659 1289.96212108118 1290.93866269253 1291.24084267171 1290.5350201153 1289.55069519284 -9999 1291.36016807262 1291.09994642293 1289.50673802442 -9999 -9999 1287.45927847086 1287.58259914607 1286.9857651511 1284.8081653329 1284.00441943254 -9999 -9999 -9999 -9999 -9999 -9999 -9999 -9999 -9999 -9999 -9999 -9999 -9999 -9999 -9999
1313.60461254217 1312.32349885596 1311.35118725827 1309.70416494675 1306.81277686036 1303.92524082336 1301.58401613743 1300.72887345473 1298.71894684779 1297.33483489968 1296.47301108 1295.65174124892 1294.96711283461 1294.69407823501 1295.06381715369 1295.22483388282 1294.95414091358 -9999 1294.31384295568 1294.19504601046 -9999 -9999 1294.09032765448 1294.24402172405 -9999 -9999 1293.1792787763 1291.8604644201 -9999 1290.4809916487 1289.81692262451 1289.17183865472 1289.09821841045 1287.9134729803 1286.20759701555 1288.72225398351 -9999 -9999 -9999 -9999 -9999 -9999 -9999 -9999 -9999 -9999 -9999 -9999 -9999 -9999
1321.68081390357 1318.20490576532 1316.18131117455 1315.20236488258 1312.11722080052 1310.04249227502 1307.07290243977 1306.20390804184 1304.05850708391 1303.2189859831 1302.61873867366 1300.47642775328 1300.56050783765 1300.62027773339 1300.62758684304 1300.85415681055 1300.85798126013 -9999 1301.4075693971 1300.37501108063 1299.72253482234 -9999 1298.71984544768 1298.51844311053 1298.41340448388 1298.18562222498 1297.52210616461 1297.51530768031 1296.94447324663 1296.9409914681 -9999 -9999 1296.13851044967 1295.64033266995 1295.75240486141 1293.85845077651 1292.4787955284 -9999 -9999 -9999 -9999 -9999 -9999 -9999 -9999 -9999 -9999 -9999 -9999 -9999
1323.39673052766 1319.76934719187 1318.30594864628 1317.52890300176 1313.99192424897 1311.48473795456 1309.19018009105 1309.24459349458 1307.74136180025 1306.03918507294 1304.83574472252 1305.78455807136 1305.97797933515 1304.367380016 1303.74037380071 1303.45152714269 1304.02818324807 1303.97268640982 1303.06453589694 1303.29257224606 -9999 -9999 -9999 1301.47167079253 -9999 1301.15834762441 1300.6216382008 1299.42557051005 1300.78289711276 1300.92302340426 1300.28223384304 -9999 1299.13084612598 1298.62084634947 1298.30445537061 1298.15506880747 1295.65888307875 -9999 -9999 -9999 -9999 -9999 -9999 -9999 -9999 -9999 -9999 -9999 -9999 -9999
1326.81115562409 1322.06715555815 1320.37819112016 1318.66639914402 1314.42446365415 1312.70643727076 1309.82338079258 1310.29079986301 1310.66826646872 1309.77093240754 1308.91697112684 1309.13300953051 1308.99183504806 1307.43682502427 1306.31254746738 1306.35951847109 1306.61522328629 1306.71774130501 1306.67773616626 -9999 -9999 -9999 1305.51136214062 1305.46523783454 -9999 -9999 1303.47724884075 -9999 1304.37464191043 1304.31741307246 1303.68619210731 -9999 -9999 -9999 1300.28210407942 1300.42603579498 1299.3597567734 1297.9315102054 -9999 -9999 -9999 -9999 -9999 -9999 -9999 -9999 -9999 -9999 -9999 -9999
1329.11226457588 1325.70541898493 1322.74148220426 1320.04108944528 1316.44866655432 1314.6360343354 1312.59196227842 1312.21847523741 1313.18371012174 1312.59192464857 1312.46753091648 1312.2029701883 1311.55116839397 1310.35647054026 1309.57972126097 -9999 1309.71356292493 1309.08833109742 -9999 -9999 1308.82992430466 -9999 -9999 -9999 1308.60119573242 1308.61850513497 1308.51952310934 1308.45764679821 1307.68311027489 1307.58462633926 1306.32838248845 -9999 -9999 -9999 -9999 1302.42818282602 1302.56983603077 1301.3925955506 1300.12440133497 -9999 -9999 -9999 -9999 -9999 -9999 -9999 -9999 -9999 -9999 -9999
1331.00387431865 1327.24055675648 1322.84877297536 1320.8719044303 1316.89541899825 1315.10723218992 1316.05277209695 1315.70856439286 1315.86305211516 1315.18717912909 1314.37862959303 1313.57154538975 1314.15424705493 1313.26492776335 -9999 -9999 -9999 1311.44890459807 -9999 1312.17813239716 1311.7666290693 1310.44689502959 1311.33600605909 1311.49688575679 1312.72431598181 1313.41148847008 1313.27273110719 1311.67864490961 1311.5935775555 1309.56874881014 1309.06010598227 1308.61927333599 -9999 -9999 -9999 -9999 1304.00271762099 1304.33934707468 1303.28900687924 1302.73220102315 -9999 -9999 -9999 -9999 -9999 -9999 -9999 -9999 -9999 -9999
1331.8985231619 1328.55841052732 1323.62722303194 1320.79342772345 1318.767855406 1318.2101835673 1320.02128645685 1318.4190039741 1318.13639133525 1317.32745089129 1316.22845583199 1316.36291429789 1315.4316305146 -9999 -9999 1315.4512332753 -9999 -9999 1315.28638130465 1316.89899876091 1316.27511477305 1315.09882114813 1314.89204341353 1314.79167420449 1316.09302272678 1316.87329685662 1316.19791580985 1315.1044672133 1315.03796906448 1313.52635630867 1312.97404584542 1309.61287300858 1309.018907763 1307.95891469184 -9999 -9999 -9999 1307.53859771705 1307.94013715363 1306.2399753047 -9999 -9999 -9999 -9999 -9999 -9999 -9999 -9999 -9999 -9999
-9999 -9999 -9999 -9999 1321.35160912618 1322.56575103467 1323.6271461847 1321.98664410326 1320.38426806022 1319.52095830491 1318.17828493305 1319.35043812052 -9999 -9999 1319.79179806145 1319.72587516625 1316.83153829453 1316.1745510671 1318.86180087412 1319.64611573959 1320.19177475813 1320.94753989719 1319.32101653716 1318.23009359446 1318.5418376816 1319.35991552418 1318.63916533771 1318.58303572429 1318.11626738609 1315.28839098547 1314.1904275034 1312.71265299287 1314.60121884797 1312.80927565349 1311.55586958284 -9999 -9999 -9999 1310.52564173992 1309.81212967035 -9999 -9999 -9999 -9999 -9999 -9999 -9999 -9999 -9999 -9999
-9999 -9999 -9999 -9999 1322.81213430034 1324.82624369635 1325.3016340399 1324.55685225351 1323.22618591843 1321.59875578309 1320.75956475373 -9999 -9999 -9999 1322.21584102804 1322.12603722079 -9999 1321.18813437431 1323.17945181371 1323.73452843399 1323.92251155614 1324.07131838613 1323.52620498219 1322.63861333933 1322.48923952439 1322.43363011206 1322.26526745628 1322.60382128411 1319.07519278015 1318.63108925776 1319.22745698939 1318.61530924312 1319.61635630534 1318.45242548642 1316.58278366531 1316.22737761261 -9999 -9999 -9999 1313.14314461273 1310.1002009392 -9999 -9999 -9999 -9999 -9999 -9999 -9999 -9999 -9999
-9999 -9999 -9999 -9999 1327.59687355486 1327.43626594997 1328.12909448756 1327.5302388381 1325.39473406515 1324.17331225245 1324.17142406169 -9999 1323.56791393053 -9999 1323.90182786581 1322.2926492667 1323.24295501616 1324.93347986616 1326.18822704606 1327.39844658503 1327.47136292287 1326.15549853957 1326.25515894618 1326.34638597935 1325.74877387604 1325.83161665406 1324.5440842667 1323.9984822373 1323.51517302438 1323.81858622506 1324.04873611706 1322.26544456833 1322.9602079053 1322.73852150993 1321.0220025788 1319.62108464303 -9999 -9999 -9999 -9999 1313.093788037 1314.63599280876 1316.20715341455 -9999 -9999 -9999 -9999 -9999 -9999 -9999
-9999 -9999 -9999 -9999 -9999 1328.61579791147 1331.28957022347 1330.49370079228 1328.17898450033 1327.41771238258 1326.77314907543 -9999 1327.99629164131 1326.76176769036 -9999 1325.84415289814 1325.48042548775 -9999 1328.78201369885 1328.59851762235 1329.65406820453 1329.07524042325 1329.43208265374 1329.16449534605 1328.484820619 1327.10392692982 1327.00738065682 1327.85237794387 1327.84842570885 1326.46881489721 1326.09080420193 1325.34115050921 1325.15994853731 1325.04783672501 1325.34562612423 1323.50286109753 1321.63644667668 -9999 -9999 -9999 -9999 1318.89168528173 1318.63552759275 1317.93163099261 -9999 -9999 -9999 -9999 -9999 -9999
-9999 -9999 -9999 -9999 -9999 -9999 1332.14269871719 1331.75268357924 1331.43325303263 1330.65854834891 1330.27322657752 1330.20384802495 -9999 1332.96803483509 1330.37690608569 1330.00954969088 1329.92160239257 1330.98166856189 1330.77691443609 1330.42663053218 1331.26262763537 1331.42539106945 -9999 -9999 1330.87309587017 1331.30971814106 1331.77339062356 1330.6790138956 1331.21979278108 1330.14783622875 1328.49087232862 1328.81703744995 1328.28071254034 1326.61538235834 1328.21645420151 1328.01622224643 1325.80229797894 1325.58337796477 1325.18766757836 -9999 -9999 -9999 1322.56361489397 1322.1078630244 1321.18579382457 -9999 -9999 -9999 -9999 -9999
-9999 -9999 -9999 -9999 -9999 -9999 -9999 -9999 -9999 -9999 -9999 1335.12429658924 1335.24936207649 -9999 -9999 1338.05597290486 1338.41018797839 1335.81580153333 1336.83560700422 1336.61320097936 1336.35630385444 -9999 1336.03306000169 -9999 -9999 -9999 1337.40423158851 1336.88898210992 1336.60811868317 1337.2655496783 1336.53379192657 1336.12128397806 1336.46184008228 1336.15423423478 1335.16775068868 1336.22620990951 1336.31284374548 1335.43675291656 1333.7829076005 1333.50279872708 -9999 -9999 -9999 1329.13615555814 1328.75420342569 1327.70458110572 -9999 -9999 -9999 -9999
