rcp4.5models/CNRM_CM5/sc1gr8.6
NCOLS 261 
NROWS 433 
XLLCORNER 336357.134 
YLLCORNER 654653.479 
CELLSIZE 1000 
NODATA_value -9999 
[rows 230 to 252 of 433, columns 100 to 149 of 261]
82.0439996585333 83.8644014752698 85.3763067255557 86.7703414583049 87.0415485831447 88.1978452465835 89.8191508071428 91.6633888876163 93.0104567596722 94.9028892375329 98.3142376389431 105.621892423368 102.250043159466 103.104048876788 105.010846995428 105.403157148576 107.22067141236 109.241212638186 112.088751954247 113.925307107625 114.060105403884 115.941900217807 -9999 128.62952800204 141.179670609555 137.391703311881 127.360339530559 129.921405400602 133.225479523562 147.806682349693 186.204330900969 197.610218228319 156.652433645212 143.765906414399 145.942033063854 152.051430347503 150.281583235145 152.210465105997 154.603723893522 157.402079906816 159.652064348009 162.003831764353 165.035265160291 167.391938409272 169.40059344857 172.264230375389 177.852599450298 181.230716990282 184.725688828827 188.219231559345
81.0986613247605 83.2438912431546 84.9653890046532 86.9257691487997 87.1318308998061 88.4093654455197 90.0496980039392 90.6634645248737 91.9233771684221 93.6469788468582 99.0806269333208 111.278542412628 110.463236708413 103.012558686663 104.959449334781 106.216767731278 108.202172427597 113.525780875816 118.493105205316 114.042921006261 116.395881920059 120.12615771971 127.222449914813 139.023619746416 158.415356082417 131.956234813696 128.353597980663 130.517086530743 137.005034690997 162.336319406806 190.614144767291 168.406732560478 141.815274422122 142.040815637304 146.771597878621 154.996599631777 152.123729884 150.902802441721 153.057928647489 155.379008285692 157.493097373341 160.097163918068 162.688989690973 165.284886807373 168.211762408997 170.598184902629 176.273445679408 179.712799783851 183.880249495358 188.330064347728
80.9608187300204 83.1305758183881 84.2450803942574 85.8739652163035 86.4669410181471 87.8206537652141 89.7853951679387 91.1240322625622 91.7963221823286 93.7838877030304 96.7731027070692 102.936071955744 112.03275776418 103.203579019447 105.577230092787 110.070038822799 115.239852302072 117.724305758604 122.328010344558 117.825436429771 119.186282758666 122.49445599111 133.152743011428 140.489244729026 135.569202767607 130.044389612866 129.996297672158 132.91108929448 135.605336810187 155.275533401449 180.53140202627 153.716905221416 140.34536162873 141.249180376161 146.823139921568 150.001691360378 151.458472763226 151.191456881456 152.499878353487 154.736954054953 157.304198734205 159.761710785302 162.63271224779 165.218231754158 167.539155537474 169.725590409636 175.645458543271 179.054064480043 182.810624793309 187.21417915415
80.656806282316 82.6002832867348 83.3870410862815 84.44774156239 85.4873287996431 86.7184759129807 88.5042782377768 90.224569833996 90.8176525142614 92.7650163781091 94.7403393621795 97.5877510574847 108.021925381543 102.878132100613 106.479694758155 115.585595378578 123.827241136341 124.231199543147 125.65070972781 123.418579788506 122.798022399774 126.668595170346 135.043927332499 145.6003986706 131.005363239859 130.485714214457 132.017838501471 134.885764669648 135.240562806232 149.254323848442 165.385857718814 143.280449884753 138.648949354116 140.347705401382 147.088636237158 153.448796490186 -9999 150.811606769216 152.04249925382 154.620042665214 157.113716703416 159.354119501175 162.502656346264 165.242916613587 166.712341815993 168.786358653488 174.84065030713 178.095972495898 181.400513465654 185.049542727157
80.1930070742907 82.0060225613196 83.0853511925399 83.9588757663734 84.7541277727021 85.9704692977163 87.44869761605 88.9252223857366 89.8748562733913 92.825226207669 97.8102447051187 103.346763899053 109.741956727268 103.065523001854 108.372356011718 119.669777939066 125.196301653816 126.266856432876 127.417364574544 128.391153532838 127.971663109413 130.098426828064 137.543431294886 147.396699513384 129.938036573926 131.085935485515 134.636420372212 135.330257681886 133.537571303591 143.115480032898 152.906626532636 138.445125309733 137.779497013148 139.180718972578 145.384924559882 156.548865598411 -9999 150.034950443233 151.423457002588 153.855861740525 156.282315140712 158.711304086102 161.743021853646 164.25255843871 166.046964577237 168.42539258283 173.995956220841 177.308837249061 181.043144389247 184.231654537024
80.0642519343678 81.4216773405287 82.4659848608369 83.4876355913914 84.4582667047659 85.6301394531793 87.0459245081829 88.7827339535554 89.9362624400949 92.3289977367043 99.4204343366424 112.050093498322 108.8008394498 104.677692698113 110.233224589895 120.851898389302 122.482477564077 124.549648242775 127.16919492362 129.370246693059 129.323856140078 129.010584181085 134.473459126201 142.561313007178 129.259642695339 130.18632067253 133.772630791432 133.73402832037 133.528889927108 146.059456674452 156.735192482686 138.160934520967 136.720660796175 138.264686034531 142.133126598498 154.990922832884 154.526192714271 149.984045226538 150.461992733534 153.023610065879 155.73475272107 158.21688274178 161.243224393964 163.402392855969 165.583869746915 167.83414628183 173.048236483879 175.987844011066 180.035468110975 183.655357094301
79.6965758316251 81.1508776814278 82.0526763338842 82.9675868939671 84.154853165845 85.1796731959718 86.5831431836453 88.7224180417374 90.4850616578288 92.2542455542785 97.6281632182237 105.858391487067 103.689405237343 104.102480351797 108.916913496382 119.474716494569 120.496861646841 122.334437514843 125.103865999105 127.78210823859 127.58178299446 129.293618478158 135.171035895523 147.729403391423 128.949374648822 129.282927568103 134.355627831954 138.331822943692 132.898581158239 141.300249231072 147.411125412587 136.542643786865 135.713693100094 137.335622752728 140.414165101904 148.299168998937 149.58171189104 148.352992929089 150.550322407853 154.061254968461 156.055312951871 158.230297540522 160.854910937166 163.160571495463 165.118989425904 167.02506518837 171.987651483076 174.65440408031 179.11606601799 184.158448336398
79.2042133329441 80.884608474044 81.8177592641239 82.6851782101603 84.0801260524013 85.0432274762432 86.2091525205576 88.3018409753069 90.2820113478168 91.6410625197559 93.9676184590375 96.2144616505662 99.5815993561382 101.849992645372 106.071124298037 116.354233300242 119.664577902522 120.342293907647 122.253866211401 125.495026960404 124.559021362621 127.953053910669 134.634375344106 143.240375366598 127.236265229237 127.936734731366 136.185870653557 144.26257695552 130.73388386036 132.611525659585 134.711402543558 135.574002007536 134.991027034104 136.354346509686 138.598924077865 143.058079159896 143.785664373253 -9999 -9999 155.845204059743 157.264167163799 158.852809825712 160.62154387668 162.375383390469 164.341714109892 166.474304094869 171.328756361367 174.014149092223 178.076067191101 183.213758382894
79.1598692452671 80.546872344257 81.4963777735064 82.5741047531604 83.7228727290707 84.7466781882395 85.8848795724582 87.6748119941163 89.3250748070166 90.0116871769558 91.2261085994831 93.0851960209191 97.2607153801913 99.8333645377076 104.307998852349 112.818481381458 116.903367229563 119.79989736432 121.083205404332 122.272700976128 121.948062256866 124.753174203383 128.891717686716 129.099176961433 124.682935672647 126.074709268545 134.055197694619 145.141319529059 134.877499934605 130.62456851772 131.942689512871 133.899169500026 134.663905762171 137.178788522036 137.467398910037 142.135544789848 143.726222870024 -9999 152.771009639813 156.739697877921 158.641711802377 158.90186841468 160.361809833317 161.221955241696 163.123692736923 165.481165089068 170.488203171347 173.328664395076 177.252174872787 181.37515160141
79.1101963986878 80.2195286615626 80.9794867766931 82.0866366768506 83.364401284329 84.7710791706208 85.3953476971048 87.0971756872058 88.3757722153975 89.1378449846557 90.6106489949425 92.2378191741636 97.0982463656588 98.2048782426132 101.913046231911 107.453272965831 111.901303842848 119.147923351398 120.058001758363 120.140899072881 122.104623210905 124.389153633673 125.795104780832 123.558343843946 -9999 -9999 -9999 138.601628554077 137.151634227764 130.879401600295 130.181683823873 131.123664000515 134.428761254833 139.065039071862 137.619009550597 140.806881754903 142.969127968623 -9999 152.485334159889 160.216354688304 160.149470424634 157.290995515433 159.021157195748 160.354628272762 162.269767434597 164.611397319416 169.282662688329 172.312121255329 176.242301412186 183.036898348285
78.7176074061033 79.8474987588142 80.6039292745978 81.5990807061349 83.0961311105614 84.8681576932493 84.9419664417877 86.2923928459694 87.335649180153 88.49547805129 90.0017473299029 91.7380657866104 96.3542749168234 96.7546177951765 99.3966321537635 103.729165251803 111.3269993061 118.234350370847 118.754084459018 119.959665217089 123.220644539502 124.713239009195 124.733349883677 124.779310534854 121.45520364759 123.003394901479 -9999 128.211788909648 129.801758714274 129.312487084402 129.620422773827 130.485983490027 134.097740587966 138.164031626169 137.188492139997 140.640508868912 142.446805416724 144.561769532571 151.491591835417 163.557292213275 165.318462356213 156.283396518029 -9999 159.469492230183 161.421190091492 163.907564305439 168.309974702507 171.65789035124 175.9481160586 182.923641734418
78.0179769996138 79.4628906106385 80.253465725026 81.0093638261793 82.2259041141176 83.7513809442351 84.5213580851414 85.2810653948065 86.3844630184201 87.6685988626438 89.0311512827547 90.5270021461796 93.9465289063259 95.5790322299603 99.9847164589779 106.837572679534 113.307633882123 118.047298922718 119.829757152702 122.467064302233 122.337122800893 123.672895607098 124.484951618665 126.607666494969 120.945927851724 -9999 123.547945907372 124.619814274224 124.439195529569 126.636213833827 128.67708735473 130.404401748228 133.436070370608 137.03067551938 137.060837687519 141.411887538669 142.108525366639 143.676263051219 148.626751344314 159.537742119223 165.064227039144 155.133857431678 156.330610257984 158.316208849098 160.305860103981 162.722196452489 167.537997424418 171.158630358134 176.654551571397 182.523016809687
77.4087302747025 79.0191468215137 79.8232429564352 80.474793367682 81.3647378071036 -9999 83.6796181684041 84.3666630982231 85.5351023768475 86.8644342611994 88.380683176716 89.6938130691799 92.6520159879569 94.9330852367084 101.783850909165 111.798057057548 115.275130125026 118.171400159866 120.66075240672 120.989376342294 119.195028902208 120.50212512567 124.003654412671 127.09949942242 120.106236644921 -9999 124.224681688345 125.952208020595 123.396295092408 125.972828345893 129.316738090236 130.314372081696 132.730834980382 135.989405929691 136.010267258635 144.57677229888 141.568829910958 142.833668856351 146.734203796586 154.985081231514 160.266285985794 153.731413075917 155.38224601722 157.227360944147 159.226548738879 161.430658268337 166.691015733536 170.036902566977 175.688099835705 183.273754718636
77.1725526312942 77.870613687024 78.553555803926 79.5381872500715 80.5467932418187 81.4234043760587 82.2096156429729 83.1594919536293 84.38164615795 85.6309899254477 86.8446707949843 88.4483763381575 93.6247653872171 96.3848336727181 99.5981609638133 110.57458376646 114.650167868435 118.159082833974 117.666329735557 117.432570118594 116.198255542992 118.443420689361 121.202835381036 119.481472145724 120.072246126225 119.480051641335 121.680156351127 125.5872637606 127.823785630306 140.02357565883 159.898319170327 166.228028892985 147.134809662782 133.757460611571 134.915760625958 149.569718043162 154.670399716719 142.070714279357 144.646841239826 156.927487883923 169.03706675294 156.540888291071 155.449434308381 155.261528112612 157.218620346764 159.611007744098 164.748878509728 168.233381494293 173.641268496 179.307248338401
76.6758081844781 77.5978170224757 78.4992133112328 78.9649538664485 79.9889893732694 80.8260730929229 81.5682778430542 82.5390738481474 83.7717469114811 85.1464796641435 86.4639353702713 88.1519582904907 94.7393785123944 98.104990489897 102.519253320359 123.404125465375 137.931076410995 139.28772187222 117.092066792061 114.854794023104 114.929270063098 117.970054426339 119.134440207335 116.060703334996 116.760283217107 117.280370745227 120.337272949657 125.815430994178 130.535169437677 138.564240454185 161.595733936018 188.054184778858 170.001257213923 134.853405481913 137.078926106948 153.242578244751 161.568974499 141.176695282854 144.403416341837 156.869673073753 171.01992154427 160.757773021576 156.527814405111 154.853538979145 156.121538209349 158.449666253264 164.052490733995 167.549633761755 173.332523445204 178.807395009403
75.6574877428891 77.5328950451702 78.4510161475199 78.4785676829222 79.6617474768836 80.3633379000559 81.1102538624523 82.1013769603041 83.1995277926645 84.3838129753672 85.9734701750956 87.669157583562 97.5287831059351 98.4901230276057 107.012864724421 144.893635137411 170.665119938317 159.144366721841 119.402140050153 113.026982040884 114.250689160341 119.094776700602 120.745755820053 114.44309222808 114.601403499204 116.341627907081 118.636242301394 123.663859739575 133.992751697841 153.521854535776 178.341959777629 202.033743221469 194.091089882418 153.660810075183 151.60093019705 155.104374258846 158.12321059183 143.215049965178 145.258277882451 155.178565495439 169.886022742635 166.039688568493 156.368032634797 154.842654949037 155.172191002221 157.328736905212 163.432320051198 167.173146265457 174.030670074006 180.014370988681
75.0031532285791 76.6688907919326 77.454478518027 77.8617237963241 79.0382159046029 79.9153251448109 80.6011145874053 81.3865955616902 82.3998086257264 83.4616564926515 84.9998121873949 86.5462373581452 102.060490208522 100.892588056404 101.006348597476 138.913469489033 181.199359137768 165.776599218041 130.347818676849 115.1319523958 114.527686886646 121.964074413257 123.937217193021 113.882773999478 115.024620699481 116.44659320834 119.572922154609 128.198249510504 144.793909401981 180.281014591256 210.096010647144 217.668932607824 210.026297867949 193.753950335552 189.573630738694 165.529576854178 164.315791517269 150.146906556668 145.451020577685 152.607694835081 168.46594639423 168.73519604829 154.594356407822 153.121258684118 154.321771142758 156.540067904118 162.68988281265 166.165720006999 172.692211165339 180.422187351503
74.4399655374695 75.7223274397773 76.5692106408507 77.2249337413772 78.1344905600307 79.1756323052489 79.9009871959691 80.5887083645871 81.5073575872265 82.5928658755949 84.1302901230952 85.7858381630652 98.6651427037104 98.1744648284436 95.9527324908729 129.467463705667 178.20766863569 159.037461557267 122.76575104684 114.794080432589 115.019491642958 120.032696301298 119.466489377823 113.977220388278 116.341355672395 116.195838659569 118.442484315604 128.274714952361 152.370351851272 195.242248868366 217.25637545056 216.369542517772 213.709485910248 215.142560292049 213.22805009308 170.111100102369 162.942759616579 148.140938750731 144.440593853349 148.312907325472 164.99586240033 174.888112025457 156.809550851807 151.161011880276 153.260212564048 155.42413006986 161.412014207291 164.539383832099 169.858142631411 176.237408972855
73.8675874033842 74.9837829766783 75.8499751616599 76.594548507656 77.316607338827 78.074438772577 79.0980883253742 79.9817840489848 80.8161213534347 81.7680679095525 83.1380232409823 84.6640892411978 90.0494667235384 90.7979364620562 93.0022501567319 125.55377762218 174.743013374069 150.820983191528 112.534845929136 109.952648585961 112.170998324766 114.68664398188 112.899314540664 113.536162191893 113.862306856103 113.616838264446 114.951847707861 121.925348179109 155.240429876532 206.797196566658 212.147539354861 211.668790158739 213.401773841365 216.829899781524 211.590803296905 154.990050024333 147.396762686232 143.685214976126 145.938337984902 148.282988797356 162.301173538773 177.402978133204 158.414725126693 150.758010957695 152.506626122836 154.287903469985 160.146942170752 163.093694462655 167.421364402623 171.201197583149
73.1753873989117 75.2020993374147 74.9750332058103 75.6907549168944 76.4638602568241 77.2852629735429 78.3364292656754 79.096142996058 80.0444731197937 80.9085767047792 81.9440848136678 83.2915006791815 86.2805318568243 87.2583932469614 88.9532593605365 111.262460554476 158.580110449014 153.82629927947 114.978247874117 108.036046792747 109.776281557628 112.829478845247 111.922557737039 112.132228313133 110.592694670007 111.180372805032 113.222096944124 123.451155415196 164.916026866468 213.93198367906 209.821012783086 208.83211684059 212.202446581504 206.847748902757 175.669258303051 145.572078513811 149.337969651351 149.089853789498 155.193179203126 158.815534554558 164.469406141578 175.991768624522 157.950877815923 150.379146482962 151.430786767151 153.44308487148 159.135193437958 162.218345147305 166.560997461381 171.471123437741
72.5844873037969 76.4340289275618 74.2224149772295 74.9824388781342 75.8267104335684 76.6529018538123 77.6161827621502 78.21979611659 79.1616169867895 80.135287760433 81.2431453617629 82.3580255992563 85.3136304413256 86.7461782058898 88.4600615164292 100.808990056786 126.738897238999 127.659281262522 108.600259567534 107.469686864563 110.981750321696 110.706571018319 108.072406655199 107.953879521433 108.096447804853 111.309831561408 116.676350017088 126.341685945475 160.55229018545 202.878726691253 213.033103109989 211.475759024823 207.455054625237 199.366438499566 164.469150362836 151.610548963958 161.749587789093 156.074484287157 162.352986209383 169.223729120253 170.253372225958 182.756471413381 159.001619515806 149.228305643735 150.866839840453 152.744639713083 158.341100725718 161.453912452619 165.535421029642 173.312384950433
71.9130909773985 74.8868416663721 73.6168935678875 74.2564896519177 75.1470815701889 75.9346470178516 76.7159794590727 77.5457046351578 78.3749606790961 79.2953502990995 80.6765371472316 81.9373191936507 83.9230065121188 85.5472809738758 87.6593676369787 95.9957549690375 106.315760871066 102.972207868405 102.322993495695 107.102617718006 114.219020063055 110.189670609378 106.410996890153 106.023632846541 107.227961057703 113.136747710225 126.861765921503 134.276906425073 153.700485172572 189.584554769265 208.887629594412 206.522149116555 205.143489944389 208.030150059643 192.267361188745 175.341994758163 184.219082252152 158.940499451994 163.809333680573 172.221135080057 172.714453171122 186.883870385792 159.940341136058 148.868141144806 151.196025024329 152.27038953845 157.602832568818 160.32908518146 163.149266971494 170.385396002322
71.0756974977386 72.5963918656832 73.0057482331014 73.5804381998193 74.4504800098925 75.2595806980579 75.9176667246301 76.7226903504427 77.602838543185 78.4596241363061 79.6646530097183 81.2492068522027 82.89062189448 84.258672274436 86.6089077133282 96.1243429140871 108.179778850813 103.091290365961 101.657048870926 107.181082687002 115.809374723169 112.355000020791 106.00076922294 106.049411937682 105.838873610376 112.089778550743 131.534379022808 146.700047964857 156.753429550612 184.750490244182 203.714265285955 199.048900750631 203.188467795642 208.854389175066 205.908761794264 204.135871684597 205.417608683712 175.16228838818 168.954214516963 168.360283885994 171.773963304737 181.208489227338 161.053271479239 149.090410265961 151.883751073116 152.019083853094 156.909165545206 159.165617204012 162.201550046331 167.66476590741
