rcp4.5models/CNRM_CM5/sc1gr10.9
NCOLS 261 
NROWS 433 
XLLCORNER 336357.134 
YLLCORNER 654653.479 
CELLSIZE 1000 
NODATA_value -3.4e+38 
[rows 264 to 285 of 433, columns 49 to 97 of 261]
475.088439941406 477.843688964844 479.622619628906 481.325805664062 483.490417480469 485.612182617188 487.191070556641 492.077301025391 494.306091308594 496.746826171875 499.452239990234 501.968566894531 504.146728515625 507.085906982422 510.603057861328 513.781127929688 517.098693847656 519.647888183594 526.740478515625 529.538879394531 530.892944335938 533.096618652344 536.289306640625 539.51611328125 542.640197753906 546.161865234375 548.611083984375 549.116333007812 551.06201171875 556.930297851562 559.955078125 563.432006835938 566.178466796875 567.806823730469 569.792907714844 572.177001953125 575.919372558594 578.883728027344 580.463806152344 582.8603515625 585.432800292969 590.960571289062 594.408813476562 598.056762695312 600.345275878906 601.873352050781 608.72607421875 613.267333984375 616.890258789062
474.977600097656 477.509063720703 480.009124755859 482.186157226562 484.286651611328 485.491363525391 487.370666503906 493.081207275391 494.870788574219 496.230865478516 498.883056640625 501.769439697266 505.044799804688 507.655792236328 509.627288818359 512.858825683594 516.191589355469 518.953735351562 527.390258789062 530.256774902344 531.393493652344 533.653137207031 536.611083984375 539.50732421875 542.678894042969 545.994689941406 548.287475585938 549.185852050781 550.671813964844 556.726318359375 558.765808105469 561.637512207031 564.854797363281 567.5556640625 569.577697753906 572.037292480469 575.222351074219 577.394104003906 578.899658203125 581.360534667969 584.592590332031 588.7421875 591.861938476562 595.712585449219 598.752807617188 601.315368652344 606.033874511719 610.185607910156 619.806457519531
475.118255615234 477.63427734375 480.262115478516 482.446899414062 484.355194091797 486.081481933594 488.180297851562 494.211730957031 497.118438720703 499.955627441406 501.739044189453 502.192993164062 504.98193359375 507.432647705078 509.777587890625 511.973236083984 515.179077148438 519.136840820312 526.073669433594 528.545288085938 530.667419433594 533.994812011719 536.060791015625 538.728515625 542.843505859375 545.935668945312 547.52685546875 548.919250488281 550.097106933594 555.658020019531 558.421081542969 560.64794921875 563.026916503906 565.882141113281 568.98486328125 571.311889648438 572.062561035156 574.234008789062 576.259826660156 578.17333984375 581.087829589844 585.476745605469 588.245300292969 591.943603515625 598.443786621094 605.749633789062 605.498107910156 604.259765625 640.658874511719
475.543426513672 477.794525146484 480.232879638672 482.564788818359 484.598541259766 486.091918945312 487.766754150391 494.348999023438 496.701782226562 499.954010009766 503.242156982422 503.861267089844 506.636535644531 508.817565917969 510.390045166016 512.596740722656 514.958618164062 518.777099609375 525.12744140625 527.710388183594 530.527893066406 534.380554199219 536.346069335938 538.414123535156 542.789184570312 545.555236816406 546.21923828125 547.68798828125 549.661987304688 554.7255859375 558.079467773438 560.769104003906 562.765075683594 564.689025878906 567.206176757812 569.649291992188 571.026123046875 572.95263671875 574.8271484375 576.559143066406 579.320983886719 583.975891113281 586.311340332031 589.453002929688 593.29052734375 597.48876953125 599.189575195312 601.667724609375 628.110900878906
474.703857421875 476.744079589844 479.639129638672 482.818756103516 485.019226074219 485.783538818359 487.313293457031 495.485046386719 496.569976806641 498.913787841797 501.733154296875 503.950378417969 507.602966308594 510.623382568359 512.005554199219 513.337646484375 515.505065917969 518.34130859375 524.59814453125 527.710815429688 531.268798828125 534.243408203125 536.157470703125 537.902221679688 542.236999511719 545.513916015625 545.244262695312 547.053039550781 550.092529296875 554.080139160156 557.248840332031 562.0068359375 563.810668945312 563.041748046875 565.415832519531 567.517028808594 569.77880859375 571.947082519531 573.801208496094 575.653747558594 578.190368652344 582.374816894531 583.749816894531 586.369445800781 589.244567871094 592.256408691406 595.413879394531 600.464233398438 647.123291015625
474.188568115234 476.396728515625 479.628021240234 482.509948730469 484.590789794922 485.268249511719 486.822204589844 494.717224121094 495.944702148438 498.541839599609 500.627258300781 503.123291015625 506.540985107422 510.272735595703 512.988159179688 514.629821777344 516.198669433594 518.403503417969 524.967407226562 528.543579101562 531.47412109375 533.48095703125 535.202270507812 537.55810546875 541.792907714844 544.464538574219 544.22119140625 546.775573730469 550.016052246094 554.03173828125 556.410400390625 560.927001953125 562.33642578125 562.161865234375 564.9052734375 566.773376464844 568.456115722656 570.227661132812 572.446594238281 574.820495605469 576.87890625 581.599060058594 583.664916992188 584.89013671875 588.393920898438 592.407836914062 595.584106445312 596.969482421875 635.514038085938
473.478607177734 475.966949462891 478.678161621094 481.260955810547 483.197784423828 484.827270507812 487.04296875 493.426879882812 494.83544921875 497.555572509766 500.076965332031 502.211151123047 505.822204589844 509.728973388672 513.447021484375 516.890808105469 518.509216308594 519.031677246094 525.942993164062 529.148559570312 531.210205078125 532.658081054688 534.918151855469 537.280212402344 541.043701171875 543.212097167969 543.850463867188 546.51708984375 549.896789550781 553.430053710938 555.4619140625 558.612854003906 560.323120117188 561.961669921875 564.279602050781 566.148254394531 567.515319824219 568.728881835938 570.815490722656 573.003601074219 574.901611328125 581.311157226562 585.837951660156 586.601440429688 589.235290527344 592.04345703125 592.897399902344 592.92919921875 617.526611328125
471.742889404297 474.127349853516 477.573760986328 480.650756835938 482.051635742188 484.160217285156 487.804534912109 492.977142333984 494.5986328125 497.282165527344 500.134338378906 502.716217041016 506.062469482422 509.453582763672 513.352416992188 517.926025390625 521.528503417969 521.985534667969 526.438659667969 529.198303222656 531.158630371094 532.92333984375 534.237426757812 536.765930175781 540.08935546875 542.240905761719 543.917053222656 546.622497558594 549.576293945312 553.339477539062 555.09423828125 558.032287597656 560.594848632812 562.049987792969 563.470336914062 564.884643554688 566.831726074219 568.068725585938 569.888671875 571.674682617188 573.501403808594 579.4404296875 584.161560058594 585.949951171875 586.756652832031 587.630859375 588.435485839844 590.609741210938 608.918029785156
471.019866943359 473.413452148438 476.193054199219 478.887359619141 480.991027832031 483.414916992188 487.139587402344 491.757843017578 494.083190917969 497.518127441406 500.994049072266 503.936981201172 506.244689941406 509.158325195312 513.035888671875 517.444213867188 522.424682617188 524.993347167969 526.551391601562 528.347351074219 530.87841796875 533.627685546875 534.743408203125 536.727355957031 539.398071289062 541.461975097656 543.969665527344 546.980163574219 549.234558105469 553.498718261719 554.680725097656 557.959167480469 563.446655273438 565.95703125 567.523071289062 569.625732421875 565.970153808594 567.48388671875 569.661743164062 571.578857421875 573.107116699219 577.338439941406 581.830505371094 583.878662109375 582.328552246094 583.899047851562 585.917297363281 587.976867675781 601.677795410156
471.585906982422 473.874267578125 475.411804199219 477.359985351562 480.004913330078 482.934753417969 485.840576171875 491.068542480469 494.432556152344 497.876892089844 500.877319335938 503.589172363281 505.87255859375 508.843719482422 513.368774414062 517.624389648438 522.679138183594 527.490783691406 526.876892089844 527.76171875 531.05712890625 533.538146972656 535.043395996094 536.363525390625 538.637512207031 541.186157226562 544.34423828125 547.634460449219 550.1396484375 553.353881835938 554.566345214844 557.218566894531 564.581970214844 569.183715820312 567.75634765625 570.156005859375 565.058837890625 566.73046875 569.206176757812 571.039184570312 572.4013671875 575.961791992188 578.445922851562 580.229858398438 580.851135253906 583.367736816406 584.306457519531 585.809326171875 596.328308105469
471.192108154297 474.394378662109 476.658935546875 478.223419189453 480.632934570312 483.931945800781 486.994293212891 491.844024658203 494.928405761719 498.242034912109 501.222229003906 503.407806396484 505.934722900391 509.172393798828 512.738525390625 517.410705566406 521.603820800781 524.216003417969 526.526672363281 528.159606933594 531.301940917969 533.492980957031 534.941284179688 536.828491210938 538.923645019531 541.604309082031 544.643676757812 547.85986328125 551.160888671875 553.170715332031 554.9296875 556.680419921875 561.710327148438 566.186401367188 564.286804199219 565.215087890625 564.277893066406 565.788269042969 568.26025390625 570.044372558594 571.537719726562 573.899963378906 574.703857421875 576.795715332031 579.421325683594 581.744750976562 583.011901855469 584.332336425781 587.672546386719
470.420745849609 473.877746582031 476.644653320312 479.120269775391 482.808563232422 486.722015380859 488.931427001953 492.480712890625 495.298126220703 498.162780761719 501.379638671875 504.017730712891 507.350555419922 510.430084228516 512.278259277344 515.353637695312 519.800598144531 523.847412109375 525.240661621094 528.468994140625 531.473388671875 533.584716796875 535.022583007812 536.767028808594 538.936340332031 541.486328125 544.394897460938 546.977905273438 549.924438476562 552.709533691406 555.312194824219 557.253234863281 558.775207519531 561.030517578125 563.358825683594 564.849609375 563.220092773438 564.744323730469 567.279602050781 569.161254882812 570.463562011719 572.037231445312 572.903198242188 575.250244140625 577.820434570312 579.927429199219 581.230895996094 583.04248046875 585.423583984375
470.371673583984 473.291687011719 476.180755615234 479.034912109375 482.030212402344 484.936157226562 486.990417480469 492.675140380859 495.476867675781 497.640441894531 500.762634277344 504.905517578125 508.325561523438 510.286865234375 511.883483886719 515.72216796875 520.319396972656 523.323181152344 524.071838378906 528.503051757812 532.056091308594 533.709167480469 534.996154785156 537.206359863281 539.945068359375 541.786804199219 544.103271484375 546.812805175781 548.962097167969 553.014343261719 557.072326660156 559.064819335938 557.685119628906 559.029907226562 563.320922851562 570.270935058594 569.262023925781 564.510498046875 566.411010742188 568.128479003906 569.4794921875 570.960998535156 572.00830078125 574.624450683594 576.922058105469 579.125732421875 580.395690917969 582.481201171875 584.852478027344
470.217895507812 472.708404541016 475.285827636719 477.991088867188 480.689849853516 483.578521728516 485.699066162109 491.499908447266 494.981109619141 497.379333496094 500.61474609375 504.85791015625 507.907501220703 509.659118652344 511.897552490234 515.44775390625 518.994201660156 521.285949707031 524.956848144531 529.845153808594 533.395874023438 534.327087402344 534.591735839844 536.967590332031 539.852966308594 542.059020996094 544.427612304688 547.767761230469 549.814697265625 553.366516113281 556.671325683594 558.257934570312 557.276306152344 558.594604492188 561.464538574219 566.625854492188 567.569702148438 564.703063964844 566.497314453125 568.308654785156 569.129577636719 569.4287109375 571.413024902344 574.076599121094 576.166564941406 578.263488769531 580.154479980469 581.811584472656 583.271484375
470.536529541016 472.950164794922 475.228454589844 477.570495605469 480.459075927734 483.084625244141 485.87158203125 492.002319335938 495.446380615234 498.216888427734 501.944213867188 505.452301025391 508.233551025391 510.431365966797 511.892761230469 514.790466308594 517.734191894531 520.3291015625 526.401550292969 528.937072753906 531.609008789062 533.837524414062 537.824584960938 541.477966308594 542.307373046875 543.57177734375 545.587829589844 548.158142089844 550.9189453125 553.766418457031 555.811218261719 557.487121582031 557.85546875 559.00830078125 560.677429199219 562.192810058594 563.207946777344 564.486511230469 566.146728515625 567.02001953125 568.107604980469 568.568176269531 570.42041015625 573.900024414062 574.991760253906 576.199890136719 578.408935546875 579.214965820312 579.844360351562
470.300323486328 472.922546386719 475.246337890625 477.418090820312 480.082458496094 483.602722167969 487.017395019531 491.127746582031 494.483612060547 497.081665039062 500.757049560547 504.983001708984 507.503845214844 509.725555419922 512.293518066406 516.134460449219 518.899169921875 521.653442382812 527.748474121094 529.8046875 532.543823242188 535.029846191406 539.792053222656 543.627563476562 544.07275390625 544.102905273438 545.838562011719 548.470153808594 551.006286621094 554.498229980469 555.868835449219 557.450134277344 558.047790527344 558.870239257812 560.136657714844 561.368408203125 561.95751953125 563.664672851562 565.609436035156 566.70458984375 566.445251464844 565.607727050781 568.202880859375 570.533874511719 570.920959472656 573.040161132812 578.06103515625 578.777526855469 578.549255371094
469.599212646484 472.451354980469 474.846221923828 477.876892089844 480.9716796875 484.439514160156 487.245086669922 491.327484130859 494.259185791016 496.873138427734 500.498291015625 504.369567871094 507.016296386719 509.530548095703 513.104553222656 518.536254882812 521.422790527344 522.924987792969 528.885437011719 531.073669433594 533.244812011719 536.203674316406 539.8056640625 543.61669921875 545.7216796875 546.015075683594 547.27685546875 549.401123046875 551.420288085938 554.813293457031 555.915161132812 557.4755859375 558.415405273438 558.285095214844 559.057739257812 559.399536132812 559.170227050781 561.865966796875 564.817993164062 565.7255859375 564.567016601562 563.31494140625 565.467041015625 565.854431152344 568.235534667969 571.145202636719 576.187438964844 577.746887207031 577.720275878906
469.085571289062 471.825408935547 474.736907958984 477.938812255859 480.887512207031 484.533142089844 486.994171142578 492.136566162109 495.289093017578 497.7216796875 500.578399658203 503.590637207031 507.183441162109 511.3369140625 514.935852050781 519.646118164062 522.851013183594 523.85888671875 530.012817382812 532.703857421875 534.499084472656 536.973754882812 539.825744628906 542.897583007812 545.324401855469 547.750732421875 549.56591796875 550.165161132812 552.048889160156 555.472106933594 556.662963867188 557.850463867188 558.605895996094 557.967712402344 558.352905273438 558.88916015625 558.941528320312 561.690124511719 564.191467285156 565.83642578125 565.565673828125 561.017761230469 562.971435546875 563.421203613281 567.0390625 569.347595214844 573.276611328125 576.544555664062 576.551696777344
469.803588867188 472.233062744141 473.782897949219 477.696075439453 481.199981689453 484.294067382812 486.871063232422 493.428894042969 496.057800292969 498.299285888672 500.604522705078 504.049102783203 509.714233398438 516.651794433594 519.864868164062 521.025146484375 523.217163085938 525.449951171875 531.175720214844 533.383605957031 537.101989746094 539.481750488281 540.473754882812 542.599609375 545.824035644531 549.585571289062 550.525268554688 551.151184082031 553.131774902344 557.433654785156 559.086975097656 559.019836425781 559.942199707031 559.422302246094 558.365844726562 558.285827636719 558.817993164062 560.729919433594 563.000061035156 565.184020996094 565.083557128906 564.276794433594 566.239624023438 561.706359863281 564.176086425781 567.45361328125 572.178039550781 575.599304199219 574.384704589844
470.060729980469 472.669372558594 473.9150390625 477.664611816406 481.383056640625 484.231323242188 487.022308349609 494.36474609375 496.986267089844 499.858551025391 501.54931640625 504.364593505859 510.397827148438 517.541687011719 521.424743652344 521.84765625 523.564758300781 526.229370117188 532.683532714844 536.695068359375 540.457397460938 542.04052734375 542.23779296875 543.515747070312 547.7265625 550.928955078125 551.647033691406 552.966369628906 554.316162109375 558.255859375 559.993896484375 559.787475585938 560.961791992188 561.427856445312 560.106384277344 558.181274414062 558.226928710938 559.002746582031 561.735412597656 562.083129882812 558.752075195312 565.268188476562 573.049194335938 568.767761230469 566.244079589844 567.459533691406 572.933410644531 573.882629394531 572.826599121094
470.467376708984 472.719268798828 474.460021972656 477.342041015625 480.656677246094 483.994567871094 486.86376953125 493.613494873047 497.344146728516 501.115600585938 504.370513916016 505.520660400391 508.899841308594 515.417541503906 519.880981445312 522.169555664062 524.12060546875 526.8642578125 533.143005371094 538.802978515625 541.38330078125 541.984619140625 543.10693359375 545.659240722656 548.7685546875 550.848937988281 552.858276367188 553.813842773438 555.306945800781 558.823913574219 559.823059082031 560.866027832031 562.443908691406 563.042236328125 562.491088867188 561.540771484375 562.56640625 560.720764160156 557.83740234375 556.585510253906 554.182006835938 569.411376953125 577.261474609375 575.291809082031 572.04052734375 568.574462890625 572.16748046875 571.406311035156 571.616149902344
470.910766601562 472.889343261719 475.114440917969 477.777191162109 480.470703125 483.630767822266 486.269989013672 494.196960449219 498.778564453125 503.446746826172 506.849548339844 507.814056396484 509.920989990234 518.712341308594 528.892883300781 528.655395507812 526.930480957031 529.550903320312 533.742248535156 539.448364257812 542.483520507812 542.514709472656 544.687072753906 547.7802734375 550.25 552.231872558594 554.256774902344 555.812255859375 557.02880859375 560.332092285156 561.755615234375 563.319458007812 564.114318847656 564.235229492188 562.986572265625 561.475219726562 561.487915039062 562.264465332031 559.027282714844 553.378051757812 554.011474609375 563.60498046875 566.868103027344 567.548889160156 567.824768066406 569.508178710938 572.26220703125 570.967346191406 571.453369140625
