rcp4.5models/CNRM_CM5/sc1gr6.20
NCOLS 261 
NROWS 433 
XLLCORNER 336357.134 
YLLCORNER 654653.479 
CELLSIZE 1000 
NODATA_value -3.4e+38 
[rows 198 to 219 of 433, columns 196 to 244 of 261]
1687.31188964844 1684.85485839844 1686.47412109375 1690.87915039062 1695.04479980469 1698.5048828125 1701.88989257812 1704.54223632812 1705.04541015625 1706.65808105469 -3.4e+38 1710.44714355469 1712.31616210938 1713.98962402344 1716.18078613281 1717.85546875 1719.98168945312 1723.0478515625 1728.33227539062 1729.90783691406 -3.4e+38 -3.4e+38 -3.4e+38 -3.4e+38 -3.4e+38 -3.4e+38 -3.4e+38 -3.4e+38 -3.4e+38 -3.4e+38 -3.4e+38 -3.4e+38 -3.4e+38 -3.4e+38 -3.4e+38 -3.4e+38 -3.4e+38 -3.4e+38 -3.4e+38 -3.4e+38 -3.4e+38 -3.4e+38 -3.4e+38 -3.4e+38 -3.4e+38 -3.4e+38 -3.4e+38 -3.4e+38 -3.4e+38
1691.69506835938 1691.31176757812 1691.91711425781 1694.51086425781 1698.63049316406 1702.79553222656 1705.67248535156 1706.88562011719 1707.10729980469 1708.38146972656 -3.4e+38 1713.57727050781 1714.71643066406 1716.65161132812 1718.61071777344 1719.83666992188 1722.59704589844 1725.20886230469 -3.4e+38 1733.24951171875 -3.4e+38 -3.4e+38 -3.4e+38 -3.4e+38 -3.4e+38 -3.4e+38 -3.4e+38 -3.4e+38 -3.4e+38 -3.4e+38 -3.4e+38 -3.4e+38 -3.4e+38 -3.4e+38 -3.4e+38 -3.4e+38 -3.4e+38 -3.4e+38 -3.4e+38 -3.4e+38 -3.4e+38 -3.4e+38 -3.4e+38 -3.4e+38 -3.4e+38 -3.4e+38 -3.4e+38 -3.4e+38 -3.4e+38
1694.98510742188 1696.82189941406 -3.4e+38 1697.98168945312 1702.77368164062 1707.62854003906 1709.18298339844 1710.02307128906 -3.4e+38 1712.59423828125 1713.86840820312 1715.82580566406 1717.84948730469 1720.26428222656 1721.36437988281 1723.31518554688 1726.18566894531 1726.52319335938 1732.09631347656 1734.91235351562 1735.09753417969 -3.4e+38 -3.4e+38 -3.4e+38 -3.4e+38 -3.4e+38 -3.4e+38 -3.4e+38 -3.4e+38 -3.4e+38 -3.4e+38 -3.4e+38 -3.4e+38 -3.4e+38 -3.4e+38 -3.4e+38 -3.4e+38 -3.4e+38 -3.4e+38 -3.4e+38 -3.4e+38 -3.4e+38 -3.4e+38 -3.4e+38 -3.4e+38 -3.4e+38 -3.4e+38 -3.4e+38 -3.4e+38
1695.1728515625 1696.16955566406 1697.646484375 1701.271484375 1707.20532226562 1710.22277832031 1710.564453125 1713.43188476562 1715.5302734375 1717.484375 1717.53771972656 1718.33129882812 1720.79406738281 1722.56262207031 1723.72546386719 1726.36645507812 1728.17346191406 1728.01171875 1732.71960449219 1735.78527832031 1737.88562011719 -3.4e+38 -3.4e+38 -3.4e+38 -3.4e+38 -3.4e+38 -3.4e+38 -3.4e+38 -3.4e+38 -3.4e+38 -3.4e+38 -3.4e+38 -3.4e+38 -3.4e+38 -3.4e+38 -3.4e+38 -3.4e+38 -3.4e+38 -3.4e+38 -3.4e+38 -3.4e+38 -3.4e+38 -3.4e+38 -3.4e+38 -3.4e+38 -3.4e+38 -3.4e+38 -3.4e+38 -3.4e+38
1696.35595703125 1696.58020019531 1700.17443847656 1704.21032714844 1709.50805664062 1712.38073730469 1714.19799804688 1721.99487304688 1723.45434570312 1723.66162109375 1723.95471191406 1724.71154785156 1723.55480957031 1724.39904785156 1726.71887207031 1728.15380859375 1729.99462890625 1730.50988769531 1733.359375 -3.4e+38 1739.59716796875 1742.31970214844 -3.4e+38 -3.4e+38 -3.4e+38 -3.4e+38 -3.4e+38 -3.4e+38 -3.4e+38 -3.4e+38 -3.4e+38 -3.4e+38 -3.4e+38 -3.4e+38 -3.4e+38 -3.4e+38 -3.4e+38 -3.4e+38 -3.4e+38 -3.4e+38 -3.4e+38 -3.4e+38 -3.4e+38 -3.4e+38 -3.4e+38 -3.4e+38 -3.4e+38 -3.4e+38 -3.4e+38
1699.34790039062 1700.40502929688 1705.44055175781 1708.29040527344 1711.25158691406 1714.72351074219 1717.95336914062 1726.90161132812 1726.68395996094 1726.23425292969 1727.29040527344 1728.40478515625 1727.15942382812 1727.41662597656 1731.07836914062 -3.4e+38 1734.57604980469 1735.05200195312 1735.11877441406 1738.07849121094 -3.4e+38 -3.4e+38 1745.98791503906 -3.4e+38 -3.4e+38 -3.4e+38 -3.4e+38 -3.4e+38 -3.4e+38 -3.4e+38 -3.4e+38 -3.4e+38 -3.4e+38 -3.4e+38 -3.4e+38 -3.4e+38 -3.4e+38 -3.4e+38 -3.4e+38 -3.4e+38 -3.4e+38 -3.4e+38 -3.4e+38 -3.4e+38 -3.4e+38 -3.4e+38 -3.4e+38 -3.4e+38 -3.4e+38
1703.68603515625 1706.06176757812 1708.21069335938 1710.27026367188 1713.01782226562 1714.62670898438 1716.80358886719 1725.92065429688 1728.48278808594 1728.04016113281 1729.06848144531 1729.650390625 1731.47485351562 1732.80346679688 1737.11022949219 1737.46118164062 1739.50915527344 1737.92639160156 -3.4e+38 1743.70715332031 1747.48620605469 1746.84375 -3.4e+38 1750.19897460938 1753.23474121094 -3.4e+38 -3.4e+38 -3.4e+38 -3.4e+38 -3.4e+38 -3.4e+38 -3.4e+38 -3.4e+38 -3.4e+38 -3.4e+38 -3.4e+38 -3.4e+38 -3.4e+38 -3.4e+38 -3.4e+38 -3.4e+38 -3.4e+38 -3.4e+38 -3.4e+38 -3.4e+38 -3.4e+38 -3.4e+38 -3.4e+38 -3.4e+38
1707.67517089844 1710.3466796875 1708.85534667969 1709.63879394531 1712.79162597656 1714.0341796875 1715.94006347656 1725.0703125 1731.01147460938 1731.42346191406 1734.40075683594 1736.45959472656 1736.2451171875 1738.34448242188 1741.56433105469 1740.20166015625 1741.43493652344 1739.42626953125 -3.4e+38 1747.4873046875 1750.95825195312 1749.39172363281 1749.64782714844 -3.4e+38 1753.94494628906 1756.11120605469 -3.4e+38 -3.4e+38 -3.4e+38 -3.4e+38 -3.4e+38 -3.4e+38 -3.4e+38 -3.4e+38 -3.4e+38 -3.4e+38 -3.4e+38 -3.4e+38 -3.4e+38 -3.4e+38 -3.4e+38 -3.4e+38 -3.4e+38 -3.4e+38 -3.4e+38 -3.4e+38 -3.4e+38 -3.4e+38 -3.4e+38
1707.35107421875 1710.01953125 1710.39501953125 1710.22216796875 1712.974609375 1714.91088867188 1716.95544433594 1726.07507324219 1730.65441894531 1731.03845214844 1736.21887207031 1739.89587402344 1739.95263671875 1740.57275390625 1740.97229003906 1740.36401367188 1740.35681152344 1742.34228515625 1746.69128417969 1749.81799316406 1751.41967773438 1750.74658203125 1751.45129394531 -3.4e+38 1754.13891601562 1758.16247558594 -3.4e+38 -3.4e+38 -3.4e+38 -3.4e+38 -3.4e+38 -3.4e+38 -3.4e+38 -3.4e+38 -3.4e+38 -3.4e+38 -3.4e+38 -3.4e+38 -3.4e+38 -3.4e+38 -3.4e+38 -3.4e+38 -3.4e+38 -3.4e+38 -3.4e+38 -3.4e+38 -3.4e+38 -3.4e+38 -3.4e+38
1707.84448242188 1709.75866699219 1712.51989746094 1712.33056640625 1714.53564453125 1716.38586425781 1718.72399902344 1725.03686523438 1727.44226074219 1728.4677734375 1732.62707519531 1736.52136230469 1739.6728515625 1740.43408203125 1740.59924316406 1741.32067871094 1741.78869628906 1745.66796875 1752.318359375 1753.79406738281 1751.50366210938 1752.0859375 1753.35815429688 1754.37536621094 1756.35705566406 -3.4e+38 1761.92419433594 -3.4e+38 -3.4e+38 -3.4e+38 -3.4e+38 -3.4e+38 -3.4e+38 -3.4e+38 -3.4e+38 -3.4e+38 -3.4e+38 -3.4e+38 -3.4e+38 -3.4e+38 -3.4e+38 -3.4e+38 -3.4e+38 -3.4e+38 -3.4e+38 -3.4e+38 -3.4e+38 -3.4e+38 -3.4e+38
1710.52905273438 1712.18078613281 1713.72009277344 1714.50158691406 1716.37915039062 1718.83679199219 1722.47253417969 1725.98229980469 1727.25366210938 1730.00109863281 -3.4e+38 1736.64538574219 1740.09057617188 1743.85607910156 1744.68737792969 1745.24279785156 1747.68408203125 1751.2001953125 1754.1875 1755.29028320312 1756.40173339844 1759.11206054688 1761.21752929688 1760.67834472656 1761.36767578125 1763.51574707031 1764.70349121094 -3.4e+38 -3.4e+38 -3.4e+38 -3.4e+38 -3.4e+38 -3.4e+38 -3.4e+38 -3.4e+38 -3.4e+38 -3.4e+38 -3.4e+38 -3.4e+38 -3.4e+38 -3.4e+38 -3.4e+38 -3.4e+38 -3.4e+38 -3.4e+38 -3.4e+38 -3.4e+38 -3.4e+38 -3.4e+38
1712.04272460938 1713.34924316406 1716.23937988281 1717.58630371094 1719.712890625 1721.22607421875 1724.41259765625 1728.95556640625 1730.13537597656 1731.74914550781 1733.47741699219 1737.27368164062 1741.79919433594 -3.4e+38 -3.4e+38 1747.03979492188 1748.67797851562 1749.78454589844 1754.36486816406 1756.28149414062 1757.61474609375 1760.27111816406 1762.36340332031 1762.3251953125 1763.33349609375 1764.66491699219 1765.89770507812 -3.4e+38 -3.4e+38 -3.4e+38 -3.4e+38 -3.4e+38 -3.4e+38 -3.4e+38 -3.4e+38 -3.4e+38 -3.4e+38 -3.4e+38 -3.4e+38 -3.4e+38 -3.4e+38 -3.4e+38 -3.4e+38 -3.4e+38 -3.4e+38 -3.4e+38 -3.4e+38 -3.4e+38 -3.4e+38
1714.31872558594 1715.83251953125 1718.16674804688 1720.19982910156 1723.15222167969 1723.97399902344 1726.94665527344 1732.72094726562 1733.12292480469 1733.91137695312 1735.66674804688 1738.564453125 1742.19580078125 -3.4e+38 -3.4e+38 -3.4e+38 1750.89025878906 1749.82702636719 1754.12365722656 1755.75988769531 1756.42419433594 1759.43127441406 1761.62756347656 1763.83972167969 1764.46154785156 1765.97314453125 1767.744140625 -3.4e+38 -3.4e+38 -3.4e+38 -3.4e+38 -3.4e+38 -3.4e+38 -3.4e+38 -3.4e+38 -3.4e+38 -3.4e+38 -3.4e+38 -3.4e+38 -3.4e+38 -3.4e+38 -3.4e+38 -3.4e+38 -3.4e+38 -3.4e+38 -3.4e+38 -3.4e+38 -3.4e+38 -3.4e+38
1718.21142578125 1720.08618164062 1721.84497070312 1723.32885742188 1727.24035644531 1728.37463378906 1730.09045410156 1736.96740722656 1736.41345214844 1736.75671386719 1738.71984863281 1740.43432617188 1743.40344238281 1743.97827148438 -3.4e+38 1750.35595703125 1753.38366699219 1751.6611328125 1754.25256347656 1755.95654296875 1757.05798339844 1759.48510742188 1761.82495117188 1765.02819824219 1766.09753417969 -3.4e+38 1771.34790039062 1772.90551757812 1774.76403808594 1776.85534667969 -3.4e+38 -3.4e+38 -3.4e+38 -3.4e+38 -3.4e+38 -3.4e+38 -3.4e+38 -3.4e+38 -3.4e+38 -3.4e+38 -3.4e+38 -3.4e+38 -3.4e+38 -3.4e+38 -3.4e+38 -3.4e+38 -3.4e+38 -3.4e+38 -3.4e+38
1726.8037109375 1727.24304199219 1726.78344726562 1729.02856445312 1732.58544921875 1733.44567871094 1734.23999023438 1737.13598632812 1738.0517578125 1738.79321289062 1739.79138183594 1742.3017578125 1745.29406738281 1745.63171386719 1747.625 1750.81811523438 1753.51782226562 1754.58325195312 1756.00695800781 1757.30712890625 1759.39306640625 1760.91833496094 1762.8642578125 1765.49047851562 -3.4e+38 1771.41931152344 1773.95678710938 1774.42321777344 1776.18334960938 1777.95751953125 -3.4e+38 -3.4e+38 -3.4e+38 -3.4e+38 -3.4e+38 -3.4e+38 -3.4e+38 -3.4e+38 -3.4e+38 -3.4e+38 -3.4e+38 -3.4e+38 -3.4e+38 -3.4e+38 -3.4e+38 -3.4e+38 -3.4e+38 -3.4e+38 -3.4e+38
1730.80249023438 1732.61254882812 1731.66760253906 1734.05688476562 1737.43981933594 1738.38708496094 1739.14367675781 1738.05834960938 1740.40771484375 1743.73706054688 1744.57922363281 1745.81909179688 1748.55285644531 1747.439453125 1749.21484375 1752.16101074219 1753.96545410156 1755.91723632812 1758.52697753906 1760.21911621094 1761.12426757812 1762.88000488281 1765.38439941406 1767.12670898438 1768.48742675781 1773.14819335938 1775.10144042969 1775.47375488281 1778.55053710938 1779.71264648438 -3.4e+38 -3.4e+38 -3.4e+38 -3.4e+38 -3.4e+38 -3.4e+38 -3.4e+38 -3.4e+38 -3.4e+38 -3.4e+38 -3.4e+38 -3.4e+38 -3.4e+38 -3.4e+38 -3.4e+38 -3.4e+38 -3.4e+38 -3.4e+38 -3.4e+38
1733.36682128906 1735.76879882812 1737.22961425781 1737.93151855469 1739.486328125 1740.23034667969 1742.36413574219 1744.00402832031 1745.42895507812 1751.18518066406 1751.60485839844 1750.54150390625 1750.18908691406 1750.01147460938 1750.56591796875 1752.81420898438 1755.58190917969 1757.20581054688 1760.57995605469 1762.24633789062 1763.22741699219 1764.39624023438 1767.32397460938 1769.29467773438 1770.5537109375 1774.51989746094 1776.11352539062 1777.05456542969 1779.87280273438 1782.23376464844 -3.4e+38 -3.4e+38 -3.4e+38 -3.4e+38 -3.4e+38 -3.4e+38 -3.4e+38 -3.4e+38 -3.4e+38 -3.4e+38 -3.4e+38 -3.4e+38 -3.4e+38 -3.4e+38 -3.4e+38 -3.4e+38 -3.4e+38 -3.4e+38 -3.4e+38
1736.22570800781 1738.26086425781 1740.55688476562 1740.64489746094 1741.15075683594 1740.47790527344 1741.94287109375 1749.07165527344 1750.38671875 1753.4921875 1754.57873535156 1754.71630859375 1754.09216308594 1754.92077636719 1755.06872558594 1755.48425292969 1757.89709472656 1760.09777832031 1762.58874511719 1763.56970214844 1765.53674316406 1766.11352539062 1768.08544921875 1770.2001953125 1772.38989257812 1774.92443847656 1777.27770996094 1779.59826660156 1780.89562988281 1783.51098632812 -3.4e+38 -3.4e+38 -3.4e+38 -3.4e+38 -3.4e+38 -3.4e+38 -3.4e+38 -3.4e+38 -3.4e+38 -3.4e+38 -3.4e+38 -3.4e+38 -3.4e+38 -3.4e+38 -3.4e+38 -3.4e+38 -3.4e+38 -3.4e+38 -3.4e+38
1739.2216796875 1740.33813476562 1742.01330566406 1742.59008789062 1742.65307617188 1741.73022460938 1742.89099121094 1748.21765136719 1750.84606933594 1752.75354003906 1754.59301757812 1756.90710449219 1758.439453125 1759.02563476562 1758.02490234375 1757.53271484375 1759.31530761719 1761.16369628906 1763.88012695312 1765.91918945312 1767.17138671875 1767.86364746094 1770.28137207031 1771.17236328125 1773.57751464844 1776.2783203125 1778.69091796875 1781.40588378906 1783.20983886719 1784.28186035156 -3.4e+38 -3.4e+38 -3.4e+38 -3.4e+38 -3.4e+38 -3.4e+38 -3.4e+38 -3.4e+38 -3.4e+38 -3.4e+38 -3.4e+38 -3.4e+38 -3.4e+38 -3.4e+38 -3.4e+38 -3.4e+38 -3.4e+38 -3.4e+38 -3.4e+38
1744.4697265625 1745.73510742188 1746.83874511719 1744.43041992188 1743.49975585938 1745.57470703125 1748.43823242188 1747.37585449219 1749.18505859375 1752.07543945312 1753.67749023438 1755.28564453125 1756.63452148438 1758.35827636719 1758.15478515625 1758.76635742188 1760.32641601562 1762.37219238281 1765.44836425781 1767.53015136719 1768.22998046875 1769.67150878906 1772.31091308594 1773.11669921875 1774.61926269531 -3.4e+38 -3.4e+38 1782.22216796875 1784.12048339844 1786.07653808594 -3.4e+38 -3.4e+38 -3.4e+38 -3.4e+38 -3.4e+38 -3.4e+38 -3.4e+38 -3.4e+38 -3.4e+38 -3.4e+38 -3.4e+38 -3.4e+38 -3.4e+38 -3.4e+38 -3.4e+38 -3.4e+38 -3.4e+38 -3.4e+38 -3.4e+38
1752.22412109375 1749.80993652344 1750.93115234375 1748.19079589844 1747.70739746094 1750.65026855469 1752.94482421875 1749.01086425781 1750.74877929688 1751.97888183594 1753.54223632812 1754.96850585938 1755.59875488281 1757.65661621094 1760.10339355469 1760.89978027344 1761.85229492188 1764.30114746094 1766.68627929688 1768.57409667969 1769.517578125 1770.9853515625 1772.76428222656 1775.01416015625 -3.4e+38 -3.4e+38 1781.17358398438 1784.302734375 1784.7890625 1787.69787597656 1789.7001953125 -3.4e+38 -3.4e+38 -3.4e+38 -3.4e+38 -3.4e+38 -3.4e+38 -3.4e+38 -3.4e+38 -3.4e+38 -3.4e+38 -3.4e+38 -3.4e+38 -3.4e+38 -3.4e+38 -3.4e+38 -3.4e+38 -3.4e+38 -3.4e+38
1762.18029785156 1757.81042480469 1754.74938964844 1753.29858398438 1753.39685058594 1758.75646972656 1756.29553222656 1752.52990722656 1754.87243652344 1754.38500976562 1754.98645019531 1757.34045410156 1758.32922363281 1759.84545898438 1762.01428222656 1763.07629394531 1763.13330078125 1765.82238769531 1768.193359375 1770.38403320312 1771.69738769531 1773.68627929688 1777.04296875 1780.0966796875 1778.81091308594 -3.4e+38 -3.4e+38 1786.14013671875 1786.63659667969 1788.8544921875 1792.32055664062 -3.4e+38 -3.4e+38 -3.4e+38 -3.4e+38 -3.4e+38 -3.4e+38 -3.4e+38 -3.4e+38 -3.4e+38 -3.4e+38 -3.4e+38 -3.4e+38 -3.4e+38 -3.4e+38 -3.4e+38 -3.4e+38 -3.4e+38 -3.4e+38
