rcp4.5models/CNRM_CM5/sc1gr5.6
NCOLS 261 
NROWS 433 
XLLCORNER 336357.134 
YLLCORNER 654653.479 
CELLSIZE 1000 
NODATA_value -9999 
[rows 242 to 263 of 433, columns 100 to 149 of 261]
284.094370843838 283.107230787558 282.902211360821 282.738598354577 282.4619487222 -9999 281.354318118998 281.424334096613 280.907589630881 280.428886615096 280.06283748966 279.946270862635 278.979129392394 277.669514597631 272.607018067972 265.784757535657 264.545168470746 263.974289810689 263.48537413219 263.918372711159 265.534127557668 265.559522611939 264.982227107801 264.615352053817 271.708046231474 -9999 271.343449256398 271.249708666533 275.463716985182 274.680928063883 273.408995949108 274.399736505269 274.008072327675 272.80283822667 275.190905454528 271.500218521696 276.305738967405 277.692304796824 275.980201674491 270.308616256759 268.747933622808 276.559015432859 277.639673274983 278.645403385793 279.441733128024 279.700097984389 279.811436574226 278.659777321499 275.137382171711 269.806693479167
281.998697011364 283.294639780267 282.7612736277 282.422434257457 281.558421335113 281.36823321272 281.66497903508 281.456789198295 280.743838183113 280.31297000564 279.725226398609 278.898430899489 275.470829386838 273.778532962323 273.017683578955 264.857717212449 263.509266168133 262.872845068452 263.265219558289 264.037102585136 265.618783737492 265.518551201024 264.909315824736 266.829497919342 268.775093598269 271.577058703235 271.149786114401 268.962012931389 269.327794765976 263.921141643692 258.777773896088 259.112363066187 265.630146671103 272.689133800449 273.492643095439 266.358122136643 266.351259864641 276.195406706197 275.678016405755 268.871967708504 262.951817092026 270.517060814819 274.559094109712 278.150713303294 279.250938869503 279.416938986714 279.349897199398 278.123623681818 274.888584589238 271.07435688301
281.80511145586 282.741192014825 281.347978716584 282.361941221461 281.273731524591 280.965465242458 281.25894246567 281.301064851991 280.391352842844 279.811110778072 279.187686710846 278.253015104063 273.109100366174 270.909607718584 271.040143163695 259.695031709431 256.393639563426 256.648425520472 263.01195659899 264.669929061782 265.671571794023 265.084434855183 265.326573064104 267.724146362672 271.142069104817 272.764567207947 271.055986952481 267.356633209335 265.794017131458 263.45371989901 257.598786472717 251.759455018648 258.496898438729 270.424676608971 270.191790415786 264.108251965762 263.574646654678 275.829385595815 274.487026527775 267.838139260602 261.036409427245 266.795560968081 271.979601137626 277.222629219556 279.081935433142 279.388736948259 278.829409622588 277.580359893251 273.765290088464 270.422250084829
283.27683946589 281.116209922521 279.791795357197 281.998530027515 280.725473314851 280.435617942626 280.922626537438 280.885539280824 280.198902216772 279.961669690018 278.998845577097 277.948716089246 269.247230561738 269.688214729458 269.291409096352 252.378846085133 241.532804297828 244.528635980279 261.805944419378 264.880406584338 265.265339362633 263.789535413006 264.200837140921 267.688254071494 271.651803042964 272.021735969639 271.355372871364 268.127009157335 264.139598256933 259.149171096076 253.881858528815 248.600531166217 251.400678914965 261.601952198188 262.523431350799 262.17532441122 263.226673327434 271.999251218524 271.844950087166 266.992329559792 260.248545477702 263.496553246494 270.809767523644 275.624097222469 278.730939576523 279.326999260119 278.314964708375 276.677801735658 271.741178626634 268.366633798094
283.110342694449 280.82308490225 280.518263761453 281.632409627735 280.508318945039 280.217668993004 280.835377053361 280.832636434001 280.53789832342 280.240799379751 279.300574570885 278.154718436636 264.980426634284 267.622516833186 270.713412826949 253.922161084743 231.708376661023 234.825167883444 258.237478970078 263.2555467511 264.19939206504 261.992162638777 262.34313930041 267.23259326131 269.217579823345 269.885804852004 269.449332166674 265.182220077315 260.28800696615 250.030795356653 241.433117906618 239.204778666141 236.702843743426 240.159754293537 245.120063445541 258.154049578909 259.566747072116 265.98170904219 270.084524129543 267.426483904817 260.377608160012 261.954086838178 271.202159504101 276.453049712613 278.532759213698 279.125133415234 277.828124528327 276.597074642166 271.796079883779 266.71755271976
282.942714355842 281.996129998941 281.472396047342 281.313392893992 280.636467940934 280.005835786236 280.598559571767 280.794111927795 280.894148614423 280.44154498416 279.186445301491 277.895679342242 266.213409969974 268.366901615733 271.423264455957 255.019912719076 234.302176920606 243.136962125166 260.130947404032 262.782146364464 263.118460591644 261.846977571082 263.145632829816 266.272608671797 266.752841665793 268.479759624037 268.564901492873 263.915355322238 257.713631979352 246.842320421763 238.65256759261 231.725944527903 223.087844025669 227.825399392779 236.350369871344 256.538692453059 259.481940885057 266.15103734541 269.580403808768 268.964849977698 261.571999178637 259.068369666941 269.134990007787 277.366035715576 278.279336869904 278.904095546855 277.89633032066 277.096586058756 273.388110847462 269.193425691197
283.031249201354 282.74910548271 282.041003655744 281.442763924919 280.93130107564 280.405121559288 280.346474503071 280.716592690047 281.148218934662 280.43451229389 279.20672449262 278.221524628099 273.701208120754 274.09591514646 273.821057676049 259.47857741461 241.239158071147 251.95717957688 262.560221917749 264.155331619494 263.645829369131 263.199579369169 264.882819460894 265.463107313131 267.438379777724 269.330571408612 269.852570360456 266.32335866565 256.183820428322 241.586066170072 234.981637013838 226.319624522431 222.331369462981 233.208174482828 241.643558502163 260.732386755717 264.410332331983 267.100056415799 267.014384728964 267.388994319519 262.553061774363 257.475258213 266.962585024659 276.02225960736 277.498527556605 278.646984163297 278.115663541369 277.26694217596 274.799802587223 273.001556026893
283.165163062905 279.553499285441 282.275269021398 282.102419850868 281.553074117442 280.870265764435 280.333641876269 281.227624768046 281.257666183236 280.557700321257 280.070700942127 279.468824236118 277.558147249155 277.935588961144 276.817144667289 266.466972004762 247.988882310791 250.125725197605 261.142257487322 264.313522411467 264.076485393475 263.398187139396 264.640515728145 265.114756010309 268.7301673927 270.099779282031 270.015345719308 265.540198862276 253.381026515942 239.238973895169 233.821429977584 228.285656657231 228.799763169516 243.125549783794 253.098348587815 262.864894537715 262.576044397855 263.364365187883 261.892381344554 261.54658098125 260.667928932165 257.201953734166 265.862992363919 274.666682262715 277.48485298692 278.3413041596 277.685569542942 276.862977717481 274.064833238021 270.856348851431
282.115261593341 275.397104463237 282.132946249328 282.301223283291 281.325731939772 280.247124484556 280.117581298393 281.154032068051 281.297614937876 280.820270520662 280.26315786995 279.727680125736 277.48595509524 276.780430340063 275.324040997248 268.058664935219 256.364988225404 256.793975046499 262.738366655461 263.686448541303 262.880405870609 263.696721367924 265.88494127037 266.827466820657 269.690245130196 268.811914797739 266.142204542205 262.854191263271 254.218965633522 245.20351333219 241.105284046088 234.829614273014 232.922250116522 248.175103862178 256.190593317011 260.124496670474 257.749769653855 259.949324620985 258.721308994619 257.19384957701 257.756146695301 254.953797722986 264.715551465399 274.277357338038 276.327572194538 277.531961169063 276.778616233447 275.897197001245 273.453318928211 268.315162112335
282.574113643238 276.932261712154 281.83406165294 282.338077753381 281.04888981746 280.01062129664 280.777844960622 281.158801197553 281.27814291031 280.67790922686 279.560799890216 278.065957901523 278.48426756515 277.112222200217 274.704207511857 267.673703052696 261.719973165904 263.394431931643 264.373448544527 263.149739460988 261.075389235535 263.230081989562 265.578393452742 266.766874487608 268.887403132678 267.091299054201 260.517395490292 258.989602357157 255.148530854469 247.291503736936 238.965297520558 232.437885162534 234.472227624053 245.180735611666 247.12966497917 253.494683810401 252.016723506795 258.372642688629 257.632083970394 255.623411081116 256.466349872761 253.390730935198 263.629004341351 272.516416937814 273.251053124016 275.693584825737 275.846203497286 275.588841094875 275.143513649235 270.466514662419
283.894346023702 280.544456236859 281.661169169299 282.52178535978 281.137143079067 280.163864355889 281.39807949426 281.483386900757 281.352791889863 280.722215073125 279.290348704926 276.738077523245 278.942697779627 277.828439261357 273.963900027876 266.745509940555 260.531564115869 262.711093449151 264.002601896041 262.373548425102 259.858339290785 261.747555966007 264.542076956222 265.293859668188 268.422192530643 266.581054774329 258.963983594212 255.355917783259 253.83357073443 246.358684025334 233.569797589853 226.085185971609 231.124744093831 235.417578045971 234.516172849261 245.94142097253 245.369920003415 253.899035193194 255.712380228445 256.074745558326 255.946998547065 254.036853156 262.241630982785 270.098964152525 270.079270900036 273.510760094819 274.449118890933 275.585133183568 274.78535172048 270.479781143395
284.092667707964 282.345789354432 282.18059359302 282.53574084561 281.437662161876 280.944313901428 281.62046819095 281.400516650969 281.113742713589 280.705731187473 279.601139505006 277.131698418836 277.946149819702 276.127232336621 269.594201989437 264.024897190169 259.804470151082 262.373817335313 263.88762466097 261.184123228355 257.295440084971 261.091931963712 264.673889377102 265.655586054392 267.281302471499 267.433865788394 262.773567022263 256.607280784638 254.519125661933 245.091856411268 235.215614189775 224.138329376983 224.460887230848 223.095223757621 222.39569443526 238.530602347971 240.933054208001 248.698350536999 254.692883921926 255.861649942988 255.301896245753 256.854827052109 262.361741393324 271.632337539541 272.477745892725 274.36923919753 274.385721951542 274.527101285802 274.165823008481 269.379880156142
283.974425292824 283.012931559144 282.557142361181 -9999 281.79898108458 281.689490333752 281.678719867819 280.694658135847 280.180272205462 280.563011704595 279.968391826346 278.665226524426 276.739002932831 274.664407915817 267.602835247666 260.267960401196 260.791563170252 262.328076970893 264.197359223649 258.116332771834 250.051329509949 259.726379409358 265.275186968564 266.552875255575 267.051962156439 267.589807391078 265.573270911172 259.019201745049 256.568461612194 247.892048483999 243.863591861996 234.288089194432 228.268212635695 223.042371790522 219.954645241671 237.65805584593 242.964060976019 251.49139927094 254.507263083583 253.217648254813 255.209397928377 263.051841580819 267.252292643173 273.368200525561 274.094722048298 274.989030125955 275.459435094908 274.351846853703 275.07208151292 271.896885700366
283.867043572716 283.7734297516 283.039639618814 -9999 282.263656953442 281.741097187261 281.105062398892 279.721929734429 278.884740909933 279.220876376435 279.277673533247 279.541617665123 275.694517630386 272.601771857982 271.456296149734 262.675654257814 253.17598408898 257.560450075367 262.583579103918 260.312175873439 254.981682192755 260.784527029105 265.511375781082 266.157542046364 266.320509110427 264.72493471238 266.372843272231 265.574974950826 262.178773755241 257.015433251188 252.466547373636 244.355658235893 237.450773702765 226.281008070689 217.449350050094 234.56263200469 247.023490567496 245.738881707689 236.967094978874 246.213544069697 262.776095945026 269.404422874479 268.123436930272 259.114894523605 258.009148926872 266.162352823729 270.303685394365 269.567928709488 270.814985572914 268.840943244083
283.612195025911 283.307157413402 282.804936318257 282.589742671363 282.064672767758 280.102513725064 278.404730841886 279.823308075483 278.340464622163 279.313771745606 279.384765331483 279.370399354858 275.330699674868 271.605756112736 271.787790980263 265.220979215204 254.442774050433 258.379788057984 262.84626118583 260.078907980603 254.744698458669 260.080043485024 265.443162865781 266.26481939212 265.187319972923 262.2042706528 264.685616930032 263.787738016491 260.223786132704 260.532740791847 253.554170906678 245.04941822098 237.532991460458 230.272738722876 220.848011009865 234.652861879667 244.577118662061 241.755083757096 241.344510455785 255.079199848507 267.630905925786 268.771595422653 263.556773680818 256.323845405867 255.862745925257 262.989910287539 269.222850990115 267.057440953083 269.875323788168 267.426532036142
283.465761315853 283.151087799475 282.876953787832 282.681236604146 282.231911934677 278.433072271918 275.224907404595 277.693806634448 274.267480473777 277.699813905112 279.498614943118 278.664925914959 277.53172128862 274.031495098683 271.133945587044 264.11822106062 253.822803279675 257.401397806607 261.836569288994 259.196051838262 254.022993663892 259.933963264806 265.875121054987 267.112532755415 265.341577265447 262.000392618166 264.012787421184 264.031771124435 259.977343690159 258.06084454659 254.013536118294 247.563239572464 239.184293696819 232.724298030235 223.744963244294 232.809133918337 240.447308889206 238.870437395699 249.298443343325 264.951654480175 267.878669360444 259.914279305474 254.843117993268 251.009917862918 254.159165472238 262.331660197283 267.225329921324 264.772385007842 266.745811951768 267.279179280619
283.13449700016 283.112066401903 282.862661445176 282.778801170231 282.369480865925 277.683857505462 270.554879134828 267.908770794664 265.288282807242 273.283390708577 278.885015625012 277.995195044001 276.132562809381 276.590244199478 270.897982874972 261.238533036816 248.513071727288 247.251668162847 254.077833287206 252.717268830129 245.974765062933 256.084335393226 266.298092038708 266.802988340499 264.17991159059 262.312861552183 264.347476432426 264.364364463979 258.503702319054 251.49777636514 250.102053384738 243.092403646099 231.084200954805 223.635297461169 218.85746954854 231.772324028681 236.980378316517 236.931279762959 248.198233127721 262.020306721148 260.227417544951 245.969075831924 241.803350260636 246.243604711993 253.888097616315 259.607696629185 262.016654635841 262.242494940123 265.067865137309 267.300430839884
282.730865422638 282.913819194022 282.599123087099 282.267974224226 281.954947888437 279.3886557848 270.10836664176 257.501361473117 257.04947798608 270.609032325592 278.828917168011 278.180565813519 271.791466581605 272.488771801553 267.546547710161 261.075441847831 243.332845446163 231.188624083466 238.912437670046 241.287808146838 234.004626239264 250.562296498968 265.822087578391 266.56882979416 263.54544920489 262.460781625837 263.859809027963 262.222998440459 254.558479379951 246.770504957657 246.730373209474 239.411124766649 224.93677972432 212.251265042698 208.445998585692 228.157814386372 230.647396625587 239.035139023324 249.415722882788 258.26488707692 254.078601976607 239.165084692095 234.333609960652 241.665749839468 245.203410918548 249.969722190981 255.633431799356 258.613266094553 263.120214904415 265.041523945922
282.526294498115 282.84088598671 282.593409950392 282.19959890985 281.487299086307 280.114171903188 270.992953322527 255.393616653302 257.20476374098 271.899837606104 279.016506180195 278.772765256603 271.661913011904 267.830663538803 260.083824586519 257.12737714019 244.847282612386 231.631036324709 236.778047801685 238.435257447295 235.42173588621 252.637953371311 265.184285789781 265.783369492527 264.039033363174 261.576874344943 260.482367824113 259.829207955072 253.178326302432 241.611231855318 238.829126809157 234.435072055644 225.502715419294 209.749222461445 204.318505169341 221.099940588926 223.757111128467 235.618892924995 247.371240940678 257.363204929122 250.762590491085 237.029528708199 229.800544761599 231.869391105005 234.465063581141 241.341880572762 248.323646619721 251.767204241716 257.924417357669 262.109672286929
281.681994466825 282.685394166133 282.234520423412 281.998286403563 281.243732435383 279.620943603606 270.548433544816 257.876545555888 263.664708720816 275.678534683438 278.838937545037 278.867478862826 271.864328783036 266.110058893565 258.446995696188 251.265647522617 245.482149801189 240.076785330677 243.455781294392 245.469750923478 247.277712011076 260.766659913139 265.746930621061 265.777734851162 263.400628062295 259.134848027685 256.845522081493 256.785397334204 251.581993908134 237.194266363706 228.794131018245 226.606677330446 220.17641607718 207.826719708478 203.952293125547 210.96551670744 218.050216985929 233.318530721752 243.969580579625 252.229233163517 246.988226081138 231.124401793971 220.318093364098 218.5418849906 227.397925139788 239.518339678094 242.475532178635 246.279744753615 254.231466825935 264.466674823014
280.66488028816 282.348546954086 281.908595902063 281.689635446207 281.159449533764 280.321472182158 274.346365633373 263.486853324349 266.342425715137 276.453989040423 277.572118349741 278.084995158752 268.058812407709 264.629695156544 258.666321076492 251.02673833651 246.045156896414 246.118456798598 250.986588176622 255.185475077977 256.836087560756 265.715152329693 266.549627506578 266.385653928836 262.503549575996 256.675682897704 255.187586586224 254.491990774564 249.069568534232 238.400401578331 224.992909142047 219.915095659974 215.595457800401 206.974881109169 201.613090697258 201.856924908734 216.555642244842 233.903467867344 236.281260331833 240.769150896391 243.297720013698 229.701682418583 217.121986551646 211.326882603092 219.247809834841 232.425502639378 241.593346730259 251.273679584633 259.16945786291 269.488714313136
280.941425138063 281.86622313796 281.619485401201 281.422439986301 281.228490892255 280.730433191539 278.655245266961 269.342251991351 263.264767672819 272.657431296339 277.611108585147 277.52653761578 259.924456248258 257.771984347417 254.327906622748 250.211355891982 249.350707932068 249.753118157346 253.54392869175 260.090181856251 263.263245038233 266.395810088102 266.492600640756 265.919329733687 263.598921245226 255.652603368812 251.188302226365 249.727895077111 244.944475041656 238.772851792761 226.617929646289 219.025108779413 219.481608571736 213.583823490006 204.100821032245 193.115197159084 210.264326832544 223.395591292288 223.124764168884 230.031237687691 235.297863660276 227.120401999246 219.977036848993 215.577978169195 221.924707333096 232.269010601214 246.333173807865 256.893517529797 266.144174305115 270.174188164413
