rcp4.5models/CNRM_CM5/sc1gr6.19
NCOLS 261 
NROWS 433 
XLLCORNER 336357.134 
YLLCORNER 654653.479 
CELLSIZE 1000 
NODATA_value -3.4e+38 
[rows 176 to 197 of 433, columns 98 to 146 of 261]
1214.09680175781 1218.23364257812 1225.533203125 1238.50280761719 1244.04223632812 1249.11767578125 1253.39514160156 -3.4e+38 -3.4e+38 -3.4e+38 1272.98901367188 1277.60119628906 1281.486328125 1287.91711425781 1295.80883789062 1300.42626953125 1306.2216796875 1312.3349609375 1317.3291015625 1322.46960449219 1325.08190917969 1329.55773925781 1333.86291503906 1337.53405761719 1344.71655273438 1349.7275390625 1358.96533203125 1363.75915527344 1369.53869628906 1374.58581542969 1379.65747070312 1381.09436035156 1383.06176757812 1384.62890625 1386.19226074219 1387.96667480469 1391.71728515625 1404.79699707031 1410.37194824219 1417.54382324219 1425.29113769531 1425.51708984375 1432.34814453125 1439.32592773438 1439.17785644531 1442.07275390625 1444.0810546875 1448.37145996094 1453.07568359375
1215.33129882812 1218.61779785156 1225.39489746094 1239.38989257812 1245.14782714844 1250.63500976562 1254.75720214844 1258.46862792969 1264.20617675781 1270.47888183594 1275.40209960938 1278.89770507812 1282.49304199219 1289.64489746094 1296.04516601562 1301.3212890625 1304.48315429688 1309.80895996094 1314.94885253906 -3.4e+38 1325.01196289062 1330.21899414062 1335.33435058594 1337.80200195312 1344.27966308594 1350.75390625 1360.96154785156 1365.32629394531 1369.58532714844 1374.3818359375 1379.65698242188 1382.48046875 1384.55395507812 1385.52734375 1388.03210449219 1389.19128417969 1392.35363769531 1404.46301269531 1412.27478027344 1419.88403320312 1426.47485351562 1429.95275878906 1436.44384765625 1439.06079101562 1437.12072753906 1439.34655761719 1441.71813964844 1445.15246582031 1451.02026367188
1216.03588867188 1219.66589355469 -3.4e+38 -3.4e+38 1245.18054199219 1252.41198730469 1255.97399902344 1259.50305175781 1265.61535644531 1269.28344726562 1274.92907714844 1280.25378417969 1283.79846191406 1290.125 1297.17456054688 1302.88598632812 1305.62219238281 1309.66418457031 1313.32409667969 1319.28442382812 1325.18090820312 1331.63415527344 1335.81408691406 1338.22802734375 1342.99340820312 1348.94494628906 1360.97326660156 1366.46606445312 1370.51416015625 1374.55749511719 1378.64916992188 1382.90270996094 1384.97021484375 1386.58032226562 1387.91174316406 -3.4e+38 1395.88366699219 1405.90832519531 1413.37243652344 1421.30749511719 1430.49670410156 1440.11145019531 1447.12512207031 1437.87609863281 1436.55895996094 1437.39318847656 1441.57177734375 1443.08361816406 1450.36145019531
1217.70336914062 1221.27673339844 1225.06433105469 -3.4e+38 1243.17309570312 1251.11730957031 1256.12805175781 -3.4e+38 1267.55798339844 1269.03381347656 1273.19799804688 1279.52160644531 1284.45056152344 1289.42224121094 1297.40393066406 1303.2744140625 1307.64953613281 1309.7607421875 1313.52416992188 1319.97534179688 1324.45532226562 1331.53161621094 1336.67248535156 1339.93505859375 1343.52563476562 -3.4e+38 1359.07897949219 1364.52685546875 -3.4e+38 1375.09594726562 1379.7978515625 1383.68701171875 1385.47436523438 1386.9345703125 -3.4e+38 -3.4e+38 -3.4e+38 1408.37072753906 1414.84460449219 1421.02685546875 1432.25805664062 1443.88623046875 1445.7197265625 1435.99975585938 1435.52844238281 1435.76501464844 1439.09094238281 1442.79663085938 1454.19470214844
1218.32690429688 1222.05041503906 1225.2021484375 1237.01904296875 1245.28527832031 1250.35534667969 1256.26940917969 1262.666015625 1267.97351074219 1269.22985839844 1272.75671386719 1278.73046875 1284.77172851562 1288.73376464844 1297.65625 1302.63757324219 1307.10607910156 1310.17431640625 1314.52978515625 1320.72839355469 1325.66516113281 1332.40881347656 1338.23352050781 1342.83654785156 1346.68688964844 1348.9580078125 1358.65026855469 1363.93469238281 -3.4e+38 1374.73461914062 1379.82446289062 1384.04614257812 1387.56970214844 1387.93225097656 1390.26489257812 -3.4e+38 1395.8203125 1409.28784179688 1413.35766601562 1420.14868164062 1430.78186035156 1439.69799804688 1438.72302246094 1433.78381347656 1433.81994628906 1433.72827148438 1435.5537109375 1441.84741210938 1457.02062988281
1218.14294433594 1224.087890625 1227.90026855469 1237.71850585938 1246.09423828125 1252.63000488281 1258.18615722656 1265.14270019531 1267.50964355469 1269.64892578125 1273.1806640625 1280.13928222656 1284.32958984375 1290.6748046875 1297.21691894531 1302.25830078125 1307.31176757812 1311.58081054688 1314.58801269531 1319.64282226562 1325.9287109375 1332.70581054688 1337.91979980469 1343.13354492188 1348.51318359375 1352.11401367188 1360.76928710938 1365.52209472656 1368.79833984375 1372.84826660156 1378.03210449219 1383.84802246094 1389.73706054688 1390.95703125 1390.42272949219 -3.4e+38 1396.58776855469 1407.94396972656 1412.39807128906 1420.34057617188 1428.68359375 1435.72546386719 1438.16967773438 1432.55126953125 1433.05200195312 1432.57019042969 1435.333984375 1441.72937011719 1455.69970703125
1218.85485839844 1224.52465820312 1227.84069824219 1237.51818847656 1244.34875488281 1251.99438476562 1257.65148925781 1265.54809570312 1268.50598144531 1270.92053222656 1274.32165527344 1280.70910644531 1286.16662597656 1292.07250976562 1298.58142089844 1302.43505859375 1308.60534667969 1313.45275878906 1314.62048339844 1319.31567382812 1324.97668457031 1331.54333496094 1337.57446289062 1342.73596191406 1349.66906738281 1354.37463378906 1363.59838867188 1368.41186523438 1370.95483398438 1373.12744140625 1379.16967773438 1385.61804199219 1390.43103027344 1393.92614746094 1394.7724609375 1394.36059570312 1397.92199707031 1408.52380371094 1414.04675292969 1420.67785644531 1426.37463378906 1430.43139648438 1434.1591796875 1431.23510742188 1431.65283203125 1431.55859375 1434.10888671875 1441.97473144531 1456.48876953125
1219.73937988281 1226.11474609375 1230.53576660156 1238.62890625 1243.75024414062 1251.46569824219 1258.55212402344 1265.85131835938 1270.03283691406 1271.95495605469 1275.7587890625 1281.744140625 1288.49072265625 1291.4921875 1300.47094726562 1303.05725097656 1309.57397460938 1315.22106933594 1316.01879882812 1319.79333496094 1326.32922363281 1333.24389648438 1338.35290527344 1343.35534667969 1350.0966796875 1355.25439453125 1367.29467773438 1370.86962890625 1372.32275390625 1375.69689941406 1380.81872558594 1386.42041015625 1390.73840332031 1394.42614746094 1396.16259765625 1394.88598632812 1399.92016601562 1411.71899414062 1416.99890136719 1421.25329589844 1425.56201171875 1426.08569335938 1429.3935546875 1429.62866210938 1430.35656738281 1430.21020507812 1433.61547851562 1442.28784179688 1454.68823242188
1218.64868164062 1225.19396972656 1231.27954101562 1240.49584960938 1245.50903320312 1253.99377441406 1260.61804199219 1268.68762207031 1271.728515625 1271.83544921875 1275.81005859375 1283.30749511719 1289.80590820312 1292.42224121094 1301.06469726562 1303.3291015625 1310.40698242188 1315.96057128906 1316.39538574219 1320.37744140625 1326.447265625 1332.90759277344 1337.33337402344 -3.4e+38 1349.14965820312 -3.4e+38 1374.16943359375 1372.56140136719 1375.13818359375 1378.3232421875 1381.26635742188 1385.82885742188 1391.69836425781 1393.70166015625 1394.02587890625 1395.78576660156 1401.42395019531 1413.42846679688 1419.58349609375 1424.09838867188 1426.52185058594 1425.18688964844 1425.55200195312 1428.68530273438 1430.20153808594 1429.67370605469 1434.49072265625 1441.42944335938 1448.58190917969
1214.3779296875 -3.4e+38 -3.4e+38 1243.56298828125 1249.24230957031 1254.11950683594 1262.41979980469 1267.85375976562 1270.49499511719 1272.837890625 1277.68615722656 1286.23620605469 1291.12438964844 1295.83288574219 1301.88781738281 1305.11755371094 -3.4e+38 1317.35046386719 1318.91271972656 1320.92016601562 1325.84753417969 1332.84936523438 1339.40075683594 1344.74084472656 1351.6572265625 1358.61804199219 1373.9248046875 1378.30346679688 1381.3896484375 1384.48913574219 1386.22790527344 1390.08422851562 1395.09460449219 1395.5283203125 1397.91625976562 1403.14990234375 1405.06091308594 1416.59521484375 1424.00366210938 1430.96643066406 1430.18395996094 1428.97900390625 1428.52966308594 1428.52868652344 1428.83715820312 1431.15368652344 1432.26989746094 1434.89453125 1442.18212890625
1211.49291992188 1217.35827636719 1224.79040527344 1241.73156738281 1247.83801269531 1253.34167480469 1260.63781738281 1267.46105957031 1271.62902832031 1274.32531738281 1279.05847167969 1285.6298828125 1291.99523925781 1298.29235839844 1303.59606933594 1307.14221191406 1312.62829589844 1320.8828125 1327.96459960938 1323.17370605469 1327.04614257812 1333.4853515625 1339.95458984375 1344.98034667969 1351.89758300781 1357.32788085938 1373.64245605469 1385.04138183594 1386.48803710938 1388.5927734375 1389.58996582031 1392.1201171875 1395.73168945312 1397.53295898438 1401.93188476562 1408.8544921875 1406.29650878906 1416.81616210938 1424.69396972656 1433.46606445312 1431.00061035156 1428.99145507812 1428.15478515625 1428.6259765625 1431.55065917969 1433.18884277344 1433.92919921875 1435.77160644531 1442.10852050781
1209.451171875 1216.16955566406 1225.35046386719 1239.14831542969 1245.74560546875 1252.98937988281 1259.60546875 1268.51708984375 1271.25732421875 1274.31628417969 1279.94287109375 1285.623046875 1292.14343261719 1297.93664550781 1304.84802246094 1308.0107421875 1313.46911621094 1321.48010253906 1329.11364746094 1324.87023925781 1328.01232910156 1334.04711914062 1340.63024902344 1346.89440917969 1351.55041503906 1357.28698730469 1389.00402832031 1425.2646484375 1401.29748535156 1390.6416015625 1391.38513183594 1393.51196289062 1396.61010742188 1400.57629394531 1404.18444824219 1411.02990722656 1407.70288085938 1420.75146484375 1428.28076171875 1436.66723632812 1435.74645996094 1428.33129882812 1427.67736816406 1431.17517089844 1434.046875 1435.67712402344 1438.08776855469 1439.27661132812 1445.46789550781
1208.86315917969 1217.34106445312 1225.98779296875 1236.16784667969 1243.158203125 1251.98889160156 1260.43725585938 1267.25122070312 1269.57360839844 1273.7421875 1279.06115722656 1285.22973632812 1290.64904785156 1295.67651367188 1311.37390136719 1311.73461914062 1316.55847167969 1321.41381835938 1326.03662109375 1324.77844238281 1328.18786621094 1333.25134277344 1339.43725585938 1345.23315429688 1350.75720214844 1356.80932617188 1420.67077636719 1494.83435058594 1445.27404785156 1392.41442871094 1394.39855957031 1396.21899414062 1401.29138183594 1403.6455078125 1406.64245605469 1412.15258789062 1410.48449707031 1423.78942871094 1432.02880859375 1439.49084472656 1438.09130859375 1428.7587890625 1428.13024902344 1433.64416503906 1435.83728027344 1439.34094238281 1442.5634765625 -3.4e+38 1461.2578125
1209.74084472656 1216.60473632812 1225.02770996094 1234.06970214844 1242.87316894531 1251.82958984375 1260.20275878906 1265.6328125 1268.51000976562 1273.17761230469 1279.15808105469 1283.4765625 1288.80065917969 1293.6474609375 1313.49865722656 1314.52429199219 1318.55786132812 1321.62438964844 1327.041015625 1327.50402832031 1329.97863769531 1333.85375976562 1339.36218261719 1344.796875 1351.15551757812 1358.92321777344 1439.28515625 -3.4e+38 1448.69873046875 1396.39672851562 1397.42309570312 1399.95349121094 1406.47033691406 1409.47827148438 1411.02160644531 1415.56750488281 1412.95324707031 1425.81970214844 1435.11157226562 1441.78747558594 1434.44152832031 1430.27026367188 1431.40771484375 1436.66333007812 1439.46130371094 1443.35144042969 1445.12658691406 1444.78564453125 1464.34106445312
1207.90661621094 1213.82263183594 1222.08154296875 1233.47680664062 1242.52648925781 1250.60559082031 1258.94299316406 1263.51232910156 1266.97192382812 1273.62780761719 1279.43469238281 1282.61437988281 1290.01086425781 1295.06811523438 1309.86938476562 1316.02270507812 1318.47717285156 1322.70678710938 1327.97399902344 1329.72497558594 1332.17932128906 1336.69372558594 1341.21728515625 1347.39721679688 1351.62268066406 1359.17797851562 1468.71313476562 -3.4e+38 1441.07604980469 1400.43762207031 1400.05615234375 1403.28662109375 1410.51794433594 1414.79431152344 1415.07250976562 1417.947265625 1416.15417480469 1427.86145019531 1435.70495605469 1440.03979492188 1433.15063476562 1432.12927246094 1436.58386230469 1442.91247558594 1443.77746582031 1445.63403320312 1446.49108886719 1449.90881347656 1459.36328125
-3.4e+38 1212.05725097656 1219.57043457031 1233.60888671875 1240.84289550781 1248.12341308594 1255.8984375 1261.85400390625 1266.16882324219 1272.46667480469 1278.00952148438 1282.01318359375 1290.48303222656 1295.30322265625 1309.99951171875 1318.21911621094 1320.06396484375 1326.23547363281 1330.23400878906 1330.53259277344 1333.78649902344 1337.572265625 1342.72900390625 1349.08605957031 1351.86669921875 1357.57482910156 1480.12292480469 -3.4e+38 1516.79833984375 1400.9765625 1401.25964355469 1407.01159667969 1414.01013183594 1417.81433105469 1415.68359375 1417.57446289062 1418.48999023438 1430.06359863281 1435.08984375 1436.37951660156 1434.75769042969 1433.90881347656 1441.66662597656 1447.875 1450.33422851562 1450.29382324219 1450.70043945312 1454.25512695312 1464.59045410156
1206.828125 1214.1474609375 1222.04150390625 1235.21179199219 1242.24865722656 1249.01257324219 1254.36303710938 1261.40588378906 1268.23559570312 1272.38610839844 1276.28784179688 1281.58618164062 1289.23547363281 1295.24987792969 1309.947265625 1316.32434082031 1321.83825683594 1327.44177246094 1332.22387695312 1332.84533691406 1337.03991699219 1340.2216796875 1344.51440429688 1351.02014160156 1354.94177246094 1360.58154296875 1423.55187988281 1479.66931152344 1480.22485351562 1397.10339355469 1401.50927734375 1408.97607421875 1414.70361328125 1418.78747558594 1417.37182617188 1419.93029785156 1421.03051757812 1432.66821289062 1437.56188964844 1436.91162109375 1436.23547363281 1438.12243652344 1445.91235351562 1452.7939453125 1464.36120605469 1472.8525390625 1459.91931152344 1466.74328613281 1471.25146484375
1205.68054199219 1213.83264160156 1221.14709472656 1234.97241210938 1242.24365234375 1247.82238769531 1255.59387207031 1263.46594238281 1270.68493652344 1275.41333007812 1279.20886230469 1283.56201171875 1288.66845703125 1296.07727050781 1307.85717773438 1313.44873046875 1319.26293945312 1326.63098144531 1333.85290527344 1335.13354492188 1338.955078125 1341.89428710938 1345.69873046875 1352.67053222656 1357.07385253906 1361.57312011719 1377.53466796875 1384.51379394531 1397.40368652344 1394.84411621094 1400.91271972656 1408.3349609375 1414.63928222656 1420.34350585938 1422.16394042969 1424.4736328125 1423.91125488281 1435.32141113281 1441.193359375 1439.81323242188 1444.17944335938 1453.9580078125 1450.81884765625 1459.6826171875 1469.55432128906 1478.00500488281 1467.58386230469 -3.4e+38 1495.42175292969
1203.5419921875 1211.92687988281 1218.49499511719 1232.53759765625 1239.19348144531 1245.29418945312 1253.994140625 1260.54248046875 1267.90075683594 1276.63879394531 1281.21203613281 1285.58056640625 1289.38208007812 1296.98706054688 1306.96716308594 1312.39282226562 1317.552734375 1326.15698242188 1333.45190429688 1337.16870117188 1339.36474609375 1342.28088378906 1346.51708984375 1354.96643066406 1361.48693847656 -3.4e+38 1372.18835449219 1379.14233398438 1386.85302734375 1393.07312011719 1398.724609375 1406.33581542969 1414.29504394531 1423.01013183594 1424.68237304688 1426.01940917969 1426.72143554688 1437.48852539062 1443.81689453125 1443.697265625 1450.05871582031 1458.82690429688 1458.57946777344 1471.59741210938 1477.21948242188 1481.88684082031 1470.74658203125 1485.63708496094 1519.69360351562
1206.12866210938 1213.71594238281 1221.31591796875 1232.56384277344 1238.29260253906 1245.17492675781 1251.11474609375 1256.85852050781 1264.65649414062 1274.39074707031 1281.46630859375 1285.26208496094 1289.7880859375 1297.20739746094 1309.369140625 1314.19519042969 1317.93701171875 1325.5087890625 1332.17724609375 1339.41979980469 1342.14782714844 1345.70397949219 1349.73400878906 1356.62255859375 1365.44873046875 1367.921875 1374.42895507812 1380.7958984375 1386.93896484375 1393.10571289062 1400.70690917969 1407.87963867188 1414.48864746094 1421.94091796875 1425.9423828125 1428.51293945312 1431.41088867188 1440.04760742188 1447.49645996094 1450.05969238281 1451.73645019531 1455.59350585938 1462.80102539062 1471.50219726562 1475.68005371094 1478.99462890625 1469.84973144531 1481.68994140625 1509.03588867188
1209.67956542969 1216.53601074219 1224.31311035156 1236.1162109375 1244.19506835938 1247.87902832031 1251.63208007812 1256.73803710938 1264.78100585938 1272.04724121094 1277.22973632812 1281.82543945312 1289.41015625 1297.07678222656 1312.38061523438 1319.91796875 1325.45532226562 1329.07495117188 1334.29309082031 1340.36267089844 1345.34326171875 1348.77612304688 1355.58752441406 1360.4306640625 1367.56726074219 1374.49621582031 1380.41540527344 1384.54223632812 1391.01062011719 1396.697265625 1402.60034179688 1409.46203613281 1415.49670410156 1421.37524414062 1428.48828125 1437.1630859375 1444.49853515625 1446.94543457031 1453.82360839844 1460.08581542969 1464.0537109375 1467.01782226562 1470.14624023438 1480.7373046875 1497.76818847656 1474.56469726562 1470.23413085938 1487.46203613281 1484.29296875
1212.56774902344 -3.4e+38 1224.06140136719 1238.12902832031 1244.9658203125 1248.01245117188 1252.505859375 1258.64892578125 1264.53125 1270.68103027344 1275.64453125 1283.08447265625 1291.48449707031 1297.70056152344 1313.40295410156 1321.80090332031 1325.05871582031 1328.3857421875 1333.41760253906 1337.51818847656 1344.35754394531 1348.97888183594 1357.14416503906 1362.41821289062 1369.30419921875 1376.2041015625 1383.43225097656 1388.99572753906 1394.615234375 1400.20336914062 1404.42248535156 1410.921875 1418.23449707031 1425.39733886719 1431.61584472656 1440.72412109375 1447.75537109375 1449.78063964844 1457.72131347656 1465.099609375 1469.45837402344 1470.9658203125 1469.017578125 1476.787109375 1496.65612792969 1487.2509765625 1472.26525878906 1489.90795898438 1479.24768066406
