rcp4.5models/CNRM_CM5/sc1gr1.38
NCOLS 261 
NROWS 433 
XLLCORNER 336357.134 
YLLCORNER 654653.479 
CELLSIZE 1000 
NODATA_value -9999 
[rows 132 to 153 of 433, columns 150 to 199 of 261]
-9999 61.2146110534668 61.1898460388184 61.3355941772461 60.9761810302734 61.0121269226074 60.8604049682617 60.5510444641113 60.8979225158691 60.6563186645508 60.5416069030762 60.3726921081543 60.185173034668 60.0575637817383 59.9744606018066 59.9233322143555 59.7486534118652 59.5924453735352 59.4689140319824 59.4673500061035 59.3655967712402 58.9679756164551 58.7292900085449 58.7406234741211 58.5184364318848 58.5217399597168 58.4374465942383 58.316577911377 58.115550994873 57.6682777404785 57.898380279541 57.5972175598145 57.4202613830566 57.4830284118652 57.2560234069824 57.2643051147461 57.363842010498 57.1458396911621 -9999 -9999 -9999 -9999 -9999 -9999 -9999 -9999 -9999 -9999 -9999 -9999
61.1003494262695 61.2170639038086 61.1042633056641 61.2190895080566 61.1747169494629 60.9180450439453 60.6265411376953 60.6078224182129 60.8367195129395 60.5799560546875 60.7012405395508 60.4391670227051 60.2657432556152 60.2301254272461 59.9890937805176 59.984977722168 59.8264923095703 59.781078338623 59.7126045227051 59.5132522583008 59.3926734924316 59.0284843444824 58.7586059570312 58.868709564209 58.6431045532227 58.4239387512207 58.4510612487793 58.2846794128418 58.2418212890625 57.8364334106445 57.8767127990723 57.6680068969727 57.5992736816406 57.4013786315918 57.3628349304199 57.3796882629395 57.3330078125 56.945556640625 -9999 -9999 -9999 -9999 -9999 -9999 -9999 -9999 -9999 -9999 -9999 -9999
61.3430595397949 61.2664756774902 61.0541381835938 61.0955963134766 61.2563133239746 60.7508239746094 60.7730140686035 60.7966270446777 60.8144950866699 60.6754341125488 60.7510185241699 60.4871978759766 60.3439178466797 60.4009132385254 60.0704612731934 59.9951820373535 60.0770874023438 60.0570755004883 59.9347763061523 59.4140472412109 59.1711959838867 59.2221183776855 58.9830703735352 58.7753257751465 58.6064682006836 58.3056678771973 58.4529991149902 58.2315673828125 58.2721061706543 57.8740882873535 57.7041168212891 57.7042236328125 57.7647895812988 57.3987579345703 57.3463935852051 57.2690696716309 -9999 57.0736885070801 -9999 -9999 -9999 -9999 -9999 -9999 -9999 -9999 -9999 -9999 -9999 -9999
61.4947509765625 61.3662872314453 61.1182899475098 61.0357246398926 60.9925994873047 60.6931228637695 60.9669647216797 -9999 -9999 60.7349548339844 60.5510330200195 60.5027351379395 60.3964996337891 60.4749870300293 60.1579132080078 59.9782638549805 60.1568145751953 60.0421409606934 59.7661895751953 59.4688835144043 59.1963119506836 59.4724235534668 59.1579551696777 58.7885932922363 58.7846145629883 58.6650619506836 58.7653121948242 58.4206848144531 58.3072052001953 57.8303680419922 57.5859718322754 57.6944427490234 57.892276763916 57.6287803649902 57.4711570739746 57.5530891418457 -9999 -9999 -9999 -9999 -9999 -9999 -9999 -9999 -9999 -9999 -9999 -9999 -9999 -9999
61.3489112854004 61.3894920349121 61.2371940612793 61.1953964233398 60.9894790649414 60.7733459472656 60.7963600158691 60.8488922119141 -9999 60.5905342102051 60.4627647399902 60.550235748291 60.4326820373535 60.4395408630371 60.2898330688477 60.0793037414551 60.0953598022461 60.0312385559082 59.6718139648438 59.6620750427246 59.5484886169434 59.6224517822266 59.3191871643066 59.1086273193359 59.0225830078125 58.8080024719238 58.5744171142578 58.4044647216797 58.139518737793 57.995906829834 57.9383010864258 57.6344261169434 57.8605194091797 57.843921661377 57.7027053833008 57.7740669250488 57.3279075622559 57.151496887207 -9999 -9999 -9999 -9999 -9999 -9999 -9999 -9999 -9999 -9999 -9999 -9999
61.2534103393555 61.2742919921875 61.1326560974121 61.331714630127 61.3180770874023 61.034122467041 60.9788589477539 61.0885581970215 -9999 60.713680267334 60.6244049072266 60.5844955444336 60.4032249450684 60.4600372314453 60.1930809020996 -9999 60.132884979248 60.234432220459 59.8341903686523 59.8268737792969 59.5752143859863 59.5571937561035 59.2723846435547 59.1259613037109 59.0059432983398 58.7495193481445 58.5446815490723 58.2716026306152 57.9822387695312 58.1616859436035 58.3267974853516 57.8856468200684 57.6897926330566 57.4464569091797 57.2993545532227 57.3760108947754 57.2446327209473 57.1806411743164 -9999 -9999 -9999 -9999 -9999 -9999 -9999 -9999 -9999 -9999 -9999 -9999
61.3584251403809 61.3021202087402 61.1903381347656 61.2280540466309 61.3585243225098 61.0935401916504 60.8106422424316 -9999 -9999 60.74560546875 60.6714477539062 60.582462310791 60.4920196533203 60.380313873291 -9999 60.3519248962402 60.2759742736816 60.2761573791504 60.1921463012695 59.7432327270508 59.4509887695312 59.4295806884766 59.090991973877 58.9958686828613 58.8335762023926 58.8058700561523 58.9018058776855 58.4834632873535 58.1288108825684 58.2141036987305 58.3674736022949 58.0659255981445 57.7950973510742 57.5051498413086 57.4396858215332 57.4813804626465 57.2374153137207 57.3356437683105 -9999 -9999 -9999 -9999 -9999 -9999 -9999 -9999 -9999 -9999 -9999 -9999
61.5289497375488 -9999 61.2216300964355 61.146068572998 61.2746086120605 61.1910667419434 60.9558601379395 61.0327568054199 -9999 60.7991676330566 60.9288558959961 60.7712135314941 60.5454406738281 60.4911346435547 -9999 -9999 60.1191520690918 60.1362915039062 60.2500839233398 59.7139511108398 59.4535942077637 59.3122406005859 59.1622467041016 59.0546836853027 58.764476776123 58.858528137207 58.8705139160156 58.5908584594727 58.3078994750977 58.1458396911621 58.1023025512695 57.9114379882812 57.8854064941406 57.6005821228027 57.4301109313965 -9999 57.3654899597168 -9999 57.325122833252 -9999 -9999 -9999 -9999 -9999 -9999 -9999 -9999 -9999 -9999 -9999
61.4613800048828 61.4998245239258 61.3551635742188 61.1148071289062 61.1271667480469 61.2451858520508 61.0422248840332 60.9398765563965 60.9485282897949 60.9014282226562 60.901439666748 60.7030372619629 60.6456336975098 60.4225807189941 60.306324005127 60.2069702148438 59.9499359130859 59.8985710144043 60.1902275085449 59.6915130615234 59.553539276123 59.5161819458008 59.2130928039551 58.9347381591797 58.7074928283691 58.6965599060059 58.6889038085938 58.5369415283203 58.3981552124023 58.1474113464355 57.8548011779785 57.8809585571289 58.0016136169434 57.7916641235352 57.5359764099121 -9999 -9999 -9999 -9999 57.1165199279785 -9999 -9999 -9999 -9999 -9999 -9999 -9999 -9999 -9999 -9999
61.4518966674805 61.7992057800293 61.7772636413574 61.5571174621582 61.4100723266602 61.3782424926758 60.962272644043 60.952018737793 60.8736686706543 60.8761291503906 60.820442199707 60.5405616760254 60.4759292602539 60.3633766174316 60.0605926513672 60.1069412231445 60.047794342041 59.9481239318848 60.0533905029297 59.6856384277344 59.6529541015625 59.6576919555664 59.3333511352539 58.8999290466309 58.6744003295898 58.5444831848145 58.6091041564941 58.4600410461426 58.5013847351074 58.250171661377 58.0205688476562 58.0791091918945 57.8363571166992 57.5540351867676 57.7570877075195 -9999 -9999 -9999 -9999 57.132022857666 -9999 -9999 -9999 -9999 -9999 -9999 -9999 -9999 -9999 -9999
61.4526977539062 61.820972442627 61.9088325500488 61.8230133056641 61.4639053344727 61.4551620483398 61.1611976623535 61.150463104248 60.7375297546387 60.9387969970703 60.8993453979492 60.6777305603027 60.3954849243164 60.5758934020996 60.3141021728516 60.1233787536621 60.0855751037598 60.0650253295898 -9999 59.5534591674805 59.7063331604004 59.5159721374512 59.4605484008789 59.2219123840332 58.6797637939453 58.5470771789551 58.5598106384277 58.4255180358887 58.3449668884277 58.2272338867188 58.3932647705078 58.2353057861328 57.8575592041016 57.6620674133301 57.7653007507324 -9999 -9999 -9999 -9999 56.9572143554688 57.2579231262207 -9999 -9999 -9999 -9999 -9999 -9999 -9999 -9999 -9999
61.5650291442871 61.8078498840332 61.7587509155273 61.6759414672852 61.2608985900879 61.3804168701172 61.4916687011719 61.2886047363281 60.8208312988281 61.0075912475586 60.9776992797852 60.9994316101074 60.6698837280273 60.5631713867188 60.5997047424316 60.4838790893555 60.1779632568359 60.0000228881836 59.8908462524414 59.6988487243652 59.8901710510254 59.8524513244629 59.6124382019043 59.0773658752441 58.7970771789551 58.8368911743164 58.6329879760742 58.3564834594727 58.2256889343262 58.2608184814453 -9999 -9999 57.966423034668 57.8602600097656 57.6172142028809 57.6240005493164 -9999 -9999 -9999 57.2608947753906 -9999 -9999 -9999 -9999 -9999 -9999 -9999 -9999 -9999 -9999
61.7166175842285 61.7110786437988 61.8095550537109 61.5606346130371 61.4883270263672 61.4894180297852 61.4779510498047 61.1767120361328 61.0594673156738 61.0844497680664 61.0791282653809 61.0526466369629 60.755989074707 60.4620056152344 60.6570930480957 60.6662406921387 60.338134765625 60.0199432373047 59.9190444946289 59.998161315918 60.0009994506836 59.9675827026367 59.7239151000977 58.9044876098633 59.044994354248 58.9995727539062 58.7023429870605 58.3872871398926 58.2422676086426 58.2005920410156 -9999 -9999 -9999 57.9351615905762 57.7093658447266 57.6483268737793 -9999 -9999 -9999 -9999 -9999 -9999 -9999 -9999 -9999 -9999 -9999 -9999 -9999 -9999
61.8685188293457 61.7578010559082 61.9451141357422 61.7878684997559 61.7135391235352 61.6607933044434 61.4608268737793 60.9390296936035 61.2804679870605 61.1976318359375 61.1637878417969 61.1386337280273 60.6867294311523 60.3580665588379 60.6400756835938 60.5034370422363 60.434440612793 60.1893196105957 60.1848411560059 60.1319541931152 60.0919723510742 59.986255645752 59.7477722167969 59.0121116638184 59.1715888977051 58.8943290710449 58.5501441955566 58.5088233947754 -9999 -9999 -9999 -9999 -9999 -9999 58.0568923950195 57.7577247619629 57.6390762329102 -9999 -9999 -9999 -9999 -9999 -9999 -9999 -9999 -9999 -9999 -9999 -9999 -9999
61.9662208557129 61.8773040771484 61.9024505615234 61.977668762207 61.687313079834 61.5101432800293 61.3111610412598 60.9543533325195 61.3476486206055 61.1022987365723 61.0272521972656 61.1945762634277 60.7507209777832 60.4657669067383 60.6730422973633 60.4344711303711 60.5182800292969 60.3274955749512 60.3491668701172 60.267879486084 60.3129920959473 60.2714805603027 59.7955780029297 59.0806121826172 59.0711860656738 58.7446060180664 -9999 -9999 -9999 -9999 -9999 -9999 -9999 -9999 58.1887588500977 57.7972259521484 57.6240844726562 -9999 -9999 -9999 -9999 -9999 -9999 -9999 -9999 -9999 -9999 -9999 -9999 -9999
61.9748802185059 61.818962097168 61.758544921875 61.8305206298828 61.7118759155273 61.433967590332 61.2033653259277 61.2805442810059 61.2468566894531 61.0548286437988 60.9599113464355 61.0480194091797 60.7527503967285 60.7188606262207 60.9447898864746 60.585865020752 60.4145889282227 60.1988983154297 60.1651191711426 60.0516090393066 60.1652336120605 60.1919097900391 -9999 59.1593627929688 59.0793190002441 58.7719879150391 -9999 -9999 -9999 -9999 -9999 57.7992630004883 57.8933410644531 57.8826675415039 57.9862747192383 -9999 -9999 -9999 -9999 -9999 -9999 -9999 -9999 -9999 -9999 -9999 -9999 -9999 -9999 56.6474075317383
-9999 61.9580421447754 61.9167289733887 61.6922912597656 61.6105728149414 61.565673828125 61.3218154907227 61.4993858337402 61.3533210754395 61.2045135498047 61.0480575561523 60.9516143798828 60.7615814208984 60.7425880432129 60.8107757568359 60.6317176818848 60.3940849304199 60.3771171569824 60.2903900146484 59.673713684082 59.7337112426758 59.7906341552734 59.3911781311035 59.2910003662109 59.1433944702148 58.8891983032227 -9999 -9999 -9999 -9999 58.129093170166 57.9551315307617 57.9443092346191 57.8941535949707 57.8402328491211 -9999 -9999 -9999 -9999 -9999 -9999 -9999 -9999 -9999 -9999 56.6794052124023 56.9279937744141 56.9424285888672 56.9158477783203 56.8218612670898
61.828311920166 62.0059204101562 62.0523796081543 61.8867607116699 61.6944999694824 61.5530471801758 61.3757209777832 61.4686393737793 61.2507705688477 61.1935729980469 60.9926795959473 61.0806617736816 60.9092330932617 60.7258491516113 60.7114944458008 60.828498840332 60.7262115478516 60.6058235168457 60.4895286560059 -9999 59.5065650939941 59.5583457946777 59.4934844970703 59.5125045776367 59.1786270141602 58.9456977844238 58.5859832763672 -9999 -9999 -9999 58.2918739318848 58.0105476379395 57.8794326782227 57.9332542419434 57.8332824707031 -9999 -9999 -9999 -9999 -9999 -9999 -9999 -9999 -9999 -9999 56.8629608154297 56.784107208252 56.746265411377 56.9105339050293 56.8554191589355
62.1100654602051 62.0253257751465 62.2690315246582 62.0892677307129 61.9138031005859 61.838737487793 61.7309989929199 61.6250801086426 61.1175117492676 60.930606842041 60.9943809509277 61.0181732177734 61.3308258056641 61.4071388244629 61.0268211364746 60.7937316894531 60.4441680908203 60.2673263549805 60.2976722717285 59.8968162536621 -9999 59.5558433532715 59.3299751281738 59.3642349243164 59.1051254272461 58.7379035949707 58.8646392822266 58.5916786193848 -9999 -9999 -9999 -9999 57.9287452697754 57.766185760498 -9999 -9999 -9999 -9999 -9999 -9999 -9999 -9999 -9999 -9999 -9999 -9999 57.1988143920898 56.9721717834473 56.8199691772461 56.7415390014648
61.946216583252 62.0777244567871 62.2710914611816 62.0762176513672 61.9253730773926 61.9528274536133 61.6828804016113 61.6200294494629 61.2800178527832 61.4030647277832 61.380786895752 61.311466217041 61.2857894897461 61.2637023925781 60.9458656311035 60.7882118225098 60.6219902038574 60.5671730041504 60.5147399902344 59.8471870422363 59.7877349853516 59.7608833312988 59.559497833252 59.4917526245117 59.3317642211914 59.1058731079102 59.1077919006348 58.6856422424316 58.3772430419922 58.6548385620117 58.6401557922363 58.4680252075195 -9999 57.8074226379395 -9999 -9999 -9999 -9999 -9999 -9999 -9999 -9999 -9999 -9999 -9999 57.6357955932617 57.3648262023926 57.0759010314941 56.8570251464844 56.796947479248
62.0079460144043 62.2452392578125 62.1019554138184 62.0749702453613 61.975414276123 61.9486808776855 61.7074928283691 61.7017288208008 61.469123840332 61.5795555114746 61.512866973877 61.4139137268066 61.3091163635254 61.224292755127 61.1077308654785 60.812427520752 60.7152557373047 60.8488998413086 60.5368728637695 59.8161201477051 59.8306770324707 59.8294143676758 59.7177467346191 59.5398712158203 59.4719429016113 59.3270874023438 59.2693710327148 59.0292320251465 58.7301597595215 58.8387718200684 58.9458351135254 58.5881881713867 58.2012367248535 57.908805847168 57.637638092041 -9999 -9999 -9999 -9999 -9999 -9999 -9999 -9999 -9999 -9999 57.667106628418 -9999 57.1476097106934 57.0116996765137 57.010082244873
62.0153427124023 62.0875205993652 62.0097427368164 62.1581497192383 62.0285530090332 61.7351837158203 61.6637344360352 61.6159286499023 61.6000518798828 61.4233818054199 61.3889350891113 61.4712028503418 61.4132041931152 61.1802253723145 61.1838836669922 60.9400177001953 60.8290481567383 60.6900901794434 60.1624641418457 59.9261207580566 59.7811279296875 59.7481384277344 59.7357177734375 59.46728515625 59.5148086547852 59.3148727416992 59.2381858825684 59.2299652099609 59.0400848388672 58.9331016540527 58.8021926879883 58.3521919250488 58.048469543457 58.1153984069824 58.0239181518555 58.1499366760254 58.5470657348633 58.2012214660645 58.0393028259277 58.2446823120117 -9999 -9999 57.9390296936035 -9999 -9999 57.406364440918 -9999 57.1231307983398 57.0806922912598 57.2688217163086
