rcp4.5models/CNRM_CM5/sc1gr8.37
NCOLS 261 
NROWS 433 
XLLCORNER 336357.134 
YLLCORNER 654653.479 
CELLSIZE 1000 
NODATA_value -3.4e+38 
[rows 110 to 131 of 433, columns 147 to 195 of 261]
107.231575012207 107.594970703125 108.148643493652 108.684272766113 108.85986328125 109.393432617188 109.867942810059 110.347229003906 110.966537475586 111.519958496094 111.808563232422 113.271301269531 114.261360168457 114.870529174805 115.464820861816 115.894050598145 116.437721252441 116.956809997559 117.499702453613 118.018508911133 118.560615539551 119.079193115234 119.578544616699 -3.4e+38 -3.4e+38 120.627403259277 120.797325134277 -3.4e+38 -3.4e+38 -3.4e+38 -3.4e+38 -3.4e+38 -3.4e+38 -3.4e+38 -3.4e+38 -3.4e+38 -3.4e+38 -3.4e+38 -3.4e+38 -3.4e+38 -3.4e+38 -3.4e+38 -3.4e+38 -3.4e+38 -3.4e+38 -3.4e+38 -3.4e+38 -3.4e+38 -3.4e+38
107.684440612793 108.028388977051 108.333656311035 108.914047241211 -3.4e+38 109.53507232666 110.150428771973 110.828437805176 111.401779174805 112.009429931641 112.419708251953 114.057518005371 114.956611633301 115.475891113281 116.011054992676 116.488746643066 116.873100280762 117.13899230957 117.797637939453 118.477561950684 118.722114562988 119.264694213867 119.945793151855 -3.4e+38 120.653861999512 120.84383392334 -3.4e+38 -3.4e+38 -3.4e+38 -3.4e+38 -3.4e+38 -3.4e+38 -3.4e+38 -3.4e+38 -3.4e+38 -3.4e+38 -3.4e+38 -3.4e+38 -3.4e+38 -3.4e+38 -3.4e+38 -3.4e+38 -3.4e+38 -3.4e+38 -3.4e+38 -3.4e+38 -3.4e+38 -3.4e+38 -3.4e+38
107.952476501465 108.530616760254 108.747772216797 109.141448974609 109.662223815918 110.118301391602 110.564559936523 110.973037719727 111.59521484375 112.278099060059 113.069358825684 114.871269226074 115.107955932617 -3.4e+38 116.242797851562 116.955276489258 117.39900970459 117.711303710938 118.360374450684 118.983894348145 119.180313110352 119.426879882812 120.240814208984 120.759506225586 121.435966491699 122.094497680664 122.573120117188 123.123779296875 -3.4e+38 -3.4e+38 -3.4e+38 -3.4e+38 -3.4e+38 -3.4e+38 -3.4e+38 -3.4e+38 -3.4e+38 -3.4e+38 -3.4e+38 -3.4e+38 -3.4e+38 -3.4e+38 -3.4e+38 -3.4e+38 -3.4e+38 -3.4e+38 -3.4e+38 -3.4e+38 -3.4e+38
108.068153381348 108.753219604492 109.270568847656 109.678115844727 110.058670043945 110.568916320801 111.094993591309 111.514579772949 111.908355712891 112.634307861328 113.89559173584 115.363983154297 115.786399841309 116.277450561523 116.443862915039 117.134712219238 117.657661437988 118.20418548584 118.726531982422 119.271926879883 119.447357177734 119.418754577637 120.404479980469 121.189117431641 122.342666625977 123.139518737793 -3.4e+38 123.150634765625 -3.4e+38 -3.4e+38 -3.4e+38 -3.4e+38 -3.4e+38 -3.4e+38 -3.4e+38 -3.4e+38 -3.4e+38 -3.4e+38 -3.4e+38 -3.4e+38 -3.4e+38 -3.4e+38 -3.4e+38 -3.4e+38 -3.4e+38 -3.4e+38 -3.4e+38 -3.4e+38 -3.4e+38
108.547470092773 108.99048614502 109.543090820312 109.72248840332 110.198356628418 110.815574645996 111.496452331543 111.979568481445 112.548271179199 113.519264221191 114.564384460449 -3.4e+38 116.226493835449 116.841209411621 117.178611755371 117.703109741211 118.11547088623 118.361457824707 118.908340454102 119.431335449219 119.796089172363 119.941337585449 121.28003692627 121.983055114746 122.862953186035 123.275238037109 123.426956176758 123.599479675293 123.92985534668 -3.4e+38 -3.4e+38 -3.4e+38 -3.4e+38 -3.4e+38 -3.4e+38 -3.4e+38 -3.4e+38 -3.4e+38 -3.4e+38 -3.4e+38 -3.4e+38 -3.4e+38 -3.4e+38 -3.4e+38 -3.4e+38 -3.4e+38 -3.4e+38 -3.4e+38 -3.4e+38
109.342193603516 109.647262573242 109.829582214355 109.991371154785 110.504417419434 111.124153137207 112.088172912598 113.401397705078 114.280075073242 114.817771911621 115.37907409668 116.046333312988 -3.4e+38 117.268867492676 117.820465087891 118.347465515137 118.897789001465 119.320465087891 119.522453308105 120.002639770508 121.180320739746 122.04727935791 122.868217468262 123.03050994873 122.932907104492 123.474433898926 123.885330200195 124.258239746094 -3.4e+38 -3.4e+38 -3.4e+38 -3.4e+38 -3.4e+38 -3.4e+38 -3.4e+38 -3.4e+38 -3.4e+38 -3.4e+38 -3.4e+38 -3.4e+38 -3.4e+38 -3.4e+38 -3.4e+38 -3.4e+38 -3.4e+38 -3.4e+38 -3.4e+38 -3.4e+38 -3.4e+38
109.138374328613 109.471305847168 109.652519226074 110.128913879395 110.747428894043 111.508895874023 112.547210693359 113.897789001465 114.530364990234 115.30696105957 116.00252532959 116.861351013184 117.361366271973 117.534057617188 118.162628173828 118.525062561035 119.052734375 119.924057006836 120.89875793457 121.084030151367 121.67919921875 122.226943969727 123.026954650879 123.382667541504 123.382591247559 123.527534484863 123.900596618652 124.441047668457 124.84888458252 -3.4e+38 -3.4e+38 -3.4e+38 -3.4e+38 -3.4e+38 -3.4e+38 -3.4e+38 -3.4e+38 -3.4e+38 -3.4e+38 -3.4e+38 -3.4e+38 -3.4e+38 -3.4e+38 -3.4e+38 -3.4e+38 -3.4e+38 -3.4e+38 -3.4e+38 -3.4e+38
109.098220825195 109.222526550293 109.614151000977 110.369071960449 111.051681518555 111.629592895508 112.688255310059 114.145050048828 114.920837402344 115.617080688477 116.147506713867 117.487998962402 117.92113494873 118.132270812988 118.383560180664 118.868286132812 119.54744720459 120.872138977051 121.650901794434 121.928497314453 122.270500183105 122.79663848877 123.206939697266 123.625289916992 123.890281677246 124.00220489502 124.082229614258 124.491714477539 124.86417388916 -3.4e+38 -3.4e+38 -3.4e+38 -3.4e+38 -3.4e+38 -3.4e+38 -3.4e+38 -3.4e+38 -3.4e+38 -3.4e+38 -3.4e+38 -3.4e+38 -3.4e+38 -3.4e+38 -3.4e+38 -3.4e+38 -3.4e+38 -3.4e+38 -3.4e+38 -3.4e+38
108.847747802734 109.236785888672 109.989395141602 110.747009277344 111.374290466309 111.814880371094 112.934417724609 114.53199005127 115.310638427734 115.946830749512 116.401512145996 117.635429382324 118.193328857422 118.494644165039 118.559005737305 119.09107208252 120.037590026855 121.369781494141 121.850517272949 122.210777282715 122.73836517334 123.287475585938 123.364356994629 123.830406188965 124.180519104004 124.591079711914 124.850204467773 124.964881896973 125.045516967773 -3.4e+38 -3.4e+38 -3.4e+38 -3.4e+38 -3.4e+38 -3.4e+38 -3.4e+38 -3.4e+38 -3.4e+38 -3.4e+38 -3.4e+38 -3.4e+38 -3.4e+38 -3.4e+38 -3.4e+38 -3.4e+38 -3.4e+38 -3.4e+38 -3.4e+38 -3.4e+38
108.858741760254 109.608703613281 110.289176940918 110.864570617676 111.569969177246 112.197807312012 113.319747924805 114.918197631836 115.617797851562 116.152267456055 116.712089538574 117.806762695312 118.210983276367 118.388679504395 118.710166931152 -3.4e+38 120.190231323242 121.544700622559 122.076370239258 122.555671691895 122.915260314941 123.442726135254 123.542755126953 123.962348937988 124.33829498291 124.881500244141 125.294952392578 125.446380615234 125.469253540039 -3.4e+38 -3.4e+38 -3.4e+38 126.549911499023 -3.4e+38 -3.4e+38 -3.4e+38 -3.4e+38 -3.4e+38 -3.4e+38 -3.4e+38 -3.4e+38 -3.4e+38 -3.4e+38 -3.4e+38 -3.4e+38 -3.4e+38 -3.4e+38 -3.4e+38 -3.4e+38
109.292724609375 109.568161010742 110.195037841797 110.634185791016 111.399101257324 112.290702819824 113.704299926758 115.222938537598 115.75821685791 116.402305603027 117.042274475098 118.011260986328 118.091316223145 118.514152526855 118.884346008301 119.418716430664 120.458778381348 121.886207580566 122.251281738281 122.782768249512 123.260498046875 123.619300842285 123.69864654541 124.165420532227 124.516410827637 125.185470581055 125.765617370605 125.76488494873 125.997871398926 126.055404663086 126.051254272461 126.42391204834 126.876434326172 126.754524230957 -3.4e+38 -3.4e+38 -3.4e+38 -3.4e+38 -3.4e+38 -3.4e+38 -3.4e+38 -3.4e+38 -3.4e+38 -3.4e+38 -3.4e+38 -3.4e+38 -3.4e+38 -3.4e+38 -3.4e+38
109.232574462891 109.55541229248 110.075355529785 110.69987487793 111.467216491699 -3.4e+38 113.214157104492 114.487144470215 115.59423828125 116.299011230469 116.838447570801 117.843376159668 118.192337036133 118.641479492188 119.034378051758 119.593154907227 -3.4e+38 122.108856201172 122.593284606934 122.957489013672 123.390029907227 123.773063659668 124.287330627441 124.668258666992 125.010772705078 125.593597412109 125.83177947998 125.895446777344 126.268989562988 126.459945678711 126.258163452148 126.602935791016 -3.4e+38 127.030494689941 126.900566101074 -3.4e+38 -3.4e+38 -3.4e+38 -3.4e+38 -3.4e+38 -3.4e+38 -3.4e+38 -3.4e+38 -3.4e+38 -3.4e+38 -3.4e+38 -3.4e+38 -3.4e+38 -3.4e+38
-3.4e+38 109.283615112305 110.017890930176 111.074890136719 111.767860412598 112.298362731934 112.935348510742 113.868644714355 115.208526611328 116.313621520996 116.692977905273 117.798614501953 118.339027404785 118.834312438965 119.29768371582 120.150886535645 121.233436584473 122.281425476074 122.721298217773 123.011932373047 123.396759033203 123.947853088379 124.946907043457 125.047882080078 125.250518798828 125.839996337891 125.833183288574 126.098701477051 126.689605712891 127.017478942871 126.387908935547 126.645584106445 126.901611328125 -3.4e+38 126.916450500488 127.04296875 -3.4e+38 -3.4e+38 -3.4e+38 -3.4e+38 -3.4e+38 -3.4e+38 -3.4e+38 -3.4e+38 -3.4e+38 -3.4e+38 -3.4e+38 -3.4e+38 -3.4e+38
108.185920715332 108.73063659668 109.584678649902 111.038459777832 111.675804138184 112.128425598145 112.907737731934 113.734893798828 114.978500366211 116.516746520996 117.020622253418 117.943161010742 118.508613586426 119.049774169922 119.703880310059 120.725563049316 121.892692565918 122.430557250977 122.91633605957 123.207901000977 123.570198059082 124.099899291992 125.075492858887 125.345153808594 125.717468261719 126.161094665527 126.466377258301 127.007698059082 127.540283203125 127.631759643555 127.329788208008 127.521690368652 -3.4e+38 127.760818481445 127.39826965332 127.926567077637 -3.4e+38 -3.4e+38 -3.4e+38 -3.4e+38 -3.4e+38 -3.4e+38 -3.4e+38 -3.4e+38 -3.4e+38 -3.4e+38 -3.4e+38 -3.4e+38 -3.4e+38
107.624046325684 108.263374328613 109.205795288086 110.271667480469 111.557609558105 112.195922851562 112.977828979492 113.71662902832 114.675987243652 116.223304748535 117.225532531738 118.197334289551 118.841133117676 119.30883026123 120.018623352051 120.85205078125 122.040061950684 122.601303100586 123.042938232422 123.431922912598 123.91162109375 124.272644042969 125.273017883301 125.62801361084 126.048362731934 126.661720275879 127.625999450684 127.953430175781 128.016830444336 128.130126953125 128.208526611328 128.154281616211 128.410583496094 128.454788208008 128.131942749023 -3.4e+38 128.802017211914 -3.4e+38 -3.4e+38 -3.4e+38 -3.4e+38 -3.4e+38 -3.4e+38 -3.4e+38 -3.4e+38 -3.4e+38 -3.4e+38 -3.4e+38 -3.4e+38
107.625991821289 108.156715393066 109.052383422852 109.705169677734 110.923271179199 112.085716247559 112.808784484863 113.821350097656 114.56665802002 115.790153503418 117.19132232666 118.593162536621 119.239791870117 119.621208190918 120.165565490723 121.043571472168 122.209083557129 122.748710632324 123.235740661621 123.602813720703 124.136276245117 124.613830566406 125.399711608887 125.779144287109 126.245552062988 127.01335144043 128.296890258789 128.388397216797 128.102890014648 128.559707641602 128.59211730957 128.418212890625 128.609939575195 128.687088012695 128.587249755859 128.580749511719 128.811920166016 128.934677124023 -3.4e+38 -3.4e+38 -3.4e+38 -3.4e+38 -3.4e+38 -3.4e+38 -3.4e+38 -3.4e+38 -3.4e+38 -3.4e+38 -3.4e+38
107.226226806641 107.791191101074 108.720077514648 109.264717102051 110.33275604248 111.41788482666 112.566108703613 113.397155761719 114.063484191895 114.828048706055 115.767784118652 118.418807983398 119.139556884766 119.744033813477 120.736518859863 121.191940307617 121.882133483887 123.062774658203 123.550971984863 123.919303894043 124.453704833984 125.007942199707 125.718978881836 126.098541259766 127.055549621582 128.234359741211 128.610610961914 129.071807861328 129.33723449707 129.225250244141 128.828216552734 128.933990478516 128.813232421875 129.125335693359 129.103759765625 -3.4e+38 128.895904541016 128.459030151367 -3.4e+38 -3.4e+38 -3.4e+38 -3.4e+38 -3.4e+38 -3.4e+38 -3.4e+38 -3.4e+38 -3.4e+38 -3.4e+38 -3.4e+38
106.527267456055 107.818161010742 108.679397583008 109.135643005371 109.901260375977 110.799461364746 112.086990356445 113.228225708008 114.004806518555 114.759811401367 115.573394775391 118.48274230957 119.034629821777 119.840209960938 120.880424499512 121.38060760498 122.071083068848 123.229049682617 123.769203186035 124.254829406738 124.621253967285 125.293922424316 125.910675048828 126.266464233398 127.097007751465 128.23112487793 128.775238037109 129.190734863281 129.456008911133 129.370849609375 129.020629882812 128.897842407227 128.499176025391 129.006622314453 128.98469543457 -3.4e+38 -3.4e+38 128.073501586914 128.092361450195 -3.4e+38 -3.4e+38 -3.4e+38 -3.4e+38 -3.4e+38 -3.4e+38 -3.4e+38 -3.4e+38 -3.4e+38 -3.4e+38
106.018615722656 107.226745605469 108.445739746094 109.193984985352 109.933349609375 110.617813110352 111.541557312012 112.76188659668 113.860610961914 114.779579162598 115.614250183105 117.895782470703 119.197616577148 119.850730895996 120.769470214844 121.503471374512 122.286491394043 123.560943603516 123.934677124023 124.473373413086 124.956230163574 125.427856445312 126.134300231934 126.832855224609 127.713554382324 128.394119262695 128.810928344727 129.077285766602 129.341293334961 129.340148925781 129.137985229492 129.194412231445 128.951354980469 129.082748413086 128.864181518555 128.652862548828 128.448120117188 -3.4e+38 127.256355285645 -3.4e+38 -3.4e+38 -3.4e+38 -3.4e+38 -3.4e+38 -3.4e+38 -3.4e+38 -3.4e+38 -3.4e+38 -3.4e+38
105.743492126465 106.337738037109 107.727722167969 109.154144287109 109.803672790527 110.315391540527 111.244384765625 112.448554992676 113.922264099121 114.572654724121 115.577865600586 117.585960388184 119.522705078125 119.912704467773 120.69856262207 121.689300537109 122.236434936523 123.337211608887 124.266265869141 124.637748718262 125.215286254883 125.873039245605 126.708145141602 127.537246704102 128.425003051758 128.429534912109 128.804061889648 129.263885498047 129.528396606445 129.417129516602 129.019485473633 129.27702331543 129.26513671875 129.073455810547 128.709259033203 128.557525634766 -3.4e+38 -3.4e+38 126.858474731445 126.118675231934 -3.4e+38 -3.4e+38 -3.4e+38 -3.4e+38 -3.4e+38 -3.4e+38 -3.4e+38 -3.4e+38 -3.4e+38
105.386207580566 105.959060668945 107.127922058105 108.272705078125 109.393211364746 110.286964416504 111.021591186523 112.105026245117 113.382690429688 114.434608459473 115.53588104248 117.555297851562 118.919921875 120.051689147949 120.729156494141 121.402153015137 121.939071655273 123.162910461426 124.385513305664 124.779235839844 125.506980895996 126.350723266602 127.581741333008 128.463180541992 128.956314086914 128.878540039062 128.963333129883 129.378067016602 129.642395019531 129.557495117188 129.206085205078 129.350830078125 129.143356323242 128.92268371582 128.550506591797 128.432922363281 128.10466003418 127.076850891113 126.171951293945 125.116989135742 -3.4e+38 -3.4e+38 -3.4e+38 -3.4e+38 -3.4e+38 -3.4e+38 -3.4e+38 -3.4e+38 -3.4e+38
104.574035644531 105.619590759277 106.670783996582 107.446632385254 108.754783630371 110.019073486328 110.810989379883 111.811325073242 112.905181884766 114.070045471191 115.572257995605 117.348030090332 118.228607177734 119.935096740723 120.766227722168 121.270263671875 121.890571594238 123.210052490234 124.379135131836 124.940376281738 125.722312927246 126.681190490723 127.972953796387 129.097137451172 129.1796875 129.339508056641 129.25830078125 129.25927734375 129.522354125977 129.669845581055 129.579544067383 129.490219116211 129.215225219727 128.797943115234 128.407577514648 128.259872436523 -3.4e+38 126.752151489258 125.755378723145 124.973419189453 123.70093536377 -3.4e+38 -3.4e+38 -3.4e+38 -3.4e+38 -3.4e+38 -3.4e+38 -3.4e+38 -3.4e+38
