rcp4.5models/CNRM_CM5/sc1gr9.30
NCOLS 261 
NROWS 433 
XLLCORNER 336357.134 
YLLCORNER 654653.479 
CELLSIZE 1000 
NODATA_value -3.4e+38 
[rows 242 to 263 of 433, columns 49 to 97 of 261]
438.70947265625 441.393615722656 444.699981689453 447.828735351562 450.306915283203 451.510406494141 454.405731201172 459.975280761719 462.715759277344 465.139739990234 467.297271728516 470.094543457031 472.90283203125 475.685485839844 478.810699462891 482.132720947266 484.716827392578 488.006683349609 493.869323730469 497.189697265625 501.115051269531 504.625244140625 508.005340576172 511.313415527344 515.004211425781 517.957336425781 521.296630859375 524.231506347656 527.59375 534.059020996094 537.497985839844 541.923156738281 545.61767578125 547.93408203125 550.317260742188 553.182983398438 555.180358886719 558.233581542969 562.039367675781 563.842163085938 565.881164550781 571.520874023438 574.692138671875 575.929138183594 578.139038085938 580.43359375 580.976196289062 579.95068359375 578.396240234375
446.541442871094 450.251556396484 452.641418457031 455.849975585938 457.828063964844 459.792907714844 463.343231201172 469.199401855469 471.780364990234 474.78271484375 478.070220947266 480.848388671875 484.271331787109 487.473724365234 490.563751220703 493.134460449219 496.956359863281 500.553955078125 506.703918457031 510.816589355469 514.345703125 518.108947753906 521.968078613281 525.723083496094 528.754028320312 532.516906738281 535.7568359375 539.162841796875 542.946594238281 549.997863769531 554.487548828125 558.481872558594 561.485412597656 564.377319335938 567.688171386719 569.966857910156 572.025939941406 574.959289550781 578.906982421875 582.020874023438 584.875610351562 589.332641601562 592.050659179688 594.525573730469 597.401550292969 598.891967773438 600.189575195312 601.192749023438 601.504699707031
450.3935546875 453.589691162109 456.520629882812 459.284851074219 461.963684082031 464.928344726562 468.316925048828 474.431274414062 477.411163330078 481.158721923828 484.404418945312 486.707794189453 489.587524414062 492.402038574219 495.115539550781 498.714965820312 502.673004150391 505.921478271484 513.521667480469 517.2255859375 520.876647949219 524.499389648438 527.712158203125 531.628112792969 535.020446777344 539.428649902344 543.364807128906 547.252563476562 551.253845214844 558.91064453125 562.590759277344 566.591369628906 569.544738769531 573.139831542969 576.125427246094 578.224182128906 580.428405761719 584.050476074219 587.697692871094 590.968566894531 593.751037597656 599.151794433594 601.183288574219 603.753784179688 606.722778320312 608.382202148438 610.148315429688 611.826171875 610.673706054688
453.567260742188 457.060272216797 460.435546875 463.255645751953 465.878234863281 468.931335449219 472.784881591797 479.447479248047 482.839050292969 486.678649902344 489.815185546875 492.339752197266 494.594482421875 497.603881835938 501.162384033203 504.310638427734 508.069519042969 511.909088134766 519.903869628906 523.034912109375 526.991943359375 530.597961425781 534.313903808594 538.177185058594 542.343933105469 546.566711425781 550.576354980469 554.82763671875 559.149841308594 566.918273925781 570.761352539062 574.051879882812 577.211364746094 581.463989257812 584.176513671875 586.598937988281 589.744079589844 593.613403320312 596.523986816406 598.417358398438 602.711669921875 608.511657714844 610.795532226562 613.789123535156 616.010192871094 618.120910644531 620.547058105469 622.051330566406 621.561950683594
456.574768066406 460.302429199219 463.9716796875 467.478973388672 471.142700195312 474.937652587891 478.112915039062 484.476837158203 487.759704589844 491.953430175781 495.32373046875 498.611480712891 501.048095703125 504.455902099609 508.108978271484 510.72705078125 513.910705566406 517.42529296875 525.404663085938 529.548278808594 532.920776367188 536.293762207031 540.484191894531 544.675170898438 549.745788574219 553.636840820312 558.135009765625 562.498779296875 566.320495605469 573.991821289062 578.364318847656 581.882202148438 585.788330078125 589.784362792969 593.353454589844 595.878784179688 598.880615234375 602.62158203125 606.505249023438 608.929565429688 612.587158203125 617.899597167969 621.14013671875 623.591979980469 625.527099609375 628.389892578125 630.600891113281 631.839782714844 632.741882324219
461.419372558594 465.180572509766 468.780303955078 472.250732421875 476.29736328125 480.369232177734 483.950256347656 489.326568603516 493.531890869141 497.236877441406 501.429260253906 504.799926757812 507.823272705078 511.178771972656 514.601928710938 517.783325195312 520.962463378906 524.193054199219 531.998168945312 535.493835449219 539.237548828125 543.685180664062 548.04345703125 552.207946777344 556.315612792969 560.702270507812 565.3876953125 569.562438964844 572.990295410156 581.130981445312 585.550598144531 589.66455078125 594.506225585938 598.236267089844 602.232482910156 605.368286132812 608.709167480469 611.949951171875 615.677062988281 619.432739257812 622.172241210938 628.302734375 631.068176269531 633.525817871094 636.189758300781 638.639953613281 640.451416015625 641.934020996094 643.031494140625
467.416931152344 471.421905517578 474.325775146484 477.015686035156 480.834594726562 485.286407470703 489.148132324219 495.490600585938 498.841522216797 502.618988037109 506.980377197266 509.893341064453 513.703735351562 517.67822265625 520.680114746094 524.634033203125 528.921630859375 532.278259277344 538.824768066406 541.792541503906 545.643493652344 550.992370605469 555.411865234375 559.079284667969 562.8251953125 567.938415527344 572.638732910156 575.968505859375 579.933288574219 588.803405761719 593.6884765625 598.146789550781 602.668640136719 606.922546386719 610.756958007812 614.444458007812 617.648254394531 621.187316894531 625.079223632812 624.918029785156 625.296081542969 638.058898925781 640.637145996094 644.380920410156 646.662963867188 648.2080078125 650.739501953125 653.252258300781 654.326416015625
472.857574462891 476.429534912109 479.488250732422 482.395477294922 486.536346435547 490.448791503906 494.036468505859 501.357635498047 504.075714111328 507.941070556641 511.7861328125 514.555847167969 518.719848632812 523.361999511719 526.58642578125 530.628784179688 535.333435058594 539.161804199219 546.43212890625 549.611877441406 553.855834960938 558.462890625 561.7314453125 565.421447753906 570.141906738281 574.738830566406 579.570861816406 583.550903320312 588.062316894531 597.386657714844 601.794128417969 607.249694824219 611.980407714844 615.875244140625 619.145812988281 623.265930175781 626.478332519531 630.856750488281 635.003784179688 636.098693847656 635.517456054688 648.732971191406 651.215637207031 654.649536132812 657.641479492188 659.576232910156 661.935729980469 664.016906738281 664.61669921875
478.056884765625 482.046630859375 485.524353027344 488.093383789062 491.820983886719 494.997467041016 499.005706787109 506.203277587891 509.990936279297 513.149353027344 516.652526855469 520.152038574219 524.600708007812 528.948181152344 532.240295410156 536.049743652344 541.417419433594 545.890930175781 555.896789550781 557.386352539062 561.72802734375 565.159484863281 568.184387207031 572.062438964844 577.44970703125 581.957946777344 586.480224609375 590.71875 596.345703125 605.911499023438 610.345886230469 615.323425292969 620.654724121094 624.925170898438 627.276977539062 630.597839355469 636.198669433594 639.82373046875 643.968994140625 648.371215820312 650.519592285156 652.177734375 662.039245605469 665.556762695312 668.613464355469 670.6435546875 672.965148925781 675.614074707031 676.480651855469
482.987945556641 486.393493652344 490.650787353516 492.899627685547 495.795257568359 499.235809326172 503.552795410156 510.700836181641 515.072326660156 517.946899414062 521.435546875 525.37060546875 530.240539550781 534.330505371094 537.53662109375 542.324523925781 547.421264648438 552.00390625 560.919189453125 564.727844238281 568.398254394531 572.02490234375 576.337280273438 579.723999023438 584.652587890625 589.770751953125 593.868957519531 598.164733886719 603.85498046875 614.2734375 618.818359375 623.480712890625 628.311584472656 633.608276367188 637.366577148438 640.663146972656 645.924499511719 649.662170410156 653.369995117188 657.674072265625 662.1982421875 664.236389160156 671.404602050781 676.690612792969 679.958129882812 681.951843261719 684.257385253906 686.6611328125 688.481628417969
486.905364990234 490.790344238281 494.684967041016 497.517883300781 500.280853271484 504.322296142578 507.880554199219 515.790344238281 519.226257324219 523.065002441406 527.496826171875 531.231201171875 535.361938476562 539.454772949219 543.492309570312 548.55712890625 553.69775390625 557.347900390625 565.791076660156 570.87158203125 574.844848632812 579.497619628906 584.635864257812 589.154052734375 592.825744628906 596.828979492188 601.344116210938 606.025146484375 611.844482421875 621.470886230469 626.141784667969 631.863708496094 636.64501953125 641.603881835938 646.623901367188 651.069946289062 655.924682617188 659.36669921875 663.044860839844 668.158203125 673.282348632812 680.362976074219 683.434753417969 687.629577636719 690.697082519531 693.265808105469 696.294250488281 698.3046875 700.235046386719
491.542053222656 495.357269287109 499.111083984375 502.114318847656 504.659393310547 508.446197509766 512.399230957031 521.06982421875 525.10693359375 529.234985351562 533.190673828125 537.535522460938 541.950561523438 545.976013183594 549.627014160156 554.571166992188 560.00341796875 563.729553222656 572.182495117188 576.689697265625 582.29833984375 587.533874511719 591.169006347656 596.981872558594 601.213989257812 604.857238769531 609.507202148438 614.377868652344 619.701416015625 629.401611328125 634.447204589844 639.8818359375 645.490661621094 650.257385253906 655.411010742188 660.556823730469 665.504821777344 669.556274414062 673.118347167969 678.272705078125 683.480346679688 691.173889160156 693.491394042969 696.036315917969 702.178100585938 704.887817382812 708.123901367188 711.122375488281 712.5185546875
496.344116210938 499.547821044922 503.439758300781 506.41845703125 509.353302001953 513.525207519531 518.232543945312 526.743896484375 531.60205078125 535.425476074219 538.822509765625 542.855712890625 547.521362304688 551.39599609375 555.537353515625 560.695556640625 565.167663574219 569.669860839844 578.329345703125 582.831176757812 588.99609375 593.835510253906 597.914733886719 603.055480957031 608.2451171875 613.166870117188 618.338806152344 622.491149902344 627.041809082031 638.664306640625 643.334716796875 648.033142089844 653.263854980469 658.629455566406 664.0185546875 669.77685546875 674.862609863281 679.164184570312 683.346374511719 688.698852539062 693.580139160156 702.213256835938 705.261291503906 702.276000976562 704.18701171875 717.27587890625 719.788635253906 722.480346679688 723.940612792969
505.381042480469 509.082733154297 512.475341796875 517.182434082031 521.87841796875 525.592407226562 529.838439941406 538.935363769531 544.604370117188 549.418334960938 552.365356445312 555.93212890625 560.187744140625 564.056457519531 568.718383789062 574.588623046875 579.726257324219 583.621887207031 592.686096191406 597.599243164062 602.13134765625 606.386901855469 611.277282714844 617.822204589844 623.252197265625 628.702697753906 634.213989257812 639.569702148438 644.276245117188 653.769470214844 660.238891601562 666.032043457031 671.339599609375 677.484252929688 683.383544921875 688.777709960938 694.833923339844 700.136291503906 705.158569335938 710.096740722656 715.133666992188 724.832092285156 730.196411132812 733.1171875 737.244384765625 743.450988769531 745.965454101562 747.677734375 749.350646972656
510.015350341797 513.219665527344 517.792663574219 522.884460449219 528.096801757812 532.151611328125 535.775512695312 545.652526855469 551.284484863281 555.955444335938 560.607238769531 563.911865234375 567.657775878906 571.505798339844 575.642639160156 581.083923339844 587.087463378906 591.367309570312 600.574890136719 605.513977050781 610.662963867188 614.479553222656 618.57470703125 624.208068847656 629.595764160156 634.93212890625 641.36279296875 647.378295898438 652.85986328125 662.5458984375 668.636535644531 674.502685546875 681.112426757812 687.165100097656 692.278137207031 697.769226074219 703.91650390625 709.706115722656 714.818725585938 720.065856933594 725.634155273438 736.082641601562 739.706298828125 742.188598632812 743.004333496094 745.376098632812 758.509033203125 758.812866210938 759.634582519531
514.255859375 518.103271484375 523.71630859375 529.229797363281 533.752563476562 537.941467285156 542.640197753906 552.0107421875 556.680480957031 560.541748046875 565.673706054688 570.291259765625 574.75927734375 579.548278808594 583.211791992188 587.627136230469 592.88330078125 598.082763671875 608.403625488281 613.032104492188 618.595947265625 623.34619140625 627.222534179688 631.408996582031 636.925659179688 642.752746582031 648.370178222656 655.17431640625 661.129821777344 671.9580078125 677.357971191406 683.373718261719 690.173034667969 695.815307617188 701.972473144531 707.830444335938 713.73388671875 719.725769042969 725.032470703125 730.763244628906 736.360778808594 747.292053222656 750.995849609375 754.101928710938 756.4296875 759.054260253906 771.179992675781 769.750244140625 766.299560546875
519.488647460938 524.589599609375 529.270385742188 533.418640136719 538.588439941406 543.312072753906 548.304748535156 557.148193359375 561.97509765625 566.346740722656 570.999084472656 576.09423828125 580.95849609375 586.484619140625 591.434143066406 595.467102050781 599.351196289062 604.303955078125 614.889038085938 620.099670410156 625.504943847656 630.2861328125 635.375122070312 640.662048339844 645.833862304688 651.977844238281 656.368957519531 662.128845214844 668.995666503906 681.380615234375 686.132385253906 692.325500488281 699.188232421875 705.422180175781 712.316345214844 718.537902832031 724.496215820312 730.722412109375 735.772888183594 741.201843261719 747.466552734375 759.060424804688 764.170104980469 768.040161132812 772.843383789062 778.1396484375 782.426513671875 781.2197265625 778.014831542969
527.370544433594 530.995300292969 534.696960449219 538.473571777344 543.1123046875 548.78271484375 553.625244140625 562.548278808594 567.753112792969 572.333740234375 576.848571777344 582.216125488281 587.260925292969 593.53125 599.278930664062 603.30078125 606.970642089844 611.476928710938 622.654724121094 627.396484375 633.210998535156 638.166198730469 644.260498046875 649.621826171875 653.805480957031 659.760192871094 664.831237792969 670.194580078125 677.760620117188 691.653381347656 695.517700195312 701.155151367188 708.15576171875 714.471130371094 721.319946289062 728.177551269531 734.543029785156 740.653381347656 746.603454589844 751.513122558594 757.417724609375 770.523986816406 775.843200683594 780.5517578125 778.1767578125 778.508972167969 793.576721191406 792.816711425781 790.512817382812
533.777954101562 536.784118652344 540.483032226562 544.658996582031 548.797302246094 553.370361328125 558.170227050781 567.883117675781 572.65234375 578.080993652344 583.403503417969 589.088500976562 593.782653808594 599.536315917969 605.60546875 610.325317382812 614.680969238281 619.360778808594 631.278015136719 635.609985351562 641.124328613281 646.379150390625 652.273376464844 656.783935546875 661.360107421875 667.698364257812 673.489196777344 679.668884277344 686.538696289062 700.031005859375 704.790161132812 710.502807617188 716.756286621094 723.74951171875 730.891906738281 737.873291015625 743.826293945312 750.281494140625 757.213439941406 762.363342285156 768.052001953125 781.258728027344 786.534118652344 792.258544921875 792.045654296875 791.971252441406 802.874328613281 802.398376464844 799.734191894531
538.994018554688 542.467651367188 546.715148925781 551.0380859375 555.524475097656 559.81298828125 564.610534667969 573.946899414062 578.803039550781 584.300109863281 590.044372558594 594.950500488281 599.983276367188 606.457946777344 612.648986816406 617.284362792969 622.0390625 628.013549804688 638.965942382812 642.8154296875 648.632873535156 654.188415527344 660.268676757812 664.843322753906 670.3212890625 676.614990234375 682.110046386719 688.628356933594 694.731689453125 707.497680664062 714.193725585938 720.318664550781 726.0556640625 733.495422363281 740.587768554688 746.975036621094 753.625427246094 760.164306640625 767.081298828125 773.417175292969 779.335998535156 791.686218261719 797.248718261719 801.767944335938 807.198059082031 808.40576171875 808.874084472656 811.868347167969 806.737060546875
544.107421875 548.584289550781 553.377075195312 557.921936035156 562.243957519531 567.074157714844 572.332946777344 580.232604980469 585.279724121094 590.981018066406 596.105834960938 601.237121582031 605.973876953125 612.431518554688 619.077209472656 624.543823242188 629.527954101562 635.925720214844 646.996826171875 650.123474121094 655.100952148438 661.106201171875 668.222900390625 673.047546386719 678.52587890625 685.263061523438 689.941223144531 696.928039550781 703.177185058594 715.126770019531 723.658264160156 730.239135742188 735.979736328125 742.68994140625 749.236694335938 756.438354492188 763.858337402344 770.549621582031 776.721435546875 783.134765625 789.697143554688 801.993896484375 806.526611328125 809.6240234375 815.687805175781 818.693603515625 819.975952148438 822.46923828125 817.06591796875
549.592163085938 554.658264160156 559.281677246094 563.983154296875 567.8974609375 572.561706542969 578.6455078125 586.908142089844 592.022399902344 598.039306640625 602.900390625 608.218811035156 612.2841796875 618.659240722656 625.431823730469 631.024353027344 636.710693359375 642.427368164062 654.359497070312 658.4912109375 663.118225097656 669.1455078125 676.087524414062 680.796997070312 686.187255859375 693.439147949219 698.846923828125 704.7763671875 710.373413085938 723.531005859375 733.201843261719 740.176635742188 746.051086425781 752.628662109375 758.450439453125 765.211181640625 773.043701171875 780.530395507812 787.126831054688 793.236083984375 800.113037109375 810.751708984375 813.884704589844 816.512939453125 823.198181152344 828.128112792969 829.857543945312 830.966003417969 822.192810058594
