rcp4.5models/CNRM_CM5/sc1gr5.8
NCOLS 261 
NROWS 433 
XLLCORNER 336357.134 
YLLCORNER 654653.479 
CELLSIZE 1000 
NODATA_value -3.4e+38 
[rows 374 to 395 of 433, columns 147 to 195 of 261]
-3.4e+38 -3.4e+38 273.371856689453 273.2275390625 273.141967773438 273.197540283203 273.244567871094 273.1484375 273.473480224609 274.219451904297 -3.4e+38 274.728851318359 275.048706054688 274.929229736328 274.646270751953 274.082580566406 273.540161132812 273.783569335938 274.131713867188 274.159454345703 273.831420898438 274.339019775391 274.967987060547 -3.4e+38 274.778228759766 274.560821533203 274.117645263672 274.284118652344 275.016235351562 275.500305175781 276.439971923828 277.010711669922 277.011901855469 276.458343505859 277.112243652344 277.637756347656 277.892639160156 277.747039794922 277.241546630859 276.964324951172 276.852355957031 276.841125488281 276.873992919922 -3.4e+38 277.8916015625 278.446960449219 278.834899902344 278.943298339844 279.271453857422
273.668334960938 273.472137451172 273.182556152344 272.974029541016 273.050109863281 273.253570556641 273.423217773438 273.244750976562 273.527587890625 273.837066650391 274.469512939453 -3.4e+38 -3.4e+38 -3.4e+38 274.527374267578 274.019897460938 273.844451904297 273.691925048828 274.204071044922 274.593658447266 274.161468505859 274.357208251953 274.850372314453 274.816528320312 274.615936279297 274.347106933594 274.391082763672 274.977996826172 275.569610595703 275.942962646484 276.691711425781 277.061462402344 277.050903320312 276.651641845703 277.581817626953 277.956573486328 277.945739746094 277.918640136719 277.902099609375 277.601867675781 277.427825927734 277.352905273438 277.200134277344 277.605072021484 278.093048095703 278.672760009766 278.9755859375 -3.4e+38 279.549896240234
273.769134521484 273.711273193359 273.373901367188 273.154266357422 273.155487060547 273.563415527344 273.993347167969 273.818023681641 273.893402099609 273.790435791016 274.318176269531 -3.4e+38 275.08837890625 274.914581298828 274.5986328125 274.281951904297 274.109375 273.765930175781 274.218383789062 274.996765136719 274.795135498047 274.708129882812 275.150299072266 274.834930419922 274.593231201172 274.599395751953 274.808044433594 275.198059082031 275.802001953125 276.304138183594 276.863555908203 277.055084228516 277.020751953125 276.739532470703 277.516662597656 277.927459716797 277.856048583984 277.872802734375 278.022735595703 277.88916015625 277.838287353516 277.763000488281 277.567291259766 277.764312744141 278.084838867188 278.956024169922 -3.4e+38 279.031799316406 279.500518798828
273.948791503906 273.850158691406 273.561157226562 273.517242431641 273.637054443359 273.857391357422 274.438201904297 274.393646240234 274.115417480469 274.207275390625 274.800048828125 275.202667236328 275.081115722656 274.797912597656 274.677825927734 274.394561767578 274.080596923828 274.115264892578 274.601318359375 275.203887939453 275.428558349609 275.233001708984 275.233367919922 275.041717529297 275.111938476562 275.178131103516 275.282684326172 275.412048339844 275.961151123047 276.367401123047 276.714019775391 276.963287353516 276.975891113281 276.936065673828 277.497222900391 277.828125 278.067016601562 277.759796142578 277.937194824219 277.98291015625 277.769134521484 277.734710693359 277.47705078125 -3.4e+38 277.932769775391 278.425994873047 278.793762207031 278.838043212891 -3.4e+38
273.810302734375 273.833374023438 273.887725830078 273.8447265625 273.965026855469 274.031707763672 274.559112548828 274.884704589844 274.453430175781 274.398254394531 275.273193359375 275.192321777344 275.069946289062 274.702758789062 274.447509765625 274.213684082031 274.087615966797 274.523864746094 274.826049804688 275.190948486328 275.782104492188 275.45849609375 274.625213623047 275.076873779297 275.463043212891 275.560089111328 275.659820556641 275.782043457031 275.988525390625 276.300079345703 276.703857421875 277.049896240234 277.32275390625 276.966033935547 277.433288574219 277.978271484375 278.643920898438 278.133575439453 277.938262939453 278.366577148438 277.823760986328 277.770385742188 277.530975341797 277.437622070312 277.697143554688 278.005981445312 278.160125732422 278.350036621094 278.779968261719
273.79296875 273.929626464844 273.965057373047 273.860687255859 273.789398193359 273.733245849609 274.421875 275.024932861328 274.819946289062 274.710235595703 275.214996337891 275.376770019531 275.175048828125 274.888244628906 274.655334472656 274.510131835938 274.530120849609 274.578216552734 274.731109619141 275.236999511719 275.90771484375 275.603912353516 274.577514648438 275.077423095703 275.419860839844 275.755737304688 275.835327148438 276.139862060547 276.106414794922 276.175140380859 276.674835205078 277.008636474609 277.426788330078 277.376373291016 277.534393310547 278.25146484375 278.734710693359 278.689208984375 278.363647460938 278.697296142578 278.227111816406 277.786437988281 277.710784912109 277.09765625 277.127655029297 277.795227050781 277.530792236328 277.652160644531 278.2724609375
273.870727539062 274.130432128906 274.39990234375 274.134399414062 273.726318359375 273.689239501953 274.241455078125 -3.4e+38 275.086242675781 275.064666748047 275.445617675781 275.531433105469 275.030853271484 274.996276855469 275.149627685547 274.999694824219 274.773132324219 274.373504638672 274.694091796875 275.077026367188 -3.4e+38 275.753875732422 275.215118408203 275.402740478516 275.521118164062 275.895324707031 276.372222900391 276.577331542969 276.044128417969 276.117095947266 276.522979736328 276.845306396484 277.178405761719 277.872131347656 277.916381835938 278.283813476562 278.665222167969 278.837799072266 278.787567138672 -3.4e+38 -3.4e+38 278.212982177734 277.620208740234 276.736541748047 276.622192382812 277.245025634766 277.147796630859 277.259460449219 277.470825195312
274.202972412109 274.331665039062 274.876678466797 274.499237060547 273.964569091797 274.112243652344 274.261657714844 275.141906738281 275.634521484375 275.526885986328 275.7705078125 275.335235595703 274.992919921875 275.153015136719 275.530090332031 275.35791015625 274.880187988281 274.528167724609 274.769866943359 274.900115966797 275.206726074219 275.851776123047 275.798187255859 275.817291259766 275.857788085938 276.156646728516 276.820983886719 276.7333984375 275.905151367188 276.132049560547 276.138488769531 276.436614990234 276.98193359375 277.567199707031 277.840393066406 278.004486083984 278.261383056641 278.405181884766 -3.4e+38 -3.4e+38 278.800872802734 278.394836425781 277.760070800781 277.063995361328 276.383148193359 276.649047851562 277.137451171875 277.425506591797 277.365417480469
274.85302734375 274.606262207031 274.848815917969 274.787658691406 274.589721679688 274.685424804688 274.74462890625 275.2353515625 275.624603271484 275.928894042969 275.732360839844 275.322967529297 -3.4e+38 -3.4e+38 275.720397949219 275.405914306641 274.950958251953 274.74658203125 274.956237792969 275.2998046875 275.710205078125 275.844970703125 276.04931640625 275.967376708984 276.1044921875 276.232666015625 276.845794677734 276.837524414062 276.330932617188 276.038848876953 275.628051757812 275.926239013672 276.499816894531 276.796051025391 277.277252197266 277.498565673828 277.839691162109 278.248168945312 278.712524414062 -3.4e+38 -3.4e+38 -3.4e+38 278.27392578125 277.849395751953 277.021606445312 276.341918945312 277.543273925781 278.047302246094 277.838439941406
275.117980957031 275.252807617188 275.105621337891 275.486633300781 275.373046875 275.3349609375 275.237518310547 274.897979736328 274.826873779297 275.46484375 276.025390625 275.649658203125 275.0869140625 -3.4e+38 275.406097412109 275.31298828125 275.188201904297 274.899078369141 274.993377685547 275.423767089844 276.076080322266 276.515625 276.037658691406 276.651336669922 276.726348876953 276.817474365234 276.980895996094 276.81689453125 276.439605712891 276.167724609375 276.065002441406 275.981536865234 275.923004150391 276.84521484375 276.929626464844 277.349243164062 277.441955566406 277.576019287109 278.390838623047 -3.4e+38 -3.4e+38 -3.4e+38 278.864379882812 278.501373291016 277.957305908203 278.426025390625 278.494354248047 277.664520263672 274.856567382812
274.895355224609 275.267364501953 275.36767578125 275.518707275391 275.407073974609 275.686737060547 275.510803222656 275.190551757812 275.157196044922 275.748291015625 276.023162841797 275.768646240234 275.333221435547 275.121917724609 274.784698486328 274.611480712891 274.880126953125 274.945495605469 275.399627685547 275.817291259766 275.933868408203 276.379943847656 276.393402099609 276.730407714844 276.901733398438 277.146148681641 277.067108154297 276.748718261719 276.478546142578 276.303009033203 276.208892822266 276.306518554688 276.080322265625 276.806457519531 -3.4e+38 277.718109130859 277.639312744141 277.559844970703 278.221343994141 -3.4e+38 -3.4e+38 279.513061523438 279.607513427734 279.161010742188 278.528625488281 278.586212158203 278.556243896484 277.528686523438 275.3388671875
274.917205810547 275.378082275391 275.385101318359 275.576110839844 275.803283691406 275.885314941406 275.91943359375 275.603515625 275.597351074219 276.098754882812 -3.4e+38 275.995666503906 275.716766357422 275.248291015625 274.82470703125 274.456268310547 274.533142089844 274.827941894531 275.241027832031 275.530639648438 275.908477783203 276.193878173828 276.796508789062 276.8720703125 277.416198730469 277.649932861328 277.314910888672 276.825134277344 276.556884765625 276.475128173828 276.571685791016 276.621673583984 276.504760742188 276.787231445312 277.372497558594 277.650115966797 -3.4e+38 278.061309814453 278.068450927734 278.822570800781 279.2529296875 279.967254638672 279.977630615234 279.758911132812 279.642303466797 278.980163574219 278.633209228516 278.341369628906 277.927581787109
274.957366943359 275.118286132812 274.961853027344 275.276580810547 275.71923828125 275.979614257812 276.272583007812 275.964630126953 275.968200683594 276.152130126953 276.143432617188 275.695343017578 275.424835205078 275.253265380859 275.128021240234 274.812103271484 274.744934082031 274.793884277344 274.75830078125 275.096282958984 275.818634033203 275.971282958984 276.895660400391 277.085906982422 277.649475097656 277.771087646484 277.726043701172 277.181060791016 276.819061279297 276.847106933594 277.038024902344 276.84228515625 276.277801513672 276.754669189453 277.305450439453 277.753540039062 278.239562988281 278.471862792969 278.302124023438 278.566101074219 278.911407470703 279.484130859375 279.82568359375 279.751281738281 279.887481689453 -3.4e+38 279.02392578125 278.803253173828 278.665344238281
274.414581298828 274.647277832031 274.996398925781 275.304626464844 275.685607910156 275.996459960938 276.335754394531 276.206604003906 276.020385742188 -3.4e+38 276.107635498047 275.485473632812 274.916320800781 275.049896240234 275.341369628906 275.165435791016 274.989624023438 275.175994873047 274.74853515625 274.928985595703 275.500640869141 275.940368652344 276.786285400391 276.839965820312 277.302642822266 277.648315429688 277.821746826172 277.488433837891 277.187255859375 277.481140136719 277.521575927734 277.015625 276.169036865234 276.779144287109 277.057037353516 277.860046386719 278.587158203125 278.698516845703 278.605560302734 278.599456787109 278.857177734375 278.851318359375 279.444000244141 279.703582763672 279.713745117188 278.674041748047 279.517547607422 279.008514404297 277.660247802734
274.297546386719 274.770050048828 275.306701660156 275.489929199219 275.768280029297 275.984283447266 276.224792480469 276.200714111328 276.127532958984 276.294494628906 275.966522216797 275.251983642578 274.966125488281 275.317687988281 275.669219970703 275.494201660156 275.338104248047 275.589569091797 275.074493408203 274.899475097656 275.023498535156 275.517333984375 276.197692871094 276.326446533203 276.936492919922 277.327331542969 277.755401611328 277.577423095703 277.486419677734 277.684204101562 277.507629394531 276.950042724609 276.672729492188 276.844970703125 276.814086914062 277.440612792969 278.232940673828 278.636260986328 278.868804931641 278.968597412109 279.202178955078 278.779602050781 279.413848876953 279.614166259766 279.664398193359 279.707275390625 279.672576904297 279.074340820312 276.857330322266
274.527160644531 274.977294921875 275.251159667969 275.356811523438 275.647857666016 275.814300537109 276.141784667969 276.394836425781 276.393646240234 276.265411376953 275.845397949219 275.138580322266 275.430023193359 275.646697998047 275.749389648438 275.600372314453 275.646301269531 275.665496826172 275.353912353516 275.026062011719 275.106292724609 274.946197509766 275.890289306641 276.399139404297 276.867126464844 277.287933349609 277.691070556641 277.671142578125 277.672149658203 277.437255859375 277.179382324219 276.973724365234 277.161895751953 277.275726318359 277.143707275391 277.27587890625 277.911499023438 278.487640380859 279.095764160156 279.356842041016 279.592620849609 279.312469482422 279.762664794922 279.732025146484 279.717559814453 279.696044921875 279.876892089844 279.458862304688 278.49462890625
274.470764160156 274.872711181641 274.813537597656 274.753021240234 275.202911376953 275.462677001953 276.144012451172 276.589538574219 276.347930908203 275.918365478516 275.951110839844 275.517761230469 275.845184326172 276.188354492188 276.231597900391 276.003112792969 275.803436279297 275.711456298828 275.565032958984 275.40185546875 275.602020263672 275.118774414062 275.489288330078 276.404998779297 276.987945556641 277.599578857422 277.788604736328 277.803375244141 277.7216796875 277.428314208984 277.238128662109 277.26416015625 277.504516601562 277.650787353516 277.640655517578 277.63671875 277.926513671875 278.454956054688 278.929931640625 279.620819091797 279.797424316406 279.7666015625 279.881469726562 279.956390380859 279.81787109375 279.767761230469 280.184997558594 280.009002685547 279.825531005859
274.062652587891 -3.4e+38 274.256256103516 274.350219726562 274.722259521484 275.160919189453 275.998168945312 276.427154541016 276.485198974609 276.209106445312 276.085968017578 276.252838134766 276.281402587891 276.608123779297 276.519714355469 276.231506347656 275.831848144531 275.763549804688 275.724761962891 275.766845703125 275.814422607422 275.612670898438 275.453063964844 276.101715087891 276.982238769531 277.719512939453 278.148590087891 278.048187255859 277.988708496094 277.704772949219 277.449462890625 277.590026855469 277.828643798828 278.094604492188 277.899169921875 277.627532958984 277.760314941406 278.444549560547 278.757507324219 279.676879882812 279.853881835938 -3.4e+38 280.040435791016 280.136108398438 280.020202636719 280.303894042969 280.594604492188 280.400268554688 280.208923339844
273.449523925781 273.78662109375 274.095977783203 274.653564453125 275.014312744141 275.369384765625 276.063232421875 276.425842285156 276.834808349609 276.822021484375 276.487274169922 276.646057128906 276.530853271484 276.51611328125 276.258911132812 276.191040039062 275.816314697266 276.219787597656 276.178680419922 276.177642822266 275.890930175781 -3.4e+38 275.959503173828 276.349456787109 277.031829833984 277.689086914062 278.164642333984 278.194091796875 278.001007080078 277.927734375 277.653106689453 277.986785888672 278.404022216797 278.666168212891 278.137176513672 277.595855712891 277.623291015625 278.255462646484 278.708099365234 279.505432128906 279.68310546875 279.901947021484 -3.4e+38 -3.4e+38 280.201843261719 280.652496337891 281.005981445312 280.848907470703 280.823303222656
273.514709472656 273.848571777344 274.133453369141 274.694915771484 275.155456542969 275.457977294922 276.060607910156 276.181640625 276.549926757812 276.877227783203 276.853637695312 276.443328857422 276.115051269531 276.294616699219 276.417755126953 276.4638671875 276.333862304688 276.832244873047 276.608459472656 276.26171875 276.269470214844 276.305816650391 276.182250976562 276.350830078125 276.929779052734 277.354125976562 277.897064208984 278.108459472656 277.931488037109 277.992492675781 277.876708984375 278.197265625 278.758941650391 278.852478027344 278.335479736328 277.696472167969 277.7392578125 278.223114013672 278.511962890625 279.084808349609 279.466125488281 279.560729980469 279.884887695312 -3.4e+38 280.049530029297 280.376708984375 280.744506835938 280.900482177734 281.067321777344
273.863342285156 274.223480224609 274.080596923828 274.317504882812 274.811614990234 275.162902832031 275.616607666016 275.802032470703 276.22607421875 276.775817871094 276.767333984375 276.48974609375 276.091125488281 276.175903320312 276.634979248047 276.625640869141 276.644714355469 276.669647216797 276.378723144531 276.348480224609 276.655456542969 276.669494628906 276.364044189453 276.059936523438 276.728332519531 277.091491699219 277.666961669922 278.076965332031 278.160461425781 278.058868408203 278.115997314453 278.298309326172 278.644226074219 279.009918212891 278.452941894531 277.799530029297 278.123901367188 278.442901611328 278.313812255859 278.641265869141 279.274566650391 279.470886230469 279.54345703125 279.743896484375 279.793273925781 280.247406005859 280.506164550781 280.727355957031 280.913055419922
273.605133056641 274.379852294922 274.637878417969 274.578430175781 274.672698974609 274.75390625 274.966857910156 275.355834960938 276.047607421875 276.717010498047 276.891632080078 276.737365722656 276.727661132812 276.829925537109 277.117309570312 276.972290039062 276.635040283203 276.621673583984 276.667175292969 276.867126464844 277.497772216797 277.566040039062 276.729827880859 276.430694580078 276.492645263672 276.985778808594 277.784454345703 278.341156005859 278.602203369141 278.648071289062 278.543212890625 279.104888916016 279.022888183594 279.066345214844 278.844268798828 278.596557617188 278.775177001953 278.828765869141 278.570770263672 278.57958984375 278.818756103516 278.955047607422 279.048706054688 279.394744873047 279.895050048828 280.40087890625 280.584075927734 280.585998535156 280.825897216797
