rcp4.5models/CNRM_CM5/sc1gr6.4
NCOLS 261 
NROWS 433 
XLLCORNER 336357.134 
YLLCORNER 654653.479 
CELLSIZE 1000 
NODATA_value -9999 
[rows 242 to 263 of 433, columns 150 to 199 of 261]
907.285522047138 885.536574521063 878.945444724977 879.574499888745 881.539168596247 881.227008642108 881.336285104534 883.591704556566 889.652314109107 895.259464779694 899.023244444864 902.253063496465 905.25788871283 908.292128877881 913.505058030639 918.691201472845 924.797275993925 928.605202806026 934.645766112426 943.791444658544 947.659881848624 954.250048453841 962.420318247147 969.909136187548 977.205235340965 985.025966141896 992.377364929892 996.895040719505 999.993474045831 1004.6348280764 1011.76268862914 1015.6887511685 1023.23290445498 1033.57646441947 1041.40674041101 -9999 -9999 1053.43168682666 1055.60161328559 1063.72366453951 1068.65613503639 1076.28421908398 1092.51927691371 1099.74435303705 1106.4855254212 1115.66487840737 1123.62145775935 1125.42921436895 1124.37763291128 1125.99144234905
889.914405686514 876.5924566507 872.782348638036 871.882415785109 873.190107663791 875.566094382268 877.915330348703 879.364393315927 883.664370421959 886.100217773797 890.187611599804 894.512240681079 899.207021530341 904.407080671196 909.233706077529 914.850727483042 922.538725907416 928.129940673294 934.425219864545 941.262566895658 946.685732281684 952.290167001886 958.739598887824 966.717990953611 974.41513640753 982.617868605233 991.470080521414 997.077508066222 1001.06992844874 1005.35089709784 1012.56399444381 1019.12481177729 1028.54580709104 1034.12140285355 1037.08690038851 1043.83271463149 -9999 -9999 1062.53344847439 1065.84231031514 1072.70956617651 1083.42094776758 1116.30962882632 1121.48841105448 1117.65949116908 1119.77651146439 1122.57788872577 1125.26999722914 1129.72171689871 1132.12434163204
883.77826238848 874.030415928574 869.446565862732 868.423263924073 868.979066665318 871.705278857468 875.217140759235 876.432457586528 881.514667022188 883.427487091686 887.137907079859 -9999 896.912690429169 903.453874866649 908.83550894114 912.745158096259 919.82889664649 925.943397444555 931.234918151965 941.354452798044 947.983788369602 953.645483485166 958.881444737508 968.221161178808 978.770936438645 992.468909670108 997.46677580064 997.374629426905 1000.33596401909 1004.47298596681 1013.24028011724 1019.39383648861 1029.08942364633 1032.38412949233 -9999 -9999 -9999 -9999 1062.26221264607 1067.26537422449 1074.5468196395 1085.34518989376 1102.71202095587 1110.79061283355 1115.39036640422 1117.39364952836 1120.8398553529 1124.76604583115 1129.84953733383 1131.89258067889
882.648970691306 871.140759155981 867.499370317024 867.442423357699 866.163374678356 866.691909911524 869.877648878992 872.17204073664 877.159499652549 880.097464089662 884.083270487955 -9999 893.614966200959 899.44646992766 905.720258530983 909.539411257054 915.267628861591 920.591213738133 925.969565269727 939.759028437302 948.426917329498 954.19067530148 959.414459595535 968.558226131307 987.470979173269 1015.68984679703 1013.12741993277 1003.82401741144 1000.68380123922 1004.31080735155 1014.29475947366 1022.02001207961 1028.159406226 1029.96077384162 -9999 -9999 -9999 1056.38136510121 1064.06073204133 1072.52379749538 1079.33439528184 1088.50631715736 1100.89009263982 1105.14000907631 1111.99817286577 1117.96033392037 1119.3889226602 1122.55461025719 1126.5832966638 1130.08941722952
899.146641074217 867.822169834869 864.925186786 865.752414546518 865.23774969595 864.15138444042 866.458622985124 869.255404918079 873.732746542588 877.217530566825 880.92992147501 885.457820596979 890.100076563719 895.030186609499 900.668198260411 905.261149260587 910.733468533075 916.116192795139 922.416163596887 934.721760403871 943.643953046355 950.149719147136 956.955096777004 967.05764877413 986.52547374474 1012.83428823734 1018.98518657079 1008.61677667631 1000.34167691172 1002.90496919994 1013.24688573432 1022.16832607233 1026.59093547892 1029.91412595201 -9999 -9999 -9999 -9999 1064.01258644187 1083.87868768533 1102.99430009579 1089.88019522282 1100.40903201933 1102.69480202187 1108.16256990074 1116.45046602789 1118.56053788271 1120.57032934894 1122.87398216102 1127.63301167364
885.070297133833 861.546346649296 859.734926305077 861.031148732803 861.618790135011 862.601065560182 -9999 867.411666212771 872.656409191264 876.118323171451 878.863558876086 882.699299833582 887.660268620607 892.511972723866 896.797791445441 902.042033212653 907.905423289321 912.537010952648 918.62896742439 931.001573384293 939.057623361207 946.460890472239 956.223591706125 966.711144419105 979.492685551502 990.976516640608 1000.94345474021 999.316561155408 999.300697600015 1002.31355456252 1010.10624165146 1017.22195220246 1023.14731832485 1029.06289005791 1034.5348816308 -9999 -9999 -9999 -9999 1079.98085475388 1098.80562021948 1085.18701664726 1099.7560623684 1102.9479371174 1105.11069236259 1110.85874173959 1114.24528763162 1116.76981889749 1121.60820664672 1125.06185538614
863.032040696403 855.349250244135 857.399723197597 857.976221274307 858.700748975078 861.349153627831 865.170592312847 866.296137073544 872.59052040944 874.852656722833 876.91199414762 881.101748149963 885.559449544267 891.032819859669 895.664712006598 900.716634719639 907.059302112627 910.895246827166 916.643008174794 928.105456017918 935.507524005258 943.720805905598 954.505011760568 964.707830369178 976.441939309255 983.949513886408 988.741936857344 995.597615037864 1000.5069194026 1001.83023613828 1010.0824851165 1015.17881893153 -9999 1027.14196320275 -9999 -9999 -9999 1055.05201296067 1062.00665098407 1070.53632337937 1079.72570649066 1082.08343470332 1096.53125597089 1104.17919144661 1105.37417574619 1106.92087642695 1111.1482883678 1114.75280957354 1120.18603012234 1124.69224721946
880.48671681988 854.877492522721 856.421717224219 857.036251313729 857.864756160549 859.597796657281 862.245076372065 864.543338372203 870.098194174304 871.89645025699 874.421121914849 878.664653687455 883.628401477867 889.677201624075 894.67801884254 898.133450798057 905.170570405492 911.53195212793 916.5753060199 926.727981774564 933.711289938351 941.484429943152 -9999 -9999 968.959468898666 980.11114602326 989.706657284382 999.645015097848 998.871126572789 1001.46261664116 1011.6846458606 1016.98093801749 1021.13380626008 -9999 -9999 -9999 1046.37330058442 1054.98811791746 1064.23808115455 1072.84476891601 1080.1734579654 1082.67055487639 1093.20264920581 1103.70447771943 1107.60654680336 1108.46121816817 1113.12070759368 1118.112350848 1124.1322325025 1129.25878303359
915.58510390846 854.720890297921 855.955317985499 856.742008192831 857.808317179001 859.421294840812 859.98716624527 861.20135322269 865.647315364514 868.625593116889 -9999 -9999 883.678177906556 889.917723715687 893.23128390346 894.952199534041 901.93216462982 910.346536609797 916.137107093853 925.836629263068 933.856281225436 943.89370549079 948.124714131858 -9999 -9999 975.503325249852 987.092627572929 996.257018580236 998.44404514832 1007.35466540736 1008.45318579311 1013.45522771121 1019.89103350755 -9999 -9999 -9999 1047.97094986871 1059.21492984915 1069.98418370962 1079.10418513184 1083.80300821037 1081.91673305043 1091.2022745793 1099.9159475855 1110.0002328096 1116.49209067679 1120.03722825706 1123.70627622649 1127.89424808127 1131.71568307436
919.076673185909 852.611027324614 853.597296617353 855.359640161415 857.249914309639 858.955817152069 859.2475324839 859.528274333551 863.203784538656 865.680456283666 -9999 874.614566040758 882.670336865872 887.872221195854 890.683702789734 893.162259565634 899.45444826688 905.91342549013 913.714323284761 924.74194881236 933.151706336045 944.502422992247 949.543842663186 959.475485123601 970.621053249606 974.470683122083 983.400856880708 990.920796417246 997.868270468257 1004.31777707459 1004.50506974269 1008.84738719309 1016.43161802291 1023.10719629647 -9999 -9999 1046.5618077737 1059.87499451693 1068.84034714235 1078.876058735 1084.19729516008 1084.09986048374 1091.97038822445 1096.25269646168 1106.95725336846 1118.74634253589 1126.14930689336 1129.05641037277 1130.9411554061 1134.58555074764
910.754967632101 867.251295709018 853.048294376056 853.849772544665 853.061366460523 854.643823191843 857.322607523221 858.426734715787 860.646133536854 862.917224885538 -9999 872.537395928721 878.54558639666 882.695400796796 887.50297551395 891.420100296152 896.70823487444 902.383378169209 910.209173884257 925.58319133748 933.344348425423 944.154036893435 953.984042238537 976.813516680829 995.732654959773 977.631687647671 983.901826466749 989.750084990327 993.194838044709 995.535438191023 1002.05725230469 1009.96496555008 1016.36346690754 1022.08598903372 1028.77538358128 1034.26734519441 -9999 1054.46889696685 1065.21255974038 1077.35500753069 1085.60914950057 1087.3165480405 1096.82126758907 1097.11281971263 1102.80981602878 1115.00353048566 1130.75040483804 1134.39475477354 1134.73028255329 1136.13038179184
929.047810430438 878.717525829187 857.997555658717 857.313098960916 849.190616302189 850.621067979661 857.280218658849 859.61846285526 858.572484375359 861.120585913595 -9999 870.163283627684 874.992277087806 880.608174631276 885.876275611437 889.672170657398 894.068017871551 900.279528555292 906.685674876324 923.604444532291 931.737379947614 943.578141539546 957.401848527256 986.221178822101 1008.96859391723 976.618777502242 983.482443552538 990.549570017335 991.696052599023 994.459977052116 1001.77512820586 1011.8132537205 1016.04883592735 1021.15746554102 1026.86652196519 1033.79469246758 -9999 1050.6679929942 1063.04091767883 1077.4873822242 1087.39452295306 1087.48779675256 1098.52807013043 1099.35973484339 1101.63476139648 1111.84018543091 1129.07251532681 1133.95761643544 1134.16241887184 1133.06478734812
907.834624634253 866.640836820083 851.516449221303 851.667473150317 846.08043125177 846.967626492431 853.018542847249 856.313191063482 857.504738954294 859.576688101886 -9999 869.294616258813 875.362005427468 880.872922386155 884.235493110828 888.71852276456 892.381056034497 898.564840844643 906.075216115079 922.397229310952 932.241873952943 943.710247208568 956.222879730483 971.461698118841 984.216295746951 973.724053383643 986.168440924624 996.940666036466 996.586813811933 993.669414396587 1002.23453628583 1010.88303235255 1013.65749385413 1019.42569425392 1026.93598057643 1033.63969369512 -9999 1049.92198370607 1062.87942254528 1072.72839240596 1080.78467535629 1085.12321464295 1095.73491934915 1098.52278143346 1104.06518430463 1109.81116239988 1119.97636709098 1129.46345380117 1132.48042935783 1133.6899403505
917.043814883924 861.096717357192 841.324054342879 841.550882856615 843.099926546212 843.811870233215 845.761659589878 846.904742381579 851.618995022699 854.746186472275 858.524843735189 862.742920012569 867.397384014089 872.360909438118 879.327239999337 885.908842383051 887.83587517332 893.350888026272 900.2512686368 921.061471064404 927.691451091984 936.462705662234 946.185504076331 948.139741060127 958.273406461602 969.97883240852 978.697722151944 989.978524319497 991.666849390594 989.352240963172 999.935345810746 1008.98159454873 1013.88754524448 1020.48178210031 1027.35575239433 1032.38732481134 1038.2308503081 1048.41010423337 1057.39631409487 1061.27310678947 1069.67204144565 1081.10820276985 1090.35930144496 1097.7499399241 1103.56568863559 1108.73822621553 1113.55919364676 1121.81461357697 1133.57413421991 1144.49242456801
938.195955596453 873.798938900427 840.24433851649 841.513048060033 844.84125501922 845.534935682159 845.925509144502 846.853657835859 849.097636101658 852.412683173897 -9999 860.973884153546 865.552701195121 870.367473796004 878.394131503146 886.169069949185 887.633050255279 891.482752062441 898.203457998473 915.636770461524 -9999 -9999 937.386381946399 -9999 952.389534582193 964.975887358951 979.109561098205 996.374450827711 993.517861677231 989.019823893716 999.307344968235 1008.42259127978 1015.50973898132 1020.7259728926 1025.15645807735 1028.5758294087 1035.78680603867 1047.08183574346 1055.71707179702 1059.5018073601 1065.02623087872 1076.71575934194 1088.62137387019 1093.80261305154 1098.41764286989 1106.81484828313 1113.72203467482 1123.18964908084 1137.62489270539 1147.19163869781
924.595082770518 872.568903893065 842.801828617347 847.946117530224 848.68915478293 843.887893351744 842.573198920145 845.598695867444 847.536688416922 850.108750081397 -9999 859.151641024206 864.465335951333 868.504150806757 874.807683059697 882.874180621384 887.417399570058 889.500921754141 895.346531327478 909.861594077272 -9999 -9999 -9999 943.125642622372 -9999 965.253728523163 987.794530676526 1008.41352584323 990.149887351344 986.504062703436 999.428617554106 1006.54524250604 1014.15532847793 1018.56066710364 1022.46046175122 1026.79290177603 1034.10707233084 1046.30354248723 1055.40809456025 1059.90707678138 1063.49128096728 1070.80484633339 1082.93665418142 1089.49716503261 1098.45281325993 1106.80475077067 1115.70747937657 1124.9410631762 1136.81097131425 1147.85086371622
922.263327891801 883.605234709249 866.003601419059 888.936665829024 872.272856490988 841.177076097301 841.175468033865 844.053101857327 846.417294412581 849.049229695276 852.323247982654 858.07470828926 864.23972431108 867.573090095695 872.65707506327 880.581613518603 887.172179344917 888.409579877785 893.22669461378 908.563884459143 -9999 927.59807189303 936.780121038657 949.77652214699 961.071810803463 968.175231399015 997.270914594937 1026.25536026847 980.498397677192 985.239949164147 998.502793899673 1004.4078886644 1009.06495973871 1016.07213076771 1020.63864008509 1025.13259737001 1035.29308754406 1046.38687697075 1053.87906283433 1059.34848446897 1061.64011028385 1066.22027773328 1079.11645791103 1089.05810923869 1099.43117526861 1106.33581622623 1115.52753083178 1126.18097524927 1134.40709235793 1144.90510885093
946.186230793521 914.628711034613 888.300407412626 900.822328932616 885.529690158905 838.504397337741 838.740112129324 840.493627393795 844.203101053454 847.177830170042 850.426231134327 855.668464546793 861.919903155314 866.925264545177 870.717089394939 877.585707358422 884.921217526796 888.183492136354 891.897309820487 908.943632964856 917.860574377323 926.226164374573 939.377251957344 964.270399923726 1006.6230029963 1038.5023132811 1025.74755942444 1004.94402977473 980.331329248486 985.802594363532 996.762911317862 1001.98708271092 1005.42224733758 1012.17540857709 1018.00136348511 1024.3036373641 1036.34912136231 1046.60206678347 1049.67805092757 1053.88751704012 1056.90097197208 1062.21068767826 1079.80272421792 1090.22316609842 1096.9424611131 1105.08804843738 1116.58285581108 1127.10051710865 1134.36059823509 1142.32517615853
945.579797085084 912.848810002258 886.186866141834 873.631950481963 876.282220530113 835.142633589436 835.715698588203 837.566091528895 842.29140187677 844.501833500057 847.730329625731 852.705527966102 859.607285506662 866.955378864521 868.625812966659 874.741293100866 882.987535269492 887.807454720374 890.46105337853 -9999 -9999 -9999 946.993057829859 999.915196048568 1060.79285853274 1066.80802469676 1007.3449699041 977.515912293589 982.028278640833 985.515711854042 995.201837526701 999.559061604954 1002.22088761702 1008.06552236284 1015.76423794516 1022.18815858052 1033.45045429708 1046.21873265952 1048.8926377434 1048.93866340076 1054.95058494685 1060.89705814834 1081.14627695149 1090.10605523173 1096.77980898953 1107.13980786197 1119.27084830723 1126.92595589311 1132.59119531358 1138.03822972217
889.91545028668 869.304184139618 863.647720403759 861.154701688871 865.417201427378 833.418295644388 836.580651524221 839.609292157835 841.613000289886 842.832309243914 -9999 851.185490327122 860.323511582594 868.489975914435 869.538488256004 874.345783828566 880.797628920918 885.304934511668 888.477322687531 -9999 -9999 -9999 944.747987341308 992.326392021779 1011.4683363639 990.179733276648 964.660052702365 975.362716525692 981.042206862645 981.908763699231 992.476339603572 995.41216703029 999.779986317038 1007.42053741312 1014.51150476031 1019.86604933076 1030.07638803445 1040.35528856906 1045.81793993731 1048.6488970357 1055.73301222929 1060.63892308637 1082.05749384304 1092.15251369335 1098.46091200168 1107.2715821019 1119.07629380788 1126.97000646616 1129.37663080953 1134.63196754104
872.659595676306 877.425360396132 864.200066751642 849.798401960087 855.996917423439 852.269787185223 851.587551311155 840.14959541149 841.237184845325 843.514984855664 -9999 849.838551996248 858.835848345788 867.43068756569 870.265090174772 875.487898549777 880.447099016295 883.94082912229 887.057946886853 -9999 -9999 -9999 -9999 945.594067501291 944.261532970144 947.298751730353 958.687035455113 970.60861571921 977.529465545526 979.071362866708 988.184671506394 992.155032883733 999.433057441254 1008.24764093993 1014.02398347887 1018.77633688899 1027.78465021189 1033.55045629781 1043.55817119016 1054.10065397758 1056.34219758683 1059.4454475054 1083.76251168714 1096.09136639254 1100.15128887459 1106.32328340873 1117.41277434495 1125.99274874321 1127.91753230061 1135.38519160156
933.459350888265 955.083716179264 907.622712543631 842.626371088846 851.755889741316 861.754912560865 850.092037945672 837.876118329198 838.675035699872 841.809531152019 843.693809430956 848.23873250422 855.335602456833 862.744818506897 867.666624384972 874.648545005152 880.773916899637 885.01414223756 886.356068194391 -9999 -9999 -9999 919.516163978301 927.803459511557 937.324193209593 945.669552734184 956.40948051391 967.575018246778 975.60652325885 978.993475181428 984.605634621605 992.315077407504 998.716875727198 1004.77955389411 1009.7198360604 1016.38021233785 1027.95341258718 1033.78697981773 1043.05409495783 1053.21420204846 1054.89480523643 1056.99528629474 1080.30070243721 1092.66107339002 1100.38230780491 1107.19895779646 1119.10292004219 1126.75373281326 1126.55693453975 1135.85380660807
