rcp4.5models/CNRM_CM5/sc1gr8.22
NCOLS 261 
NROWS 433 
XLLCORNER 336357.134 
YLLCORNER 654653.479 
CELLSIZE 1000 
NODATA_value -3.4e+38 
[rows 308 to 329 of 433, columns 147 to 195 of 261]
75.0493774414062 78.4907684326172 95.5937652587891 99.6138763427734 88.6571807861328 88.3702239990234 88.6361846923828 87.2801513671875 85.2745666503906 86.5248718261719 88.7495803833008 87.3897399902344 88.0116271972656 85.9409790039062 86.4796829223633 91.5767822265625 95.9759292602539 96.695686340332 97.4793090820312 98.5034408569336 99.3974227905273 97.9969787597656 93.204460144043 93.5284423828125 91.1727142333984 93.0590972900391 101.794555664062 104.110893249512 96.9865875244141 95.1203155517578 98.3574752807617 101.649192810059 110.041915893555 107.353790283203 100.44376373291 103.865463256836 115.467582702637 110.726425170898 110.093162536621 110.811950683594 115.925506591797 112.579315185547 109.823356628418 111.037620544434 110.241432189941 102.183235168457 99.9955902099609 100.463745117188 100.337059020996
70.1526412963867 86.071403503418 102.387321472168 102.554039001465 92.6832275390625 87.4334030151367 87.3150405883789 86.095344543457 85.4577941894531 88.3130111694336 89.4187774658203 87.1671447753906 87.4786834716797 87.2339782714844 87.7731704711914 90.7259750366211 96.2161254882812 101.387588500977 103.492874145508 101.165397644043 98.0710678100586 95.4860610961914 91.5096435546875 92.7130508422852 90.6660690307617 91.207878112793 96.9997863769531 104.521667480469 101.553955078125 94.9645004272461 96.2783126831055 96.9923706054688 104.561431884766 100.000862121582 97.7278289794922 102.576614379883 114.231781005859 112.036224365234 109.297523498535 110.38468170166 113.181121826172 108.936157226562 108.856513977051 110.697555541992 112.071701049805 103.691162109375 98.873405456543 99.4777679443359 104.505004882812
76.2561721801758 93.3641128540039 103.513687133789 102.809852600098 93.2932357788086 86.3105316162109 85.9309921264648 85.3816299438477 86.5586395263672 88.5053939819336 88.0636978149414 85.7709579467773 86.703498840332 88.8019485473633 89.4876480102539 90.9682540893555 96.6353454589844 103.826179504395 104.880599975586 99.4663696289062 94.3489837646484 88.7915573120117 90.9424362182617 90.1709442138672 88.5429534912109 89.0462799072266 91.4994354248047 100.822311401367 103.988258361816 98.8191833496094 95.0809326171875 96.1949844360352 100.764633178711 103.605995178223 97.3740310668945 99.8025817871094 108.080757141113 114.185340881348 108.37865447998 109.207344055176 111.56436920166 107.057594299316 108.007133483887 109.698165893555 111.505241394043 102.314361572266 97.8633346557617 99.0621795654297 104.940895080566
82.3670883178711 93.2270736694336 100.627632141113 100.403915405273 95.1575088500977 91.1183929443359 85.2653656005859 85.3258743286133 87.0096054077148 87.5830688476562 86.6082534790039 83.0510025024414 84.8019332885742 87.4838333129883 89.5575256347656 92.18994140625 94.6625671386719 98.2303085327148 98.2333526611328 94.7529144287109 89.6789779663086 83.8085479736328 87.4617309570312 87.0404586791992 88.5331420898438 93.8624572753906 95.1496276855469 100.874572753906 105.318977355957 104.514633178711 98.6173934936523 94.71533203125 97.7568969726562 108.366676330566 97.5590515136719 98.1186676025391 101.443893432617 109.28768157959 106.73371887207 108.5859375 111.142913818359 106.285217285156 107.349784851074 108.588897705078 109.593154907227 99.1297836303711 98.4245529174805 98.3250427246094 102.301010131836
86.9845123291016 92.840087890625 99.1878509521484 100.318717956543 95.265007019043 90.9885559082031 85.0737838745117 87.2739639282227 90.2515258789062 86.3910293579102 86.0676574707031 83.5519104003906 83.4507217407227 84.9572601318359 88.7576370239258 90.5684280395508 90.3620834350586 92.7273483276367 93.9694137573242 93.6425552368164 89.1038589477539 84.1318283081055 86.3434753417969 87.1999740600586 92.329231262207 101.06462097168 101.818946838379 104.193885803223 105.555191040039 106.46891784668 102.10570526123 93.011474609375 96.2336807250977 107.935272216797 98.4635391235352 100.469512939453 106.0205078125 109.060676574707 106.315528869629 107.327651977539 108.998336791992 105.439727783203 106.716690063477 107.923629760742 108.19083404541 100.239326477051 99.4180068969727 98.6093063354492 101.984748840332
79.2395401000977 86.9933929443359 88.5131225585938 90.2176513671875 90.6719436645508 89.1100616455078 94.6341247558594 100.980316162109 98.4564971923828 92.8015213012695 90.4184417724609 87.9009780883789 84.4839324951172 81.0388107299805 79.9453048706055 81.4063491821289 85.842887878418 89.7303924560547 91.5802993774414 93.4613876342773 94.1509552001953 93.2059326171875 82.169059753418 85.1489105224609 94.1471710205078 97.2874069213867 100.420501708984 103.029510498047 104.225227355957 105.447311401367 105.5439453125 100.811218261719 95.3571014404297 106.777328491211 103.213531494141 98.7474670410156 105.121505737305 111.361953735352 105.511650085449 104.903350830078 106.461044311523 104.03524017334 105.393020629883 106.27229309082 106.18049621582 100.754508972168 101.984909057617 99.6107406616211 102.104957580566
67.6249465942383 75.0598373413086 82.7865371704102 90.2350540161133 93.9363632202148 97.7731552124023 97.7161331176758 96.8708953857422 97.5377960205078 101.132308959961 95.8614883422852 87.5355682373047 84.7758865356445 81.9930267333984 80.8845672607422 80.6657257080078 85.7616348266602 89.6620330810547 90.3324127197266 92.4375076293945 93.3291168212891 91.4143295288086 79.5318450927734 82.004508972168 86.2487182617188 91.1755218505859 98.7295379638672 101.083190917969 103.679901123047 104.749183654785 105.723983764648 104.194076538086 97.1789093017578 101.943389892578 108.491523742676 105.157173156738 105.712043762207 106.897186279297 105.230094909668 103.481231689453 105.408813476562 103.526145935059 104.800506591797 105.686813354492 106.01131439209 100.623664855957 101.092590332031 99.072265625 99.8805084228516
61.9828872680664 72.7072143554688 88.4539337158203 94.3874206542969 92.1486053466797 94.9091033935547 92.7331008911133 93.1504516601562 96.0774536132812 96.929443359375 91.4856796264648 85.4515991210938 84.5641326904297 83.0784072875977 81.4088287353516 82.484489440918 86.7847671508789 89.1491851806641 88.4161682128906 90.1098175048828 92.8175811767578 89.8283996582031 78.66064453125 80.4689178466797 84.1698455810547 89.0085983276367 93.2042083740234 97.2390365600586 102.503845214844 104.054016113281 104.654205322266 104.879600524902 100.728294372559 96.9841918945312 107.526298522949 111.27229309082 110.290969848633 106.82056427002 106.601234436035 104.659706115723 103.712440490723 102.853996276855 104.123992919922 105.162399291992 105.254737854004 100.500694274902 98.9792785644531 96.9728622436523 97.0123977661133
68.2068176269531 80.7630615234375 92.6129150390625 94.1564102172852 91.197265625 91.8896636962891 88.8441009521484 87.3064498901367 87.1423187255859 85.7390060424805 84.1727905273438 84.9624633789062 85.1022720336914 83.0108795166016 80.0520553588867 84.5054168701172 88.2020645141602 88.7656784057617 87.3767929077148 87.272575378418 90.3318481445312 88.0646820068359 82.8435974121094 81.3036193847656 88.8478698730469 93.2735061645508 90.9492645263672 93.5974273681641 99.0051422119141 102.963340759277 102.880432128906 102.070236206055 103.705856323242 95.0106048583984 103.792961120605 110.563812255859 111.308639526367 110.008911132812 104.481437683105 104.204055786133 101.225364685059 102.505462646484 103.669815063477 104.620750427246 104.220664978027 97.9459915161133 96.3815155029297 94.5941543579102 94.4254379272461
79.2387390136719 85.1167907714844 88.0070419311523 88.8781890869141 88.6356964111328 90.5057830810547 87.4400100708008 79.5063629150391 80.1396636962891 81.8415374755859 82.6414947509766 83.5837478637695 82.1455688476562 81.6378021240234 81.2142181396484 85.3136138916016 87.0766906738281 88.081184387207 87.7397003173828 85.9927444458008 86.2682800292969 86.7006759643555 87.8033905029297 83.429084777832 88.8995513916016 96.2975311279297 95.0021743774414 95.6061859130859 98.0382537841797 102.054412841797 101.865089416504 100.984825134277 103.135711669922 95.3616485595703 100.275634765625 108.474273681641 110.073768615723 107.50171661377 100.161888122559 100.814872741699 100.828674316406 102.107818603516 102.891929626465 103.39826965332 101.041519165039 94.9413299560547 96.2329711914062 94.0620269775391 91.5732192993164
79.8900985717773 78.374870300293 78.1809463500977 78.0322570800781 78.5740280151367 80.8361663818359 81.3686599731445 78.6404418945312 79.669189453125 81.1800994873047 82.1121292114258 82.7526092529297 81.1396026611328 83.2366943359375 84.1958923339844 85.6905822753906 85.3626480102539 86.4906921386719 86.9885406494141 85.4825057983398 84.6279678344727 87.2254257202148 87.321647644043 85.2256240844727 86.8828735351562 93.3975448608398 97.9337310791016 98.7519149780273 99.0910568237305 100.825805664062 101.902168273926 102.503273010254 99.9564514160156 97.3390350341797 102.210052490234 108.153549194336 109.098258972168 107.165321350098 101.63264465332 100.53263092041 100.15438079834 101.478523254395 102.430732727051 102.239250183105 97.7444000244141 92.8287811279297 96.1111755371094 94.2962036132812 90.0992050170898
76.7513046264648 73.9115142822266 74.4760360717773 75.1114807128906 75.5502700805664 76.4625778198242 77.368278503418 77.8331451416016 78.8340530395508 79.7507019042969 80.3296737670898 83.1838760375977 83.0384902954102 83.9570617675781 84.0032653808594 84.2519989013672 84.260627746582 85.6103973388672 87.3022308349609 86.7979431152344 85.846305847168 88.2705841064453 89.1262435913086 87.1751556396484 88.1836395263672 92.6270141601562 97.7056732177734 98.3222579956055 98.1120834350586 96.1366653442383 101.284309387207 102.829895019531 100.335426330566 99.1064224243164 106.574600219727 108.255294799805 108.228668212891 106.053733825684 104.83683013916 102.319480895996 100.046508789062 101.005897521973 102.165939331055 100.956573486328 96.6484146118164 90.62646484375 92.7482452392578 91.4511413574219 88.368293762207
77.7668838500977 73.8381500244141 73.4448699951172 74.0466232299805 74.619873046875 75.6684722900391 76.1696090698242 76.3005294799805 77.4917907714844 78.2315444946289 78.6620178222656 83.0465621948242 82.8977584838867 82.030387878418 81.8362274169922 82.7336120605469 83.2289352416992 85.0863342285156 87.5159149169922 87.4277496337891 87.0960845947266 87.0885772705078 92.1600189208984 90.3389358520508 88.8927459716797 93.134147644043 96.6993942260742 98.0927429199219 98.1076049804688 91.6473617553711 99.2910690307617 102.789405822754 102.594039916992 100.044769287109 104.16423034668 104.29222869873 104.313949584961 101.184829711914 104.038955688477 101.775917053223 99.5813827514648 100.52074432373 101.335182189941 99.8438339233398 96.700569152832 90.0879440307617 89.6302642822266 87.679328918457 85.9182205200195
74.9841690063477 72.9208831787109 72.4899749755859 72.9558334350586 73.5364379882812 74.4179229736328 74.6722564697266 74.90380859375 75.7788467407227 76.71484375 77.6845169067383 82.3070373535156 81.6144790649414 80.495361328125 80.4855575561523 81.4965896606445 82.3035888671875 83.7020263671875 85.2887878417969 85.9194717407227 87.3097839355469 86.048469543457 91.2759475708008 91.8242340087891 91.2769088745117 93.4026412963867 96.1138610839844 97.319206237793 96.7447357177734 89.51611328125 95.9814071655273 99.8998260498047 103.110824584961 102.496658325195 100.3984375 97.7669448852539 98.6685180664062 96.8733444213867 99.8797760009766 100.028244018555 98.932502746582 100.227310180664 100.60954284668 98.5013809204102 95.1067047119141 89.7985534667969 88.1893463134766 86.9289932250977 84.9149017333984
71.7143173217773 71.3650894165039 71.9616775512695 72.5576629638672 72.6387939453125 73.3935012817383 73.5666198730469 73.7593612670898 74.7903671264648 75.9869155883789 77.3006896972656 82.2469863891602 80.8936004638672 79.0892486572266 80.1313095092773 80.3988800048828 81.1302108764648 82.0280532836914 83.2403259277344 84.7877883911133 87.0023345947266 87.8490982055664 90.0016479492188 92.3871383666992 93.7827224731445 94.304313659668 94.6124267578125 96.0849380493164 96.5107269287109 94.3709182739258 96.8576202392578 99.3584976196289 102.730201721191 103.863761901855 101.036735534668 95.8503112792969 95.0790557861328 95.2577743530273 96.7677841186523 98.0722198486328 98.6506195068359 99.8191146850586 100.274971008301 97.4485549926758 92.4640655517578 89.5768966674805 89.0533828735352 89.3962020874023 85.0608673095703
71.1055450439453 70.49951171875 71.1044921875 71.9013061523438 72.2895126342773 73.3461074829102 73.733757019043 73.4277267456055 75.3426818847656 76.7762069702148 78.0859756469727 81.8102493286133 80.0616302490234 77.8792724609375 79.4444046020508 79.4123840332031 80.0816497802734 80.8392562866211 82.3308639526367 84.2249069213867 85.3355941772461 87.2399139404297 90.553825378418 92.3366165161133 93.4579849243164 93.5756607055664 94.1080627441406 96.3837127685547 98.3869552612305 99.8475723266602 97.9852447509766 99.8058395385742 101.132347106934 102.815986633301 100.4013671875 97.084098815918 93.8874435424805 94.9337310791016 95.8655395507812 96.7575607299805 98.1311111450195 99.2410278320312 99.7444458007812 97.1764068603516 92.6584014892578 91.0029754638672 90.7449417114258 89.0194854736328 83.9452133178711
74.4029235839844 70.3929290771484 70.0230941772461 70.400032043457 71.0694732666016 72.3802032470703 73.9295654296875 74.4298324584961 75.8253555297852 75.9172286987305 76.9538803100586 79.6526641845703 79.06982421875 76.6635665893555 77.8732299804688 78.2573699951172 79.0069961547852 79.9869079589844 82.4606246948242 85.3850784301758 84.3194198608398 84.8360290527344 89.9685363769531 91.2184677124023 92.4924011230469 92.8869018554688 93.9259338378906 97.7115783691406 98.1415863037109 97.7998733520508 96.3276138305664 98.3175354003906 99.4777374267578 102.140953063965 97.8205413818359 95.1596603393555 93.6025466918945 94.729248046875 95.7761688232422 96.4993896484375 97.7282638549805 98.7794418334961 98.8069610595703 96.5376892089844 94.5086822509766 90.6003494262695 89.0158462524414 85.2192611694336 82.5599212646484
75.9346389770508 69.6733551025391 68.6868286132812 68.6665954589844 69.3537216186523 69.7626571655273 70.4264068603516 71.1682891845703 71.6411514282227 71.1388778686523 71.9808807373047 77.4997863769531 76.4316711425781 75.4439544677734 75.5274887084961 76.8329849243164 77.8270492553711 78.5419998168945 81.4723815917969 84.1208648681641 84.4571914672852 85.9265594482422 90.3524627685547 90.7413177490234 91.2129440307617 92.5972290039062 92.0343704223633 93.961799621582 97.6452560424805 98.1563873291016 96.0991363525391 97.9902496337891 98.1892318725586 93.4925155639648 95.2631301879883 95.2173156738281 93.1266784667969 94.2555465698242 95.2065658569336 96.1372756958008 97.0632019042969 98.08642578125 98.1299285888672 96.1153182983398 93.5250549316406 87.6837310791016 86.3372955322266 84.694450378418 82.7618408203125
70.6788024902344 68.3405456542969 67.6412963867188 67.8772735595703 68.5472946166992 68.6808013916016 68.6146621704102 69.5325469970703 70.2421569824219 70.1799697875977 71.0477752685547 75.0842208862305 74.0397720336914 74.1557006835938 75.1917495727539 78.7807464599609 82.0179214477539 81.5868759155273 79.9915237426758 82.6502838134766 85.1731719970703 88.0823974609375 89.3759994506836 90.0020599365234 89.496452331543 91.9385299682617 93.5399780273438 94.6545486450195 96.8123092651367 97.8863525390625 96.2403030395508 96.4274215698242 98.0356521606445 91.6874847412109 91.7897796630859 93.5166473388672 92.8120422363281 93.9780807495117 94.980598449707 95.7907943725586 96.4806518554688 96.8745574951172 96.6501312255859 95.0583267211914 91.294792175293 87.4582824707031 86.5594787597656 84.3230895996094 82.1957321166992
69.939811706543 68.2031097412109 67.4909439086914 68.7130737304688 69.2608261108398 68.2312469482422 69.1468505859375 69.3598861694336 69.0840454101562 69.193359375 70.1886215209961 73.69482421875 72.4595336914062 72.5833435058594 74.0557708740234 78.3680725097656 83.6297912597656 84.443977355957 78.6262893676758 79.5159606933594 84.0066375732422 85.4371795654297 88.4767074584961 88.8144454956055 89.1406097412109 90.910514831543 92.1671524047852 91.7829360961914 93.6361465454102 95.8656768798828 94.1711502075195 95.4894180297852 97.6527938842773 92.1528930664062 91.2927169799805 91.6613998413086 92.6466751098633 93.6348037719727 94.6663208007812 95.4142684936523 95.610954284668 94.6300811767578 93.775993347168 92.5254440307617 89.6696395874023 87.2085571289062 88.0095138549805 84.7106018066406 83.3694458007812
74.7393035888672 70.9903869628906 69.0420989990234 70.334228515625 69.9795608520508 68.735107421875 69.6775512695312 69.5629196166992 68.8130264282227 68.7571258544922 69.7638931274414 73.4584655761719 73.6363830566406 72.4462814331055 72.4285583496094 74.6018829345703 79.0127487182617 82.9983291625977 81.6164321899414 82.0098037719727 83.760986328125 82.8359680175781 87.4732131958008 88.8218841552734 89.6757965087891 90.3124465942383 89.3636856079102 89.6919708251953 92.9241485595703 94.7143096923828 92.6224822998047 95.9173889160156 97.1162796020508 92.1008834838867 91.2548980712891 91.5431747436523 92.6547393798828 93.5897521972656 94.3678665161133 95.1168365478516 95.1034774780273 93.4497680664062 91.8036499023438 89.9955673217773 88.7756652832031 89.0249099731445 89.2920379638672 86.9218826293945 85.5925064086914
76.4842834472656 72.6422271728516 71.0048294067383 69.6866683959961 69.8847274780273 70.0164794921875 69.2118835449219 69.4126586914062 69.2838439941406 69.4088745117188 69.1285171508789 71.4154815673828 72.8306579589844 72.7125701904297 72.4237060546875 73.1889953613281 75.0014114379883 78.6211013793945 80.5773620605469 82.9725799560547 80.9263229370117 80.8845443725586 85.3254699707031 85.9149322509766 87.4631652832031 90.2956314086914 90.2953491210938 90.82568359375 92.6479949951172 94.7500686645508 92.7724609375 96.9133987426758 95.474250793457 93.3375778198242 91.1721649169922 91.5224380493164 92.4368515014648 93.3332214355469 93.941535949707 94.8366241455078 95.1108779907227 93.884147644043 91.6052856445312 88.3782272338867 87.4268951416016 90.4465637207031 89.8537673950195 88.6530380249023 86.2949142456055
