rcp4.5models/CNRM_CM5/sc1gr5.28
NCOLS 261 
NROWS 433 
XLLCORNER 336357.134 
YLLCORNER 654653.479 
CELLSIZE 1000 
NODATA_value -3.4e+38 
[rows 286 to 307 of 433, columns 196 to 244 of 261]
279.171295166016 279.734375 276.653839111328 275.698303222656 281.831573486328 283.226806640625 283.054046630859 280.576141357422 278.171081542969 270.632568359375 274.120666503906 267.254516601562 269.499359130859 280.091461181641 289.792053222656 290.225646972656 290.380767822266 291.184509277344 -3.4e+38 288.374328613281 286.037933349609 290.446685791016 291.484893798828 292.474670410156 293.325531005859 293.438568115234 293.444946289062 293.255218505859 293.900817871094 294.669677734375 294.672607421875 294.437530517578 295.027191162109 295.048522949219 295.446197509766 295.835235595703 295.960876464844 296.315765380859 296.245819091797 296.311950683594 296.437591552734 296.406921386719 296.890441894531 297.322082519531 297.228942871094 296.918334960938 296.918731689453 297.161499023438 -3.4e+38
280.381591796875 281.025054931641 280.31591796875 281.187683105469 282.307250976562 283.044860839844 283.563018798828 282.469482421875 278.517211914062 268.278259277344 267.673492431641 263.664337158203 267.401763916016 279.896850585938 289.541198730469 290.586364746094 290.813140869141 291.588256835938 -3.4e+38 289.039031982422 284.6806640625 289.89990234375 291.0361328125 292.261535644531 293.211791992188 293.558227539062 293.735504150391 294.077911376953 294.0751953125 294.267852783203 -3.4e+38 294.948394775391 295.124877929688 295.127624511719 295.364959716797 295.731536865234 296.176635742188 296.017120361328 295.629791259766 295.921356201172 296.01025390625 296.657867431641 296.921264648438 297.137237548828 296.64990234375 296.778717041016 296.954071044922 -3.4e+38 -3.4e+38
281.582000732422 281.297790527344 280.477142333984 281.009979248047 281.524749755859 282.741912841797 283.776031494141 283.508728027344 279.571441650391 269.305877685547 266.506530761719 264.370666503906 266.165435791016 274.622467041016 289.072662353516 290.149780273438 290.934448242188 291.785125732422 -3.4e+38 288.735626220703 282.612274169922 289.476135253906 291.192840576172 292.052215576172 292.614868164062 293.135070800781 293.625183105469 294.289825439453 294.379821777344 294.378662109375 294.747283935547 295.111022949219 295.313354492188 295.198211669922 295.269439697266 295.343017578125 295.513153076172 295.310821533203 295.271453857422 295.790954589844 296.0908203125 296.810485839844 296.560546875 296.875244140625 296.114776611328 295.959564208984 296.532684326172 296.896850585938 297.039916992188
281.579132080078 281.828979492188 281.496490478516 281.384429931641 280.980712890625 282.929168701172 283.927276611328 283.905822753906 282.091552734375 278.350952148438 274.467041015625 267.875732421875 266.640808105469 269.334381103516 289.482086181641 290.236358642578 290.732055664062 291.273071289062 291.97119140625 288.539794921875 283.433044433594 289.711975097656 -3.4e+38 -3.4e+38 291.825897216797 -3.4e+38 -3.4e+38 293.975494384766 294.535980224609 294.623291015625 294.626159667969 295.229858398438 295.14111328125 295.191467285156 295.247192382812 295.224914550781 295.142639160156 295.142120361328 295.467620849609 296.162414550781 296.236267089844 296.235015869141 296.316558837891 296.617980957031 296.141510009766 295.829925537109 296.196594238281 296.724212646484 296.726318359375
281.955993652344 282.283782958984 282.652130126953 280.087890625 274.452911376953 277.743133544922 282.914093017578 284.164337158203 283.677520751953 284.172576904297 282.083312988281 279.021728515625 272.065002441406 265.664184570312 282.916564941406 290.704010009766 291.156066894531 291.794921875 -3.4e+38 290.226623535156 287.995300292969 -3.4e+38 -3.4e+38 -3.4e+38 -3.4e+38 -3.4e+38 -3.4e+38 292.811584472656 293.139678955078 293.350128173828 294.163635253906 294.750610351562 294.782287597656 294.657562255859 294.336029052734 293.972351074219 294.093170166016 293.675994873047 294.788360595703 295.368408203125 295.288970947266 295.271087646484 295.423278808594 295.125427246094 295.202117919922 294.784210205078 295.518127441406 296.208587646484 296.534332275391
281.122985839844 281.668792724609 282.132843017578 281.565826416016 278.155639648438 278.365753173828 283.240112304688 284.36328125 283.855834960938 284.966522216797 285.412109375 284.268127441406 279.070770263672 274.544647216797 281.496704101562 291.28759765625 291.476837158203 292.016357421875 -3.4e+38 -3.4e+38 -3.4e+38 -3.4e+38 -3.4e+38 -3.4e+38 -3.4e+38 -3.4e+38 -3.4e+38 291.685791015625 291.6572265625 292.200378417969 293.646942138672 294.342407226562 294.325622558594 294.202697753906 293.815338134766 293.364105224609 293.567993164062 293.512023925781 294.259582519531 294.922546386719 294.541870117188 294.521575927734 294.583648681641 -3.4e+38 295.322387695312 295.29736328125 295.744476318359 296.204803466797 296.344543457031
279.390289306641 279.860504150391 280.068878173828 281.193237304688 282.738952636719 282.521118164062 283.658996582031 284.277374267578 284.957214355469 285.459838867188 286.01171875 286.520202636719 286.888916015625 286.570404052734 286.761962890625 290.800537109375 291.302581787109 291.172576904297 291.606842041016 291.566680908203 291.633392333984 -3.4e+38 -3.4e+38 291.886413574219 -3.4e+38 -3.4e+38 -3.4e+38 291.629516601562 291.978729248047 292.279693603516 293.962951660156 294.249542236328 294.228729248047 293.84814453125 293.374114990234 292.969543457031 293.463592529297 294.101104736328 294.834381103516 -3.4e+38 294.134826660156 294.195587158203 294.456115722656 -3.4e+38 295.051055908203 295.391510009766 295.595703125 296.157623291016 296.136474609375
279.035339355469 278.857391357422 278.781768798828 280.247253417969 282.704559326172 283.264373779297 283.610076904297 284.199920654297 285.303466796875 285.965606689453 286.7177734375 287.594757080078 288.596405029297 288.108825683594 287.698089599609 288.866363525391 289.996520996094 290.557250976562 291.485137939453 291.271301269531 -3.4e+38 -3.4e+38 -3.4e+38 -3.4e+38 -3.4e+38 -3.4e+38 292.021240234375 291.021148681641 291.973663330078 292.249969482422 294.276763916016 294.149230957031 293.692108154297 292.919525146484 292.330291748047 291.716552734375 293.879699707031 294.360046386719 294.816131591797 294.648529052734 293.998840332031 293.907470703125 294.544464111328 294.910827636719 294.563018798828 295.185913085938 295.095062255859 295.603515625 296.077026367188
279.59033203125 278.219482421875 277.618927001953 279.806854248047 282.482147216797 283.485412597656 283.522766113281 282.484375 282.181518554688 285.420928955078 287.159423828125 287.832366943359 288.15966796875 287.381774902344 286.72412109375 288.644683837891 289.910522460938 289.926666259766 291.029449462891 291.717620849609 -3.4e+38 -3.4e+38 -3.4e+38 -3.4e+38 -3.4e+38 -3.4e+38 291.077545166016 290.758483886719 292.274261474609 293.054168701172 294.157287597656 293.713012695312 293.341888427734 292.897979736328 292.21240234375 -3.4e+38 294.186065673828 294.172912597656 294.243896484375 293.938598632812 293.907684326172 293.942993164062 294.505187988281 295.101776123047 294.794647216797 295.069091796875 295.049346923828 295.488677978516 296.022918701172
280.601501464844 278.194732666016 274.983093261719 279.537475585938 282.798065185547 283.446228027344 283.272033691406 282.515472412109 282.187103271484 284.540588378906 286.259582519531 287.005645751953 286.622192382812 286.832824707031 286.356109619141 288.988800048828 289.463348388672 289.595581054688 290.423583984375 291.601654052734 -3.4e+38 -3.4e+38 -3.4e+38 -3.4e+38 -3.4e+38 290.5517578125 289.95263671875 290.8037109375 292.734191894531 293.573944091797 293.786773681641 293.355621337891 292.846832275391 292.762573242188 292.980346679688 -3.4e+38 293.837799072266 293.904205322266 293.536682128906 293.46875 293.779541015625 294.270904541016 294.896423339844 -3.4e+38 -3.4e+38 295.324584960938 295.476379394531 295.9833984375 296.015899658203
281.639221191406 280.190551757812 277.423553466797 281.358917236328 283.0791015625 283.198364257812 282.343444824219 283.774932861328 284.191070556641 284.861511230469 285.473724365234 284.93701171875 285.224914550781 284.998260498047 285.629333496094 287.895721435547 288.380401611328 289.729370117188 291.035797119141 -3.4e+38 290.499206542969 290.391967773438 -3.4e+38 -3.4e+38 -3.4e+38 291.02783203125 290.16552734375 291.241882324219 292.634948730469 293.347351074219 293.399993896484 292.66650390625 291.991882324219 292.374114990234 -3.4e+38 -3.4e+38 293.297698974609 292.986663818359 293.022308349609 292.999694824219 293.533416748047 294.323303222656 -3.4e+38 294.987945556641 -3.4e+38 295.797485351562 295.936706542969 296.124206542969 296.026275634766
282.191162109375 282.140411376953 281.738189697266 282.391784667969 282.773956298828 282.656829833984 281.911315917969 282.927551269531 283.744415283203 285.079010009766 285.121520996094 283.490600585938 285.622192382812 284.614532470703 283.952056884766 285.920135498047 288.320159912109 289.4736328125 291.565673828125 291.046173095703 289.708038330078 290.185943603516 -3.4e+38 290.766387939453 290.518096923828 290.361328125 288.661071777344 288.479431152344 292.147491455078 293.416259765625 292.760406494141 292.285827636719 292.130279541016 291.998046875 290.890991210938 292.267822265625 292.601226806641 292.409240722656 292.998474121094 292.901306152344 293.337707519531 294.078826904297 294.612640380859 -3.4e+38 -3.4e+38 295.449066162109 295.621429443359 295.815093994141 295.824523925781
282.017242431641 282.024383544922 282.265838623047 282.141479492188 282.735473632812 282.579559326172 281.878814697266 282.390899658203 283.854278564453 284.033264160156 282.67529296875 284.355651855469 286.448669433594 284.155944824219 282.945587158203 285.947998046875 288.528930664062 289.642669677734 290.401977539062 290.127349853516 289.252593994141 289.498565673828 -3.4e+38 288.703857421875 287.773132324219 289.579345703125 288.764892578125 288.412902832031 291.793151855469 293.262084960938 292.210540771484 291.964019775391 292.359497070312 291.364105224609 290.182006835938 291.589569091797 291.923492431641 292.369567871094 292.604644775391 292.612365722656 293.222778320312 293.513031005859 294.120330810547 -3.4e+38 -3.4e+38 294.699829101562 295.152130126953 295.011413574219 295.273773193359
280.527191162109 280.982330322266 281.973419189453 282.302368164062 282.676055908203 282.364959716797 281.273712158203 282.792236328125 284.034515380859 281.367034912109 275.198425292969 281.927612304688 286.122772216797 283.542633056641 283.908966064453 287.440277099609 289.397369384766 290.424072265625 289.064971923828 288.111938476562 288.421783447266 288.286926269531 288.976104736328 285.162689208984 283.376037597656 289.469390869141 290.672607421875 290.707672119141 -3.4e+38 292.635528564453 291.25927734375 291.517791748047 291.740203857422 291.316101074219 290.949890136719 290.403137207031 289.048919677734 289.889190673828 291.954071044922 292.557739257812 292.50927734375 293.270904541016 293.908142089844 294.198150634766 294.381225585938 294.359649658203 294.929534912109 294.874267578125 295.583129882812
275.206451416016 280.605682373047 282.353515625 282.292327880859 281.9443359375 281.860443115234 280.985565185547 282.721588134766 281.550262451172 276.258880615234 269.264892578125 278.063873291016 284.752502441406 286.607635498047 286.680023193359 288.710906982422 290.156158447266 289.911651611328 287.458557128906 282.276519775391 284.895050048828 288.297698974609 287.517852783203 280.89892578125 280.838073730469 289.130493164062 -3.4e+38 -3.4e+38 -3.4e+38 292.004272460938 290.421966552734 290.291259765625 289.107421875 290.637054443359 290.165740966797 289.022216796875 285.758575439453 282.307891845703 288.60498046875 292.431976318359 292.151458740234 293.249694824219 293.917236328125 293.913635253906 293.932189941406 294.271881103516 295.104614257812 295.536163330078 295.852294921875
281.042938232422 280.97216796875 281.108703613281 280.623962402344 278.856384277344 277.796844482422 279.459930419922 282.417816162109 282.95556640625 281.567077636719 282.688995361328 284.462982177734 287.846038818359 288.893402099609 289.788330078125 289.515808105469 287.603546142578 286.942535400391 285.400604248047 277.083190917969 276.614501953125 286.039093017578 284.411468505859 270.912170410156 270.181793212891 282.363525390625 -3.4e+38 -3.4e+38 290.662933349609 289.848785400391 289.4755859375 289.686431884766 289.895751953125 289.742279052734 289.857696533203 289.683959960938 289.356475830078 288.042633056641 286.502838134766 292.170501708984 292.544097900391 293.773559570312 293.984191894531 294.112701416016 294.0419921875 294.183074951172 294.378387451172 293.327392578125 294.045593261719
280.981964111328 278.694366455078 277.019439697266 274.635620117188 275.088043212891 275.025970458984 278.134552001953 282.260223388672 286.113494873047 285.700988769531 284.192047119141 286.287231445312 288.218170166016 289.083435058594 289.583862304688 288.98974609375 287.681365966797 287.333679199219 286.466552734375 279.820373535156 276.380432128906 281.826141357422 281.724884033203 273.087738037109 267.206665039062 277.894134521484 -3.4e+38 291.180725097656 290.194854736328 289.472778320312 288.355651855469 288.400146484375 288.300964355469 288.477111816406 289.825592041016 290.387115478516 290.520812988281 289.594451904297 288.22802734375 292.196258544922 292.994415283203 293.347198486328 293.332092285156 293.431671142578 294.117614746094 294.026794433594 291.890869140625 291.938903808594 294.063720703125
279.592071533203 275.838684082031 272.344085693359 271.569793701172 273.683380126953 273.86767578125 276.441162109375 281.701080322266 286.298645019531 286.484924316406 285.638153076172 287.367126464844 288.543090820312 288.780334472656 288.869537353516 288.932891845703 288.149108886719 287.052612304688 288.719116210938 286.054107666016 282.954345703125 277.666229248047 278.842071533203 272.674621582031 270.762329101562 284.541351318359 291.057830810547 291.257781982422 290.325500488281 290.054656982422 288.292633056641 287.818969726562 287.720336914062 287.599395751953 287.130126953125 289.813751220703 -3.4e+38 290.575103759766 289.920227050781 292.493408203125 292.869384765625 292.650817871094 292.842468261719 293.126678466797 293.765045166016 293.719512939453 291.730682373047 293.083801269531 294.60986328125
278.182464599609 269.997406005859 265.023803710938 270.501739501953 273.260711669922 274.826690673828 276.738922119141 284.463195800781 286.71728515625 287.019683837891 287.298645019531 287.650085449219 288.025695800781 287.853271484375 288.343719482422 288.747222900391 287.912170410156 286.712371826172 289.322113037109 288.245635986328 283.262481689453 274.953094482422 278.736999511719 279.846343994141 282.073760986328 290.353698730469 291.236206054688 290.791778564453 290.336791992188 290.230804443359 288.961700439453 289.006500244141 288.873138427734 287.790832519531 285.368347167969 289.486602783203 289.450317382812 -3.4e+38 -3.4e+38 291.611968994141 292.553619384766 292.042938232422 292.363525390625 292.596405029297 291.881958007812 292.74462890625 293.034332275391 293.970336914062 294.338653564453
278.011413574219 270.398895263672 268.122100830078 268.276702880859 273.584930419922 277.609375 279.098358154297 286.166442871094 286.077239990234 286.837097167969 287.724090576172 287.414001464844 286.863739013672 285.739624023438 287.211669921875 286.825134277344 287.749420166016 286.579406738281 288.800109863281 288.346984863281 282.865447998047 273.928192138672 281.185668945312 287.947448730469 289.720916748047 290.302185058594 289.635345458984 289.996154785156 289.578979492188 289.427368164062 289.154510498047 289.7841796875 289.978149414062 289.2900390625 288.272521972656 290.560424804688 -3.4e+38 -3.4e+38 290.546936035156 289.756988525391 292.081573486328 291.283264160156 291.722045898438 291.890533447266 290.830718994141 292.772338867188 293.466674804688 293.817535400391 293.395050048828
279.514068603516 276.986846923828 275.435394287109 266.073486328125 272.386627197266 279.518829345703 281.252410888672 285.466522216797 285.197052001953 286.518829345703 287.613952636719 287.076263427734 286.012603759766 282.772521972656 281.392791748047 280.558227539062 284.758636474609 284.008056640625 287.992797851562 288.330871582031 284.943756103516 277.706939697266 283.786010742188 288.807525634766 290.014953613281 289.526214599609 287.704040527344 289.854461669922 288.8896484375 288.543212890625 288.524444580078 289.059143066406 289.580902099609 289.800659179688 290.493377685547 291.070220947266 290.637908935547 290.107604980469 290.353973388672 290.094604492188 291.130187988281 290.551788330078 291.148010253906 291.750366210938 291.543731689453 292.982604980469 293.409271240234 293.519927978516 293.547424316406
280.550659179688 278.3115234375 270.964965820312 263.157440185547 267.559844970703 278.161376953125 283.654174804688 284.256500244141 285.656829833984 286.62353515625 286.676910400391 286.959991455078 285.624633789062 280.219604492188 273.378784179688 272.841674804688 276.598266601562 277.136779785156 286.606842041016 287.596282958984 286.953826904297 284.416168212891 286.137939453125 289.09326171875 290.229278564453 288.179870605469 284.049682617188 286.410552978516 288.608001708984 288.066070556641 287.968017578125 288.142974853516 288.572418212891 289.175476074219 289.425598144531 290.569915771484 290.082244873047 289.654693603516 290.754638671875 291.026611328125 291.1298828125 289.835479736328 290.086608886719 291.293579101562 291.753448486328 292.746337890625 293.24365234375 293.661468505859 293.800476074219
