rcp4.5models/CNRM_CM5/sc1gr6.40
NCOLS 261 
NROWS 433 
XLLCORNER 336357.134 
YLLCORNER 654653.479 
CELLSIZE 1000 
NODATA_value -9999 
[rows 299 to 321 of 433, columns 150 to 199 of 261]
3601.13282881575 3485.72570810589 3195.42620546504 3253.02891805967 3301.47364133102 3201.97649537565 3270.9129353494 3393.25017089299 3115.90982489878 3426.6003586377 3409.75532610512 3125.42614272474 2831.3310535043 2673.77644784792 2727.2195124478 2639.82032237629 2887.94574676744 3115.85915563622 3055.0928161882 2626.35360382497 2505.83296147922 2488.29564960157 2537.96858629214 2693.57638919095 2835.46953878369 2929.54079217495 2902.50767183703 2844.40554209896 2852.38169582302 2853.90757193185 2837.7881313566 2738.71859591546 2581.44051858774 2527.16926010412 2566.40540904176 2568.71950224508 2469.93657714526 2424.81387452518 2411.21852088807 2407.5436704892 2403.4819963302 2405.48516869793 2410.81279944943 2416.08339427909 2423.57052151098 2432.66033793878 2447.07697810166 2447.80938435059 2449.00270191962 2455.67858122635
3713.40339719493 3283.49329988809 3127.55192897029 3134.61038104239 3217.47708185267 3230.51695139417 3330.7063675277 3487.49512898916 3180.30052561673 3294.16821832524 3411.77424760711 3155.17146430881 2821.93478107074 2688.37495895206 2699.60496725442 2674.88250583798 2896.56915292916 2971.27333671826 3008.15294969243 2704.01109294983 2619.46901854569 2529.41054651789 2532.96735087738 2656.11772148343 2829.30323199226 2925.06605532345 2910.90325976277 2855.47296083482 2868.9687296145 2828.66213785142 2864.02524639841 2812.59593838004 2693.30371821951 2573.91775066438 2577.89112549672 2602.05891528867 2530.42520326912 2428.02199438506 2407.23399289337 2407.20911754177 2400.75414970741 2398.79285119134 2403.64780025663 2410.4709550338 2423.04287091687 2467.5511604355 2508.55254058736 2438.99343130389 2433.45808176782 2442.95096081046
3635.87044577805 3380.40896935004 3175.89215508944 3056.68282327579 3065.26938429539 3155.00863323124 3239.45265783857 3413.67820352411 3147.33384137813 3313.27968161984 3241.95688674009 3082.40998463486 2933.03102180752 3057.54735025609 2834.05301095147 2809.84495677634 3079.25275495987 2955.1296229571 2879.6587713408 3030.5863124109 2970.63649111669 2878.20843830967 2755.51027410785 2624.34928284727 2711.81815389022 2871.8902319463 2891.63618956489 2872.6653677303 2884.26755253206 2824.18723283985 2786.55332255628 2814.5238693959 2793.05224013109 2787.71352108166 2753.16538064148 2675.25542801544 2532.24857106767 2512.37020229417 2503.06034048133 2415.98729899644 2392.38101481533 2387.47446601068 2395.86047440412 2396.36898726128 2402.45210827768 2405.4829736371 2408.33224376123 2416.42799558446 2418.6957070894 2433.3924227007
3417.16470641166 3278.33179218626 3117.91639171545 2999.72395875829 3023.9448814733 3148.4420116009 3270.85941802367 3424.51931577057 3243.20735589976 3397.11605268627 3291.80596513741 3097.86236752275 3040.12149258882 2981.49515674485 2784.24631971611 2789.99731902085 2976.74091835613 3029.98516827015 2932.87633888808 2901.26605377452 2979.07799999127 2914.6282673005 2867.75273959502 2688.21799399716 2600.75388650666 2864.12641183287 2878.96940659189 2875.82343914232 2865.69622835355 2837.1122939619 2757.25921736985 2773.89786924996 2809.15454872976 2797.95091392228 2785.05853121903 2715.76819994958 2634.924896347 2634.8273642477 2633.96100826885 2502.21422386884 2397.9875305417 2387.08428479848 2394.71174624148 2388.23498017488 2392.22594666485 2390.0208580331 2399.37210744987 2428.26740652551 2453.67095132996 2489.75414357186
3247.05748078057 3175.43251365958 3064.77570896278 2969.99524918322 2999.960833242 3139.54170554109 3305.15701699647 3439.43922147258 3267.38917768327 3373.06172022106 3298.0510476357 3193.7303217024 3155.59159151718 3032.26553543644 2947.18530030058 2858.14350916503 2896.67448280111 3027.34605777056 2939.7061327793 2813.08464195424 2954.31618771161 2894.11298854032 2874.55114523296 2765.42601566089 2617.11379682301 2733.83742854324 2839.25736286094 2814.02136862674 2811.35267747788 2813.19150302133 2755.78943038097 2764.53678311991 2814.05412340499 2794.6530728189 2791.69840223649 2760.1788515118 2706.92535560385 2687.51774845943 2680.24944596967 2600.09052490945 2440.59395854639 2390.48157037832 2390.40414402995 2383.06202002033 2382.63476388868 2383.25269956299 2405.87276953379 2457.56783009662 2503.12324824534 2514.48240822163
3095.85214481474 3062.63499104015 3025.29343057991 3015.42127714817 3001.0778499484 3125.54788235471 3317.99509321301 3376.21342442703 3288.31832254771 3293.8829966303 3244.83168340462 3185.88597437546 3173.89848156944 3183.74765022581 3137.96792710335 3021.30749667149 2983.12873840432 3020.54312840963 2960.08276866289 2790.3455149186 2885.95573050081 2864.63942754839 2884.65073402851 2826.84005234147 2687.77263905527 2594.47757711563 2771.69301776328 2706.43779114859 2714.73568934763 2770.26448988979 2784.08534066737 2760.2356653638 2781.04296644054 2794.34412759265 2766.04549189522 2776.79254015126 2703.14805046402 2683.07632198359 2675.45395799824 2617.39288942215 2463.12659434325 2394.46490022551 2383.20937504063 2375.7881796494 2373.78574829578 2376.09477237484 2413.42550845673 2510.94491648939 2552.34408835309 2513.02275611342
2982.94485857672 3020.14308418377 3085.43597857124 3114.36127770291 3091.43222282057 3159.63837781838 3296.34823701259 3259.50835780596 3326.32179348136 3217.15432183832 3168.09732382538 3151.01584899911 3063.80151780484 3079.97197199494 3098.05430607534 3079.36038035775 3036.96593959 2963.97882051993 2946.45379337733 2782.767182824 2870.06344406057 2847.14578798458 2873.64630238889 2853.50144258874 2768.07704999642 2656.52819666705 2636.67942913755 2653.36205345801 2700.69054912982 2744.00473995337 2795.12365262411 2788.67284900606 2764.45814517953 2809.92255610472 2781.74676604702 2764.47389399258 2697.45417503596 2687.48562251609 2668.52781523973 2611.74897056703 2489.15777207913 2390.05543879068 2377.34327908096 2370.22932724287 2373.97875549413 2371.18303454164 2406.39585385068 2494.91422717262 2502.43108970429 2521.502612506
2970.6906363161 3045.34733334694 3177.24148556649 3194.10108669254 3221.05393147455 3227.17539182378 3229.64449710728 3120.2222541874 3292.06808325401 3239.96780713066 3173.20726837505 3153.03342013216 3031.03771938342 2972.22978119948 2979.13606686807 2994.55744844377 2992.19486661477 2887.4102286942 2916.71073720731 2833.47499611649 2822.03538496847 2820.34328334179 2841.17944397201 2873.42366205468 2816.63202005401 2729.9249261484 2619.12144994922 2664.21941588679 2747.3879444217 2763.85368251305 2810.81771534439 2801.42544305839 2760.91863761536 2815.446553581 2791.20185767652 2738.95177994989 2710.17480639558 2713.3109708025 2684.95232638787 2622.16347896301 2556.67909607536 2422.20547380931 2372.17497588712 2369.02216731559 2372.57601152701 2365.33829957095 2379.4102415848 2412.08610174014 2425.42015990645 2523.33481391223
3000.08003893316 3045.04475847634 3151.1677729877 3164.69555457484 3225.16204204214 3255.29415776085 3156.73619110144 3056.09900734074 3173.78313767487 3244.19394021293 3160.64290332553 3068.39373605491 2993.95207783217 2951.14557116222 2936.37178542765 2938.57030647495 2957.90043282409 2904.6296875246 2886.02329776931 2851.67663292283 2788.42378415728 2805.87444814028 2801.16787055142 2870.29487462983 2837.59753871477 2734.63648891009 2699.78434399947 2689.59189723379 2770.53853488769 2795.17959044995 2776.53106551726 2740.59815300603 2737.22108982753 2800.63000569616 2757.68214568244 2716.4502459433 2703.44298071904 2732.55156046445 2695.50562930865 2620.94863950093 2581.78136381835 2451.65243570355 2370.37879008316 2365.68695604073 2368.03642045117 2357.7312987906 2357.79873206463 2385.64127542721 2463.75931294284 2533.23806709304
3006.8508863778 2986.60698083522 3070.92941491102 3107.07470348224 3146.93357169019 3183.87609826861 3087.57185984503 3045.29778662911 3079.60540795631 3170.01424693256 3009.97659809725 2940.21831070645 2938.96284503103 2916.50634557285 2892.05822675642 2877.24771656118 2874.46352066699 2888.80914323002 2885.63707496799 2865.71925839902 2829.75227974284 2807.24823273149 2773.73239778673 2849.42566111331 2849.75748145495 2770.63444048399 2711.0777247818 2700.05477506986 2749.43315822706 2779.35035439014 2705.46312979416 2690.49488215805 2715.76027454329 2775.88739214012 2729.49754808542 2700.40670139662 2687.23172155065 2725.91315150925 2663.61249265837 2603.92825684502 2584.64891288473 2497.23020593847 2369.55789090427 2359.51636985236 2361.09101463325 2359.87273846208 2364.85746681699 2384.23414653204 2468.57086572352 2489.04383146974
3022.74189865493 2966.22916498776 3069.36504385238 3103.54747385051 3107.29056661115 3088.17352243901 3029.39027370314 3027.97802226657 3070.81034963353 3128.13718050227 2946.26257646602 2933.08787811542 2936.64971128425 2897.0930284381 2826.07529964706 2836.08425341018 2816.56062036216 2882.18155181058 2878.42709795725 2863.21566802662 2824.59252261996 2799.68579105834 2754.08611447039 2793.27603471179 2866.94795701322 2815.04261624972 2711.37391806468 2701.26971456532 2705.16316319483 2733.75729790994 2683.10071221823 2678.72232971865 2689.29584117197 2737.59247853722 2741.98868570969 2689.26774859425 2680.63704979571 2692.0807354152 2610.99396752588 2579.94981382195 2590.76960205798 2568.90991666126 2379.18124872084 2352.60389233137 2355.86994854405 2384.64918149709 2397.31682688964 2359.44229904768 2402.38245986304 2415.11378227791
3051.10080598092 2946.27249656718 3039.98844526839 3102.35623481965 3086.35490999488 3016.88128026487 2927.62634602654 2972.32647628646 3030.1649013955 3084.74906727496 2963.12997270092 2949.71179982387 2916.41049992231 2846.45938955649 2798.58120821689 2825.253391844 2826.38412259656 2877.32475137191 2793.81902356146 2849.91812080495 2800.61690350019 2751.15208877995 2720.07084339683 2721.80493304234 2819.40183100348 2838.03056544196 2757.3992409626 2697.69446786115 2688.50405192841 2704.45281159137 2681.35035498689 2667.56835077101 2666.51587882399 2701.32737254919 2754.04364550469 2676.31203908695 2665.01479337854 2672.9184133966 2579.83736424261 2544.0447639328 2558.13924012966 2560.73668533502 2373.49162425435 2346.14527687934 2351.92948760888 2385.81517320163 2408.76860570833 2346.472529767 2362.801742262 2407.0516889929
3013.58670875336 2915.02203789261 2966.12637213295 3042.81045021208 3072.36980038661 2996.78237805142 2913.35620387303 2964.82234385507 3006.99524812662 3027.42687093303 2942.11813802805 2931.1502315608 2883.18101462063 2811.20951803543 2771.16132314924 2794.90067421807 2854.33087151898 2823.26056775223 2727.03398024563 2777.63189455669 2750.71062468471 2719.44642618443 2769.09177108304 2769.38581023836 2818.21356275878 2852.90020804354 2822.23423672491 2731.24359727676 2660.02340743602 2680.83792162124 2695.96680872355 2662.00333975397 2655.38808301657 2662.46941294061 2693.57963075657 2653.50952961593 2654.58720452102 2666.4145715626 2565.77870737516 2520.96255288726 2530.99806520389 2525.91515324343 2354.85413195913 2347.02870090511 2346.13146611508 2367.74463947356 2394.20083429312 2339.23083858095 2353.40028557282 2417.13951854796
3011.31762508175 2898.19584253317 2921.26310946172 2984.52097330161 2959.33841054641 2929.20136923765 2931.07243437824 2999.51364655855 2982.15940917452 2960.17309599992 2919.82935489953 2917.87222591113 2883.68377262379 2852.77059449272 2839.26036412814 2849.93298110106 2881.90875323899 2817.28893637659 2726.74080384668 2727.74954734184 2720.23380348575 2727.64046532661 2787.1344842239 2837.55374282724 2818.53345740565 2787.76779911575 2828.3010542765 2776.17414063211 2636.72883904658 2655.64078989463 2711.87349321272 2649.02088770522 2645.15283008967 2660.64341841081 2683.95211539498 2645.72645240762 2637.31381238959 2634.70127589602 2543.63277841882 2509.93883228721 2523.24836815789 2504.4893654497 2360.60177991494 2350.19964651725 2345.67686745245 2364.54942726392 2380.18436750256 2348.8635613636 2338.03717231482 2372.61308536232
3023.35885128442 2846.39789874878 2810.66587286359 2864.93479408573 2982.31130606976 2951.42876636993 2830.5132582538 2872.18321111438 2859.1882158743 2894.7296637166 2835.39819480026 2800.62671070983 2792.21968664544 2848.47977504366 2884.76468256725 2862.62829897123 2832.45319992386 2857.9725549899 2844.55276268377 2649.06149286706 2676.21488196275 2782.17446016721 2804.28530493893 2829.50005833633 2828.54006449561 2821.50545177738 2764.10998702307 2725.48411123824 2732.47699013605 2641.38645065709 2730.05507684305 2645.01234140925 2619.73121072146 2644.83420030755 2692.90949214607 2634.70290052911 2602.50147155292 2601.17201393644 2528.39706015592 2499.87164731252 2499.05998919048 2427.54788079233 2364.01697086154 2367.80441807472 2345.41035134446 2369.51022420879 2397.40994334268 2327.09098752908 2320.8080219981 2350.02770852913
2989.19620805326 2900.3212140895 2954.15429060226 2984.89675001158 3033.23681115796 3000.5966304609 2940.92871230488 2846.08262137817 2851.93823820193 2899.27356993933 2850.2011784946 2815.0093874057 2793.70485073978 2841.87130191285 2877.69411458628 2865.15519671891 2850.44461306821 2846.52871509842 2824.96418687037 2614.58728255776 2631.24077450802 2671.47808036045 2721.60006389458 2807.36539851226 2805.15913977558 2818.55641538768 2760.07610770392 2694.50342706359 2745.48551366014 2664.75579388621 2675.27944003984 2702.11725069671 2627.13320649999 2622.82894226252 2635.58283343837 2629.5383307641 2582.25769635309 2586.20880263121 2516.22970843532 2487.63249210566 2496.46402606387 2420.90685068384 2364.98538193255 2362.35330748445 2343.25683424579 2354.59034372807 2395.28107595645 2333.71145553885 2313.0446568356 2336.40389649688
3041.46048666301 3025.53978895131 3054.17906228592 3005.65122909929 2933.78234122324 2921.80401560995 2875.89983222579 2785.10399196616 2908.0716317899 2906.63394114337 2871.18416967485 2845.24228995341 2821.29331125038 2850.95165383744 2862.57378302215 2844.94795426853 2837.05620663207 2836.22866790911 2780.43315948996 2602.53175465719 2608.31610279732 2637.79268470549 2688.97341262623 2731.14811249679 2770.61883266691 2814.64706164676 2753.98246074346 2652.23613845014 2693.7623656315 2709.11566760379 2621.91474567809 2728.38210376942 2689.90790193438 2648.55090251571 2639.97556256681 2646.39965816453 2598.47566003666 2557.63801568599 2490.30386599944 2448.32904483331 2464.50525781747 2413.3195910045 2362.87671856449 2347.97844779049 2331.20669308298 2333.33037869095 2374.43625056432 2331.48829075237 2309.2920770857 2325.83482899002
3050.45676740279 3011.58191553707 2987.78929092914 2882.38289785547 2757.14110577441 2772.21731830866 2733.11840201857 2657.17827844327 2877.94796139857 2905.87564839729 2870.12923173086 2820.17602020675 2839.9265442721 2862.38696926204 2852.89027623227 2826.84952853432 2802.1410774128 2812.74738915282 2754.62654112762 2662.86449046359 2616.19281890228 2695.26915334569 2736.09787979647 2693.41104067046 2716.06519086547 2779.82228069109 2776.6557156579 2671.35857206583 2665.6675779613 2749.99432831658 2589.83549217922 2690.10364359516 2731.86064351814 2668.0607132537 2677.32040091009 2615.16663529611 2589.40853951909 2511.81494577447 2459.61961891105 2415.10404794905 2424.72952824594 2397.39774030459 2344.97205211066 2331.166446978 2314.98482035124 2313.50114923953 2348.44735625108 2321.50503000931 2308.6982108403 2314.50293504489
2864.24059171344 2830.77439951314 2834.99745911672 2782.92145107018 2693.60432298643 2747.35510954616 2790.53484309921 2748.8429440151 2869.35034843806 2860.88118490958 2841.48483595583 2813.02641161682 2815.76086280751 2756.36177548942 2779.21314594236 2794.27077435459 2785.6044680314 2767.06078787057 2750.48678295278 2733.24779344209 2642.91450966937 2696.25453757428 2784.77937443447 2759.01743355896 2748.77635281214 2759.34364571957 2763.0243600159 2699.24964390156 2691.30517369937 2753.37637165755 2590.99651526653 2641.94040438868 2708.82610623991 2655.84295516201 2676.88485939609 2551.29721305094 2534.47744581478 2488.439025306 2427.96445877532 2398.98125709277 2402.33317174738 2369.2534855077 2323.12909800703 2328.08034894837 2312.18987301114 2290.33383493006 2331.29605731055 2332.01902152878 2338.74943086548 2326.80104999053
2726.18792982704 2721.06438450211 2743.22956906764 2756.04132688952 2740.84707952534 2770.50529763856 2819.81335216759 2831.99654450836 2885.06561133305 2851.19813652422 2855.88826745042 2838.50820649038 2758.90186465165 2621.41862809746 2644.55764832539 2708.65776882752 2774.71092245899 2738.18118182484 2759.37786523563 2721.23849662568 2665.1672516908 2670.40560270348 2742.63113605825 2747.43189702061 2693.44285527337 2676.01087700172 2657.03244833184 2672.41571487037 2743.01441302952 2705.70006262122 2621.00031549421 2673.29833194189 2697.10414013472 2624.67346011641 2642.80243477256 2570.73583715346 2528.93332039176 2483.32899052129 2429.21261771829 2395.52086938914 2398.2567176409 2347.22685368631 2307.28727840015 2326.28152130834 2314.37402368118 2278.13766775804 2317.28975883886 2325.24281956016 2338.9221326733 2353.36822063548
2732.59926770216 2719.21749790228 2733.2458822494 2743.27896475245 2729.28208752854 2751.81929191588 2761.07023558719 2745.05376678554 2890.02663943027 2857.64490275877 2787.5707807682 2735.17727472835 2670.92368889691 2573.81580411299 2613.60348498708 2735.67456776472 2786.69013541979 2757.45020867279 2776.67864621042 2742.92620930452 2694.42672501506 2688.78067028347 2729.83009541653 2710.28533117004 2587.52359831594 2607.18586780455 2584.31233577775 2654.70348879987 2780.421590004 2715.41108122689 2648.29313763731 2725.95340774146 2677.34669148786 2655.7357226257 2624.03197826754 2618.81148458461 2559.65417587759 2495.74216922556 2446.13548382074 2404.45334472629 2387.64740520842 2341.94826502986 2293.5212210234 2303.2467358163 2294.09610106429 2265.06371727172 2294.28245674256 2296.01339610009 2300.06385435781 2325.90265667753
2683.19902251941 2674.27297564341 2713.17734102522 2693.15565011953 2644.80204235615 2693.64356679728 2692.96578265666 2664.1903014327 2869.62027997062 2817.1670429963 2673.0494102969 2581.68363166395 2575.77962729366 2547.92444376286 2637.83626355685 2776.35512062711 2727.55085971684 2775.13844629697 2754.84589116699 2765.94556873491 2733.13576874486 2699.37986245097 2750.00477974468 2731.80797058196 2606.76493337229 2628.2947620574 2579.80178487133 2629.61129595594 2759.22337347775 2758.53818876692 2661.41510299183 2690.10662586376 2641.82989436953 2658.24872734318 2587.66181397443 2607.58974951896 2550.55797938279 2479.09782552653 2438.59351317419 2404.0968041787 2367.50925304432 2339.15534621639 2288.51550567164 2280.46799133126 2264.18572856973 2245.46760261774 2260.4326132837 2278.00445835996 2283.5676399369 2277.10914967968
2640.88072816563 2630.851495813 2664.28829367935 2620.45780721418 2563.59550328336 2599.37543301125 2624.19794356369 2633.66160449999 2849.98911311375 2748.85001223207 2611.66082859899 2521.48231202837 2521.18931813081 2521.72255158386 2585.7024873989 2656.43105411712 2621.60774714696 2752.9193170803 2736.4286884494 2697.03657368529 2718.37719103686 2738.70412660022 2754.21065577124 2741.43600295657 2632.74278603971 2606.09938755776 2573.06235284292 2599.39442009776 2673.02250402675 2766.51572077838 2705.66627589464 2646.92557254349 2579.6846921999 2570.95327490383 2522.97621069221 2546.97231654176 2519.30554756358 2452.58774890691 2426.28794968901 2390.16081734617 2356.12773682034 2325.96456159953 2283.97732189944 2268.35050682434 2254.30237088145 2236.6095035645 2255.07034476457 2279.59142281935 2277.27391841633 2245.01661597991
