rcp4.5models/CNRM_CM5/sc1gr9.34
NCOLS 261 
NROWS 433 
XLLCORNER 336357.134 
YLLCORNER 654653.479 
CELLSIZE 1000 
NODATA_value -3.4e+38 
[rows 66 to 87 of 433, columns 98 to 146 of 261]
37.306209564209 37.1569671630859 37.0194549560547 37.0459403991699 36.9240646362305 36.8091850280762 36.7416915893555 37.1864700317383 37.4915809631348 37.4350509643555 37.6440353393555 37.5782890319824 37.531681060791 37.608039855957 37.7002258300781 38.5684776306152 38.5300407409668 38.3884773254395 38.6743698120117 38.7086982727051 38.9170188903809 39.0332298278809 39.1017532348633 39.9885559082031 39.900074005127 40.1456451416016 40.3092269897461 40.6776580810547 40.8443832397461 41.1462860107422 41.698055267334 41.5303382873535 41.6660766601562 41.949405670166 42.1376686096191 42.7940826416016 43.6450691223145 43.8502197265625 44.0490798950195 44.1508979797363 44.7694320678711 45.0403327941895 45.1470146179199 -3.4e+38 -3.4e+38 45.7401580810547 46.3122901916504 46.936351776123 -3.4e+38
37.1896286010742 37.0544357299805 37.123119354248 37.1562271118164 37.0348892211914 36.9205207824707 36.8215866088867 36.8598442077637 37.2117805480957 37.5487670898438 37.7575798034668 37.6730766296387 37.4526138305664 37.5938682556152 37.6917457580566 38.1823081970215 38.203857421875 38.5041656494141 38.81494140625 39.0157737731934 39.1156539916992 38.9729537963867 39.0878105163574 39.683765411377 40.0354995727539 40.3434143066406 40.3585968017578 40.6935386657715 40.6336860656738 40.7367630004883 41.6604194641113 41.6146240234375 41.6199836730957 42.0054016113281 42.1532707214355 42.6792106628418 43.6782608032227 44.0261611938477 44.0838851928711 44.0708961486816 44.6914596557617 45.1247520446777 45.164852142334 45.4788093566895 -3.4e+38 -3.4e+38 46.656909942627 47.1994667053223 -3.4e+38
37.3093338012695 37.1658630371094 37.0283813476562 37.071117401123 36.9544792175293 36.8446273803711 36.7417182922363 36.6708641052246 36.8644332885742 36.8245811462402 37.2101058959961 37.6393852233887 37.616268157959 37.8525810241699 37.7969245910645 37.8906364440918 37.946361541748 38.0642623901367 38.9408531188965 38.8758659362793 38.8277282714844 39.1359901428223 39.1676940917969 39.2148323059082 39.3132209777832 39.7104110717773 40.3727531433105 40.5572776794434 40.6494903564453 40.7683906555176 41.1293334960938 41.7021064758301 42.0838966369629 42.2281646728516 42.5602569580078 43.0515213012695 44.0046310424805 44.132625579834 44.4208793640137 44.6445579528809 45.2677154541016 45.5436248779297 45.6833953857422 45.837963104248 46.023136138916 -3.4e+38 47.2569007873535 47.4346618652344 47.8880157470703
37.4203147888184 37.2773933410645 37.1404685974121 37.0062255859375 37.0680999755859 36.9587554931641 36.8563117980957 36.7863464355469 36.9798393249512 36.9109382629395 36.9862518310547 37.371524810791 37.7335243225098 37.9695777893066 38.0766868591309 37.8964157104492 37.9898719787598 38.0567359924316 38.6110877990723 38.885082244873 38.9202194213867 39.0650444030762 39.0957794189453 39.1646766662598 -3.4e+38 39.5730285644531 40.4045944213867 40.5105590820312 40.7373962402344 40.7243309020996 41.1985816955566 41.824031829834 42.1708908081055 42.1885757446289 42.7315254211426 43.5928764343262 44.1945533752441 44.3993110656738 44.6150894165039 44.8071556091309 45.519905090332 45.6736145019531 45.8213386535645 45.9939384460449 46.2090530395508 46.6890830993652 47.3501586914062 47.5659370422363 47.8347663879395
37.4330902099609 37.2925758361816 37.1579933166504 37.1056594848633 37.092227935791 36.9849624633789 36.8845138549805 36.8169021606445 37.0117492675781 36.9341621398926 36.8937072753906 37.180850982666 37.7725067138672 38.0094985961914 38.0497741699219 37.9469985961914 38.1083297729492 38.1185150146484 38.2714157104492 38.5104026794434 38.5868339538574 39.010440826416 -3.4e+38 -3.4e+38 39.4436988830566 39.5712051391602 40.5285491943359 40.6387214660645 40.8414459228516 40.9853782653809 41.1960334777832 42.0559959411621 42.2832221984863 42.4835052490234 42.792179107666 43.4216690063477 44.2036399841309 44.6015739440918 44.721019744873 45.4188461303711 45.800537109375 45.9642906188965 46.0678367614746 46.084831237793 46.421142578125 47.2132797241211 47.4945678710938 47.7137985229492 -3.4e+38
36.893383026123 36.7689361572266 36.8670120239258 37.1435813903809 37.2072525024414 37.1004981994629 37.0005302429199 36.9338073730469 37.128604888916 37.0513648986816 37.0116539001465 37.2564849853516 37.510066986084 38.1068916320801 37.8681526184082 37.8852729797363 38.1544914245605 38.1749992370605 38.3567886352539 38.3402481079102 38.3176002502441 39.1262245178223 39.2797698974609 39.4091453552246 39.5354537963867 39.482723236084 40.6183433532715 40.8413238525391 40.8237838745117 41.1687049865723 41.3450775146484 42.2587013244629 42.272777557373 42.7017097473145 43.0667304992676 43.6586151123047 44.3218841552734 44.728328704834 45.072883605957 45.7282524108887 45.9189796447754 46.2029228210449 46.1723480224609 -3.4e+38 46.8013801574707 47.6335830688477 47.7936820983887 47.9764938354492 -3.4e+38
36.7682456970215 36.6375160217285 36.6340522766113 36.6240730285645 36.6603126525879 37.1293106079102 37.0313186645508 36.9669380187988 37.1630859375 37.0875511169434 37.0498886108398 37.2701187133789 37.2783622741699 37.7790145874023 38.0116386413574 38.1803588867188 38.2508125305176 38.0950622558594 38.2325134277344 38.4001884460449 38.4575080871582 39.3572273254395 39.4102478027344 39.5744285583496 39.6329803466797 39.7775917053223 40.7489891052246 40.9111404418945 40.9472923278809 41.2807884216309 41.4078102111816 42.3722877502441 42.6094818115234 42.9898986816406 43.2455368041992 44.1205978393555 44.40185546875 44.7306976318359 45.2719345092773 45.8662490844727 46.0628128051758 46.2479553222656 46.2008323669434 46.5515174865723 47.0459365844727 47.8779335021973 47.9471130371094 48.278751373291 48.4882431030273
36.7854347229004 36.6497840881348 36.5199432373047 36.2925109863281 36.3855400085449 36.611499786377 36.5527000427246 36.9010009765625 37.2814102172852 37.1871528625488 36.9716644287109 37.1931228637695 37.1548767089844 37.2679557800293 38.0730400085449 38.3353996276855 38.3085174560547 38.2003555297852 38.2456703186035 38.511890411377 38.5118103027344 39.4114379882812 39.475341796875 39.6968765258789 39.7659034729004 39.9466705322266 40.9846076965332 41.0597038269043 41.1806297302246 41.3916091918945 41.7047996520996 42.5125350952148 42.8155517578125 43.1814956665039 43.4017791748047 44.3690185546875 44.5425300598145 44.8213996887207 45.2936019897461 46.1545677185059 46.2692184448242 46.2889823913574 46.5390853881836 46.9101715087891 47.5137062072754 48.0267143249512 48.2450408935547 48.3797416687012 48.897518157959
36.9001502990723 36.765064239502 36.6357917785645 36.4179420471191 36.5847282409668 36.4820709228516 36.4075355529785 36.6063995361328 37.1432914733887 37.2335090637207 37.092414855957 37.3137512207031 37.2629547119141 37.2549247741699 38.1951179504395 38.4337005615234 38.2562141418457 38.2517929077148 38.29833984375 38.6026268005371 38.8087959289551 39.5371322631836 39.6043281555176 39.7858505249023 40.0068168640137 40.0704040527344 41.0457458496094 41.1559410095215 41.386100769043 41.381420135498 41.9219627380371 42.8001747131348 43.0784454345703 43.1921577453613 43.5574340820312 44.0651741027832 44.434440612793 45.0757179260254 45.2791061401367 45.7521553039551 46.3580322265625 46.444881439209 46.784538269043 47.2758827209473 48.0406913757324 48.3563117980957 48.4580955505371 48.5295829772949 49.1912269592285
36.9200172424316 36.7872657775879 36.660270690918 36.4472618103027 36.6156196594238 36.5149879455566 36.4208297729492 36.3562660217285 36.5746803283691 37.1676864624023 37.1148529052734 37.1830101013184 37.3080406188965 37.3017463684082 37.7959938049316 37.9482078552246 38.3793106079102 38.3748588562012 38.3963279724121 38.5742721557617 38.9748306274414 39.6230506896973 39.8698272705078 40.0746040344238 40.0776748657227 40.1643943786621 40.7912673950195 41.1205749511719 41.4611015319824 41.5082244873047 42.0417213439941 42.9091186523438 43.271656036377 43.3132057189941 43.5628433227539 43.8396949768066 44.582389831543 45.1669006347656 45.4110679626465 -3.4e+38 46.5556411743164 46.755126953125 47.0812377929688 47.3753128051758 48.1597175598145 48.5233840942383 48.4448165893555 -3.4e+38 -3.4e+38
36.8219604492188 36.691822052002 36.5822067260742 36.5511322021484 36.5597190856934 36.6343612670898 36.5406875610352 36.4535484313965 36.4274482727051 36.9050102233887 37.2246360778809 37.2008361816406 37.4304161071777 37.4247360229492 37.4785079956055 37.7360191345215 38.4323806762695 38.455753326416 38.6338424682617 38.699047088623 39.0120010375977 39.2224082946777 39.949333190918 40.2553634643555 40.236198425293 40.4539794921875 41.0222854614258 41.3871612548828 41.4656410217285 41.7457046508789 42.1209526062012 43.0036773681641 43.2431678771973 43.3953399658203 43.7359657287598 44.1580963134766 44.8274841308594 45.3071479797363 45.6545333862305 46.5121154785156 46.8489456176758 47.0563507080078 47.2910461425781 47.522632598877 48.2821159362793 48.4785003662109 -3.4e+38 -3.4e+38 -3.4e+38
36.9394149780273 36.8098449707031 36.6945266723633 36.5740013122559 36.4930534362793 36.6698150634766 36.5780639648438 36.4927597045898 36.4443817138672 36.6769485473633 36.8877372741699 37.247371673584 37.4779891967773 37.474048614502 37.5934219360352 37.7410545349121 38.1891479492188 38.5725860595703 38.6980628967285 38.7568893432617 39.0410652160645 39.1205406188965 40.0477256774902 40.2176628112793 40.3202323913574 40.6387977600098 41.0636291503906 41.6130790710449 41.789623260498 41.992488861084 42.3024291992188 43.255298614502 43.4145393371582 43.6840667724609 43.9224166870117 44.7354736328125 45.1476974487305 45.5968933105469 45.9128456115723 46.662525177002 46.8847312927246 46.9593200683594 47.2760734558105 47.612247467041 48.3549880981445 -3.4e+38 48.8047714233398 49.0939102172852 -3.4e+38
36.9639015197754 36.8366165161133 36.714958190918 36.4891319274902 36.4281158447266 36.7906455993652 36.6993827819824 36.6145362854004 36.567024230957 36.7736167907715 36.8043174743652 37.5448341369629 37.6019020080566 37.5762138366699 37.656192779541 37.8276519775391 38.0428810119629 38.8112716674805 38.8241424560547 38.8833236694336 39.1872253417969 39.3544235229492 40.1199035644531 40.3450736999512 40.418586730957 40.6048812866211 41.0768966674805 41.7553215026855 41.9708290100098 42.0983428955078 42.572868347168 43.5284767150879 43.6844139099121 43.9249229431152 44.2885971069336 45.1380844116211 45.3505706787109 46.0500373840332 46.2061614990234 46.9230079650879 47.0656471252441 47.1075401306152 47.2849044799805 47.7811393737793 48.5057067871094 48.7312278747559 49.0651473999023 49.566822052002 50.612964630127
36.8857955932617 36.9560585021973 36.8349685668945 36.6102333068848 36.5431289672852 36.8286247253418 36.7392692565918 36.6562461853027 36.5912818908691 36.6455078125 36.7974967956543 37.1466751098633 37.6519355773926 37.6365394592285 37.7977256774902 38.0607414245605 38.161922454834 38.8769912719727 38.883243560791 38.9436302185059 39.2469673156738 39.3931732177734 40.0846900939941 40.4093742370605 40.494068145752 40.7335815429688 41.1453666687012 41.8350296020508 42.1063423156738 42.2419548034668 42.6452331542969 43.6395416259766 43.9368095397949 44.1004905700684 44.5200424194336 45.3939819335938 45.5907287597656 46.2496299743652 46.3059616088867 47.010311126709 47.2023048400879 47.3712348937988 47.5856819152832 47.9402885437012 48.8109817504883 49.0005683898926 49.2314529418945 49.7924423217773 51.035816192627
37.0205841064453 36.898624420166 36.7970962524414 36.7821960449219 36.9677391052246 36.8748207092285 36.788028717041 36.7074394226074 36.645149230957 36.7145843505859 36.9177360534668 36.7974319458008 37.110424041748 37.7149772644043 37.9573211669922 38.0861930847168 38.3042640686035 38.7014579772949 39.1013946533203 39.2888565063477 39.3699989318848 39.6830863952637 39.8677558898926 40.6194534301758 40.7640724182129 40.9358520507812 41.5572509765625 42.284912109375 42.6175994873047 42.6252021789551 43.1799278259277 44.040283203125 44.2003898620605 44.4727745056152 44.8838195800781 45.4668998718262 45.8230972290039 46.2951393127441 46.7655830383301 47.2818717956543 47.4836273193359 47.829704284668 48.2170372009277 49.084888458252 49.4186363220215 49.6120223999023 50.0831031799316 51.109806060791 51.4848556518555
36.5162773132324 36.6223411560059 36.9135932922363 36.998405456543 37.0080223083496 36.917049407959 36.8321266174316 36.7533264160156 36.7011604309082 36.8204765319824 36.8655281066895 36.8273811340332 36.9420280456543 37.3981819152832 38.024543762207 38.2318077087402 38.5045547485352 38.542407989502 38.8615341186523 39.362907409668 39.4352111816406 39.7791938781738 40.0807113647461 40.6116523742676 40.9442443847656 41.0390129089355 41.6449279785156 42.3580856323242 42.7404899597168 42.9344367980957 43.3292846679688 44.1559562683105 44.414306640625 44.4553375244141 44.9753379821777 45.5972747802734 45.912353515625 46.3324966430664 47.0358238220215 47.4721374511719 47.8302536010742 48.282958984375 49.0153999328613 49.4427528381348 49.7512474060059 49.9224586486816 50.3406448364258 51.2495155334473 51.7452049255371
36.3894920349121 36.3974838256836 36.5606956481934 37.0282440185547 36.9334945678711 36.8446388244629 36.7812309265137 36.879322052002 36.8402252197266 37.0506477355957 36.992733001709 36.9410514831543 36.9340171813965 37.2212409973145 37.983943939209 38.2928276062012 38.5662727355957 38.5673332214355 38.706787109375 39.4967269897461 39.5567855834961 39.7486801147461 40.1923141479492 40.9144248962402 41.0808906555176 41.2188034057617 41.7787742614746 42.459716796875 42.7449569702148 43.1610336303711 43.544303894043 44.1381683349609 44.5467338562012 44.7248840332031 45.0048637390137 45.859375 46.0444869995117 -3.4e+38 47.5528831481934 47.8107032775879 48.2491607666016 48.634349822998 49.533576965332 49.8675765991211 50.0074157714844 50.1968383789062 50.9843101501465 51.5580749511719 52.0816535949707
36.4137802124023 36.2962417602539 36.213809967041 37.1534805297852 37.0592575073242 36.9709053039551 36.9001693725586 36.9276313781738 36.8906784057617 37.1023254394531 37.0459442138672 36.9957122802734 36.9904708862305 37.2308731079102 37.746639251709 38.3962326049805 38.5001068115234 38.5160446166992 38.6743927001953 39.5924186706543 39.7981643676758 39.852725982666 40.1866874694824 41.095947265625 41.185375213623 41.4566764831543 41.8909492492676 42.7154312133789 42.8472938537598 43.1424980163574 43.674747467041 44.4091339111328 44.5600738525391 44.9751243591309 45.3055114746094 46.0071487426758 46.3085632324219 -3.4e+38 47.9025039672852 48.230396270752 48.5072212219238 49.2763595581055 49.839469909668 50.0349731445312 50.3348197937012 50.634090423584 51.5278511047363 51.843017578125 52.4148254394531
36.3475761413574 36.4208183288574 36.3252754211426 36.7660179138184 36.6743125915527 36.6310844421387 36.9564361572266 37.0536689758301 36.9984970092773 37.0402946472168 37.0075531005859 37.1247253417969 37.120174407959 37.3368644714355 37.5804443359375 38.469554901123 38.6368598937988 38.6767234802246 38.915096282959 39.3569297790527 39.8984756469727 40.1351013183594 40.4911804199219 41.2341690063477 41.3316383361816 41.5411071777344 42.1890640258789 42.8469161987305 43.10498046875 43.2455406188965 43.6867980957031 44.6565132141113 44.8314590454102 44.9918479919434 45.5600738525391 46.3088874816895 46.4601860046387 47.6650238037109 48.2131843566895 48.4982070922852 48.931568145752 49.815559387207 50.1143112182617 50.3424415588379 50.6478042602539 51.3795127868652 51.8054580688477 52.1099967956543 53.1141014099121
36.4660758972168 36.4585990905762 36.3584594726562 36.4443359375 36.353443145752 36.3563919067383 37.0736427307129 37.1247329711914 37.2302017211914 37.1698265075684 37.1289367675781 37.1817321777344 37.1789588928223 37.4054374694824 37.6881370544434 38.4366416931152 38.7397041320801 38.9323844909668 39.0511474609375 39.2379913330078 40.1947250366211 40.2401580810547 40.7077598571777 41.5096397399902 41.582691192627 41.6897163391113 42.733455657959 42.9767265319824 43.240478515625 43.5453414916992 43.9598922729492 44.6716041564941 45.0825233459473 45.3935394287109 46.0801429748535 46.5668334960938 46.8097190856934 48.3074150085449 48.4820518493652 48.8424873352051 49.675910949707 50.0881881713867 50.3170547485352 50.7231369018555 51.3452072143555 51.7758293151855 52.1796798706055 52.6469078063965 53.7905807495117
36.494197845459 36.3816871643066 36.2744445800781 36.5718994140625 36.4815101623535 36.4978370666504 37.3042640686035 37.2464294433594 37.3060302734375 -3.4e+38 37.3663635253906 37.3201065063477 37.2950401306152 37.3666687011719 37.7041015625 38.2056694030762 38.8651733398438 38.9935646057129 39.0353507995605 39.4015769958496 40.417163848877 40.6171989440918 41.2100143432617 41.632942199707 41.8610038757324 41.9428520202637 43.1512794494629 43.274356842041 43.5405387878418 43.7525482177734 44.5456314086914 44.9868621826172 45.2691078186035 45.6938095092773 46.5707855224609 46.8039245605469 47.3618850708008 48.4671592712402 48.8359870910645 49.3329391479492 50.0659523010254 50.3980827331543 50.5919494628906 51.0551795959473 52.0154266357422 52.086841583252 52.3419075012207 53.0130615234375 54.0183486938477
36.4324569702148 36.4935493469238 36.4192008972168 36.6181678771973 36.5919876098633 37.1034049987793 37.3564376831055 37.3091506958008 37.4304313659668 37.4549217224121 37.2807960510254 37.570915222168 37.5319404602051 37.524730682373 37.692985534668 38.4078636169434 38.9136772155762 38.9580078125 39.2537803649902 39.9753837585449 40.413745880127 40.8770904541016 41.6904373168945 41.7854194641113 41.9884643554688 42.3343734741211 43.4328346252441 43.5670890808105 43.7854843139648 44.1222457885742 44.9582710266113 45.2252883911133 45.6174278259277 46.2302742004395 46.8683280944824 47.0561676025391 47.5676002502441 48.8222274780273 49.2468795776367 49.927433013916 50.3745155334473 50.5680351257324 51.0591278076172 51.7989921569824 52.2306289672852 52.538444519043 52.7783699035645 53.5375328063965 54.2011528015137
