rcp4.5models/CNRM_CM5/sc1gr4.1
NCOLS 261 
NROWS 433 
XLLCORNER 336357.134 
YLLCORNER 654653.479 
CELLSIZE 1000 
NODATA_value -9999 
[rows 264 to 285 of 433, columns 150 to 199 of 261]
231.768058320548 229.776067087496 235.993383301588 246.10454937039 249.506772423304 250.179252606438 252.703370372205 254.419192101943 255.333422955533 255.319339773709 255.49070713227 255.307599883853 254.793568076997 254.311796802356 253.918712520248 253.383747138319 252.774698683464 252.68764457264 253.54409572167 252.272343212884 -9999 -9999 -9999 251.763915114839 252.078575337193 253.892921927988 254.605872754402 256.1504474157 255.584635387138 256.039586526485 256.796454467914 256.411848207241 256.643507999687 257.596863624083 258.324707023509 255.764998329128 253.172431361692 257.267434125965 257.552140714587 257.573685278628 258.139501010356 258.506483980647 258.035826723696 257.133445200774 256.520521973605 256.086282437336 255.20237233029 255.51633786093 256.357558736488 255.867633538239
220.664900948267 219.976209739319 229.115491762434 238.313134321084 245.801327717452 249.178919142964 250.934439788503 253.435021364133 254.897690028048 255.036046798056 255.383529545864 255.132353196808 254.594613127112 254.485835420491 254.313149877414 253.57106161166 252.66212088781 252.942621947879 253.275273375392 252.799869438735 252.62617061528 -9999 252.356007547668 251.904667562965 251.26246219938 250.542682339134 250.829195161103 252.393466623044 253.536944177886 255.98189690712 256.472274093269 256.583750064566 257.099811763956 257.689082969127 256.279923569787 247.979013902516 243.751907079711 255.026459903684 257.607707766605 257.926798335898 258.341561653193 258.363281064616 258.598764224078 257.656739070203 256.68891264903 256.132256409861 256.247512594878 255.918544635594 255.037683479484 255.92412696691
207.201582777788 205.646929435528 217.808476304724 227.611277358599 239.751761488657 247.613619777135 249.906976341107 250.771618796838 255.215920123929 255.468504555059 255.118964564831 254.889810450601 254.738912436845 255.193290552798 254.941185860303 254.293479818337 254.020849755222 253.545527538988 252.883384413483 252.408054201134 252.299449351042 -9999 252.350828658801 251.406939105064 250.79176582883 249.905093044653 249.801030324027 249.682842072042 249.158466440876 250.310529038587 257.245258661235 257.486569453641 257.3144234968 257.174883992742 257.507924131144 253.572393324604 242.330044285755 242.688937868196 254.870109259196 257.155592800747 256.531381080101 257.367407010404 258.307111480572 257.589341544254 256.776066987968 257.289957347653 257.991743845532 257.682185949684 257.410730127507 258.025859828398
200.448229869291 195.841511971994 206.483701105363 216.923123358617 232.042326419155 241.523213065126 247.214889955192 249.590433607118 255.10236249981 255.451743317999 255.114639336484 255.055626016821 255.048805835818 254.971887175167 254.675714574989 254.315931200113 253.65228501334 253.431447493076 252.835375641479 252.261353688248 252.038377794743 252.553822445611 -9999 251.484354585718 251.098563748223 250.556840004546 250.415926508409 249.609683557689 249.378317981765 249.683247127187 254.750983016521 257.186387457617 257.164574649379 256.749498151625 257.308883150294 253.785797064299 240.585567042294 236.739307132765 252.236576895795 256.690584668457 256.319102751211 257.469657821758 257.884616664406 257.062956101161 255.580481477852 256.709455516543 257.730638495048 258.253857645241 258.421682955542 258.610660179338
197.246159688286 192.561189243718 200.158739817145 206.19205267482 219.731549220125 230.908298657496 241.106911620722 248.36703657521 254.747642368401 255.250456064742 -9999 255.062889464717 254.994477715376 253.020349525585 251.24630059176 254.049368216032 253.380149227458 252.584640563871 252.10261624032 252.095529622183 251.884726398196 252.221308114514 -9999 251.857612142003 251.48471478275 250.851369422466 250.680851502077 250.06160351035 249.662156082298 249.643810068279 251.303889360861 254.845288060801 257.120074040681 256.640702625347 257.274342892211 255.690172314144 248.842229399924 246.236914102674 253.746186719187 256.616613422326 257.390284954334 257.624124432798 257.605144524483 256.794605468762 255.860328634119 256.719761671743 257.777099232699 258.112712513667 258.005417148378 258.214940768144
198.540734244918 201.344180138389 204.746047723483 204.800018325416 208.457461840457 220.223106448976 236.725713680954 246.934080328891 254.481932143792 255.310060684548 255.559359061243 255.013508361989 254.296745192965 251.318685477172 250.137289441059 254.032851829413 253.335669657063 251.722006106182 251.639539738208 251.826842269343 251.960946350059 252.369624253569 252.601991615248 252.093630778912 250.69932285793 249.524203828232 250.574539195846 250.53144174193 249.769476238765 249.476908685426 250.357730517425 251.459170985406 254.508284782026 256.513372031909 256.800806279426 256.971474601542 256.464541394837 255.696361476979 255.581054156088 256.338602229184 256.938280907055 257.010731023383 257.438233620124 256.51912603946 256.599036076022 257.127198333409 257.481692754508 257.106350063594 257.218667835998 257.977157878824
203.556353528018 210.549264261354 215.252743634618 215.350472338883 210.565898423573 214.834149898789 231.843683602493 244.334890783057 254.323172687353 254.854316397562 255.325363740254 254.997412619077 254.350096049633 252.679710880616 252.45791517212 253.806613676038 253.177157653921 251.952380236788 251.872356729764 252.163692416303 252.251525705168 252.182769036416 252.3948005664 252.257751319957 250.40199882337 249.180910982116 249.932429533777 250.315747172636 249.584135197839 249.866875435294 249.752052553273 249.733597057756 250.935389519688 254.189637389057 256.467236242762 256.911474293619 257.228239264237 255.541269749161 254.646483491081 255.365900617254 256.242855075291 256.724703129871 256.961214784051 255.992558718913 256.320755212932 257.231639785691 257.310121897325 256.761669379249 257.176355061543 257.932575513562
209.407398757817 214.390370592738 222.999568776738 225.978253312009 223.338530883612 223.277772664252 233.564008161575 246.327784588738 254.164029137195 254.522965066911 255.09933392006 -9999 254.971487165224 253.253506964371 251.215758032752 253.606628312272 253.273180678527 252.591067216026 252.484216711164 252.859098787301 252.786108112919 251.972948388287 252.313232603506 252.308840959186 251.539931807973 250.822837413854 249.755151831127 249.820108014883 249.613000069736 250.091463989389 249.583514514597 249.25294327466 249.643410864844 251.154806000634 254.486380548847 256.911869254621 256.75429063989 255.342044652497 254.40376492843 255.238253320233 256.404193315751 256.959216202512 256.454704451104 256.159487095508 256.449835916756 257.348912563349 257.385486579152 256.909651120273 256.918960945167 257.793444219068
215.962592681373 218.606451251789 226.502660825847 230.90728632111 231.828922397674 235.163362738205 242.310624727541 250.073514829114 253.772498156027 254.81302309487 255.244922907467 255.151251108609 255.030082866008 252.924983688011 250.440530975497 254.043148065542 253.878066769122 253.246190834471 253.29213967856 253.456362588863 253.254055534505 252.374690189222 252.088042135063 252.077368235132 252.159004523455 251.662955676211 250.899885589088 250.319514774356 249.958840880866 250.10965620919 249.768784911684 248.871018832184 249.474308790835 250.0302210553 251.406632725111 254.647771229128 256.453939043206 255.389672537896 254.652981168013 254.872651659714 255.684594531738 256.148608866875 255.77867498715 256.319981979474 256.962774071144 256.996708735334 256.819962312471 256.599740792067 255.937135258388 257.913677580184
221.886954860244 223.580108935485 227.665849342734 231.61683429783 233.355212403327 240.275376475242 247.786867279065 252.033619290701 254.382946509648 255.15219882926 255.27677089571 255.21716530038 255.011849845219 253.958476351801 -9999 -9999 -9999 -9999 253.736594927617 253.764834901876 253.283574686977 252.325910821564 251.574691163812 251.731100903184 251.594849782248 251.443180877877 251.458142809416 251.230376725525 250.692328589917 250.506790179125 249.47074153495 248.467408041334 248.968799661976 249.229945451432 249.580469100874 251.256899416592 254.199422883498 254.360496068069 250.462159847571 247.653493271282 248.331588293612 254.1570151133 254.955131120026 256.002308941559 257.030231337044 256.216409946169 256.243694235311 256.626581920192 256.88404293715 257.84845763649
225.022108260962 225.486030691797 225.518603547805 226.863554469606 232.23459545044 243.954120417927 251.023056141063 253.600147856495 255.159060173328 255.322079770763 255.315350911164 255.307203550885 255.049455515933 254.568757904772 254.024039073672 254.275574651939 254.615180070431 254.072348903085 253.537860946906 253.545568223864 253.0636718324 252.32489266508 251.429366615861 251.327408807876 250.98571298702 250.65078407494 250.626625154608 250.915170166942 251.172508671435 250.821314385492 248.870791610507 247.803173539251 248.332099069328 248.628720474086 249.0983263932 250.001172061714 250.981476742072 251.22278698035 246.958378877723 242.671070496159 244.766742917543 252.847588958403 255.107792482662 256.043524525517 256.083587144187 255.449516466326 256.678498877929 257.357977036071 258.013713339043 256.773184102371
224.160777693103 225.861161590265 222.63643595663 220.585956220259 230.637811137781 244.354164767024 250.916014134504 253.06893900453 254.824366723493 254.835698170511 255.26065335881 255.341488418532 255.113330713422 254.607807310581 253.76044450736 253.195412895971 253.486336595626 253.272547428625 252.735811217215 253.022977439773 252.850485666259 252.551489137867 251.508294910443 251.003690014486 251.008510013379 250.587212273287 250.057391414188 249.947525651112 250.723911871508 250.825306843896 248.884990157167 247.8367837304 248.290760716127 248.998187551414 249.290201872251 249.713454403374 249.833381394818 249.733811298477 247.666030642376 244.41661397943 247.194528853151 253.587320661247 256.0140378428 256.270256379606 255.647029590793 255.747055014488 257.415044844563 258.173840106757 257.925321512772 256.66341665661
220.663640992693 222.605620109356 217.479959713622 215.612971841209 226.693176952667 239.158558841979 245.979361430874 247.442965388667 249.227534562147 247.85927580344 254.784725967965 255.378617016274 255.004150541105 254.581024704884 253.86884956356 252.908880060935 253.099995855936 252.99851115869 252.440565557542 252.412953646834 252.865408451077 252.613829658455 251.576674380272 250.8507325352 250.863291253165 250.486350470175 249.853461454526 249.478894275482 250.381511179503 250.916729342272 249.180387487529 247.302741728698 245.982968814172 248.563580646832 249.527604760679 249.001793347905 249.141723237604 249.838399089465 248.860547077732 246.404038043477 247.388512689363 254.282499017072 255.849200178896 255.779768604449 256.153969231729 256.635573682437 257.624134188145 258.376681888527 257.841066075141 257.600386870718
218.805001888947 216.460362437442 210.353402277404 210.894710403516 220.172771348154 230.098810397027 234.88520422316 239.205835042235 244.642539008819 242.806233549868 253.750355527483 255.297690825754 254.964767479897 254.652742258269 254.317205378317 253.790915713227 -9999 253.375479833244 252.608043264161 252.304836801935 252.695301195658 252.624657826913 251.53224251394 250.581937335495 250.349187851731 250.089153909862 249.981324199199 249.904231674417 250.378171162823 250.651968587364 249.049711360773 247.39563652391 246.383819858038 248.25645095074 248.060248298162 248.043896117197 248.243835759596 249.273331233634 249.536335682857 248.139000189866 246.99718369177 249.364931653873 255.014275076842 255.028243504749 256.028848748686 257.178083238386 257.597478219427 257.744553974719 257.476662895604 257.687938253752
210.299939833212 206.530940706527 204.63423167827 204.566792854746 208.515066413523 210.070699373723 208.084695736592 219.682467736879 238.125537503763 245.631182206258 253.305159271402 255.090094550771 255.059988696248 254.747307130407 254.319852450269 254.323512351609 254.236500191093 254.030375659047 253.739776161282 252.561927992196 252.050765006021 251.748309586595 251.312736160041 250.622520986306 249.693489565379 249.419480594428 249.632740071791 249.727730536939 249.29355924407 249.372723916357 249.16670208713 247.544127157193 248.669976736414 247.963019321936 246.160905653584 247.185892611231 247.74592689563 248.828715458097 249.539274024917 249.045526636666 247.651342750187 241.900320134284 223.161317025526 234.607561770622 252.090219236674 256.517965165287 256.7757963613 255.92758186572 256.312759176933 256.053981530948
214.300206478399 212.878981035973 211.972663429476 208.597155372594 209.799151353158 211.426110456386 212.655501147134 215.723801401762 237.640322655625 249.06187094048 253.486644527971 254.961091109742 255.12575916587 254.873143937406 254.649632756286 254.516496416932 254.248708346807 -9999 253.713194686368 252.749459873407 252.354347477597 251.682638597425 251.023409256568 250.583745718325 249.724175272724 249.319676747215 248.995894529322 248.71379423976 247.926420204247 247.981219300687 249.340219551979 247.540281409155 248.037639948657 248.273005985424 247.009011182231 245.630259501819 246.33357764982 248.674897472401 249.151721266769 248.563885200544 247.522585497266 243.086571664144 218.054945878132 230.19383524984 250.71017812097 256.544858576206 254.502101933425 251.110398876039 256.222768448192 254.711172206709
221.581098474384 218.121858896257 213.727873290951 210.416837189233 211.176138786013 209.538579677815 212.203113580247 211.496448516592 235.655132527624 249.868459800044 253.364231726627 254.941525341246 255.215882564182 255.097665429665 254.809756370923 254.010948623741 253.848319545505 -9999 253.451889940042 252.244460496076 251.995362089875 251.484977543931 251.074519672844 250.296111276621 249.576505629856 248.880195437995 248.486194264547 247.811770413226 247.237345042563 247.547061920743 249.617509866528 247.885288951107 246.855259092264 247.37437399066 246.745531503695 246.013991705805 246.483910817888 248.705636956404 249.048176496879 248.104900831972 247.514619334993 244.977387208681 223.604109553175 229.079055985346 249.373204769801 254.273332441804 254.358055156748 251.168656318055 256.012743227898 254.989649945611
224.414429868121 220.056053339002 213.791578590945 211.290652022152 213.335413110799 204.527800262395 206.464368038373 203.891222152526 233.356255468212 246.934352772303 252.417031687374 254.603241026329 255.106058780335 254.988165407653 254.571530658363 253.965234241489 253.805120803526 253.794563335534 253.353061431337 251.878323100576 251.883031629088 251.616148278983 251.377845303757 250.215242750666 249.401491766487 248.472048329293 248.463056279475 247.888037863497 247.692530017559 247.933429647489 249.613833086599 248.442729665947 246.847727079011 246.853365385902 247.040421538874 247.986110423691 248.170851054489 248.718914194782 248.819354665269 248.151425820025 247.232868349249 244.35818280245 231.54287089322 231.530179042844 252.812114507565 262.158451082772 251.728545744533 252.206662322503 251.636239201534 246.870028408579
225.327245558069 219.599957169799 211.72947399046 215.180478552795 217.43699953889 205.530669365312 206.662164562363 206.542245466516 232.741131726396 244.369467043845 249.354083739052 253.742598474446 254.574996472827 254.893201150351 254.637880988837 254.465609201259 254.132457742052 253.777455901293 253.506665417333 252.170177398491 251.455531695462 249.54761917795 250.794581837825 250.85699321211 249.201216918942 248.131681451479 248.938433778365 248.393245656139 247.639035960797 247.96126894509 249.074171071502 249.074274954858 247.809612600196 246.960053957701 247.090846287611 248.056567221826 247.911243237522 248.163773566246 248.60005260926 248.248105390022 244.263690101851 235.694227872731 236.354463261739 240.677558330703 257.932574521265 275.719246513879 259.409200547952 245.335630614764 238.204513479499 235.130571960746
225.018033162171 216.024606880098 210.512349156593 221.039676728097 222.194705408301 209.649671206 208.437316512847 212.121987281428 229.387025603636 242.017626497136 245.21713668813 252.491051756737 254.177042263702 254.896200118123 254.7541509072 254.633785733918 254.329631935256 -9999 -9999 252.574424980201 251.223734390292 249.203613609389 250.481620534433 250.917522845847 249.844917143169 248.921741807434 248.88829622081 247.997905782028 247.548038226968 247.809917630169 248.493794859851 248.861939282863 247.434709719402 245.59444355707 247.303909184407 247.819726629374 247.318324555389 247.363105204928 248.242273935106 248.32654369728 242.103653522531 230.227531905811 240.980353775325 243.992567985889 256.14303160496 279.584673325816 268.058365183271 238.980464190355 233.269072937543 233.226349544892
223.143396782431 215.157417941716 215.037745219454 226.33915819082 225.615993855099 210.07944495275 207.91051270411 216.854478286045 224.715592365181 238.889011136301 242.752089715249 251.310192024118 253.897886329697 254.907891139029 254.762281470363 253.315745480866 250.79938059391 251.668826582402 253.408474391687 257.092767088748 265.427805949474 260.365735848161 250.805515017396 250.276964692655 -9999 249.749273279273 248.783283092841 247.738716689619 247.44437536674 247.544491839952 248.049746906847 248.642354051707 246.880015397959 243.512869094761 246.633644182534 247.60179335213 246.834582090495 246.596598200885 247.80393723452 248.530052856834 244.241758707499 236.921331867747 242.840573216352 238.310183258872 249.193017422057 273.605294059045 254.447166944632 236.130629444136 232.427090835455 230.726522596171
221.366332465429 215.482546635718 219.209593764206 231.385340769226 229.023130397577 211.008687732969 209.641847843133 220.292783797402 227.738314663399 235.955459451866 237.302490731127 248.585468389083 253.377268003418 254.450731369231 254.654597556906 252.567601891351 248.647254917813 249.90914398374 252.119848588969 -9999 264.588136760987 259.629557771139 250.304151720668 249.820986053494 249.844637383377 -9999 249.144426679813 247.88578508932 246.180564181513 246.90882728154 247.161800815472 248.177038653193 247.459734644064 244.389914679734 245.456724041745 246.978555909705 245.729592537861 244.957934824384 246.948023561118 248.061624862902 246.585506596269 244.400367764967 241.89930697636 234.880481385422 246.39878696106 267.906720723267 242.232562494031 237.900766685615 231.281832338248 228.518881837643
