rcp4.5models/CNRM_CM5/sc1gr7.36
NCOLS 261 
NROWS 433 
XLLCORNER 336357.134 
YLLCORNER 654653.479 
CELLSIZE 1000 
NODATA_value -3.4e+38 
[rows 286 to 307 of 433, columns 98 to 146 of 261]
86.5883026123047 87.0272827148438 87.3266525268555 87.6751861572266 87.7244873046875 87.7501220703125 87.7358093261719 87.7633438110352 87.9590301513672 87.7476119995117 87.1370544433594 85.9117431640625 83.8959350585938 82.7048187255859 85.0232925415039 84.846809387207 85.5053787231445 85.4745712280273 85.5663452148438 86.3288192749023 87.2793807983398 85.4150009155273 81.7666473388672 80.8397598266602 80.8743515014648 81.0626220703125 81.7050399780273 82.6948776245117 83.5917205810547 83.6469116210938 84.4928741455078 85.3799057006836 83.9452209472656 83.7166061401367 83.7654647827148 84.5131149291992 85.450569152832 -3.4e+38 -3.4e+38 84.3100204467773 84.2750473022461 -3.4e+38 -3.4e+38 83.4820251464844 85.2252349853516 89.8153686523438 94.1181640625 94.8083724975586 94.0379028320312
86.336669921875 86.5970458984375 86.8467254638672 87.5046997070312 87.5778656005859 87.6005249023438 87.6906051635742 87.7396011352539 87.7432403564453 87.7771759033203 87.8362045288086 87.1374588012695 84.8168792724609 83.2954025268555 84.3919906616211 83.9435195922852 84.7120742797852 84.7930755615234 84.7925491333008 85.1266937255859 86.3043365478516 84.7148361206055 81.3788986206055 80.8840484619141 80.7826080322266 80.9286880493164 81.9424438476562 82.2496871948242 82.5539016723633 82.5945129394531 83.2199554443359 83.7161407470703 83.5230178833008 84.1020736694336 84.7027359008789 84.7574615478516 84.760009765625 84.7087783813477 84.2600555419922 -3.4e+38 84.2989807128906 83.9882354736328 83.5695877075195 83.6193771362305 85.9647903442383 89.719970703125 91.3517456054688 92.5496292114258 94.2612075805664
86.163444519043 86.2964096069336 86.531005859375 87.3108444213867 87.4218978881836 87.485725402832 87.5645370483398 87.5894775390625 87.5608825683594 87.6065063476562 87.7188568115234 87.7001495361328 86.8109970092773 85.2035598754883 84.4574584960938 83.4611892700195 83.0790710449219 84.3274383544922 84.5385131835938 84.6693572998047 85.757926940918 85.5953903198242 83.3762588500977 81.0175857543945 80.9399108886719 80.5698699951172 82.3611145019531 83.0162353515625 83.2790222167969 83.2212829589844 82.9322814941406 83.0247573852539 83.4689025878906 84.1040496826172 84.7701034545898 84.4357757568359 84.2283248901367 83.7823486328125 83.6838226318359 83.6405181884766 84.9302368164062 86.0894088745117 84.1136932373047 83.9788284301758 85.2870330810547 87.9342803955078 85.8786010742188 89.381950378418 91.1630172729492
86.2758407592773 86.4238967895508 86.630973815918 87.1293487548828 87.2598571777344 87.3583297729492 87.3763122558594 87.4092483520508 87.4515075683594 87.1940765380859 86.9551696777344 87.1780548095703 86.4787979125977 85.4075469970703 84.838737487793 83.3003311157227 83.4755249023438 84.9305114746094 85.0868072509766 85.0735473632812 85.5133895874023 86.2307205200195 85.0460357666016 81.6529541015625 81.4803848266602 81.1677856445312 82.5477142333984 83.1388854980469 83.6873779296875 84.0520172119141 83.9611892700195 83.4429321289062 83.8121871948242 83.8151016235352 83.7298431396484 83.7527313232422 83.6969833374023 83.6508865356445 83.646484375 83.5173263549805 84.9598846435547 86.4683837890625 -3.4e+38 84.6873016357422 85.2599105834961 85.1930160522461 83.0492248535156 86.6746673583984 90.7956848144531
85.7899551391602 86.2139587402344 86.5034103393555 86.6837310791016 86.8585357666016 86.9780044555664 87.0348739624023 87.0706253051758 87.0710296630859 87.0637512207031 86.5559463500977 86.226692199707 85.9518280029297 83.9047012329102 84.1903686523438 83.5395202636719 83.8362503051758 84.6948318481445 85.4178771972656 85.5675964355469 85.5309982299805 86.0070343017578 85.4457626342773 83.3136825561523 82.0370178222656 81.9239501953125 83.6794815063477 84.5084762573242 84.5892715454102 85.2118759155273 85.0625305175781 84.0391235351562 85.0136337280273 86.4580917358398 86.3036270141602 85.8351516723633 84.1705551147461 85.0998382568359 86.4814224243164 86.1229782104492 84.9431915283203 86.7700271606445 87.8934478759766 88.0783920288086 -3.4e+38 84.9861831665039 87.0218200683594 87.7793655395508 86.1900024414062
83.2103500366211 85.5226516723633 86.0776748657227 86.3633575439453 86.7056274414062 86.7919006347656 86.8319396972656 86.8681030273438 86.9074096679688 86.9757232666016 86.9469680786133 86.1323318481445 84.964973449707 84.3664474487305 83.1985473632812 83.1579208374023 83.5543365478516 83.9106292724609 84.7302627563477 85.3766632080078 85.3270950317383 85.5908813476562 85.0442733764648 83.0903396606445 82.3190841674805 81.8167724609375 84.5353622436523 84.6490783691406 84.3347778320312 85.2350616455078 85.6583099365234 84.8199462890625 84.333854675293 85.6119842529297 87.3284301757812 88.4589233398438 86.7267913818359 85.0987167358398 86.3457870483398 86.4787673950195 85.9520416259766 87.5744247436523 87.7904891967773 87.1277923583984 89.4579162597656 90.5254669189453 93.9411849975586 94.6314163208008 89.5566787719727
81.4804458618164 83.4614562988281 85.2069854736328 85.5763397216797 86.3872909545898 86.5503997802734 86.6175537109375 86.7151260375977 86.7633743286133 86.8038711547852 86.7948989868164 85.8190078735352 84.8199615478516 85.2185440063477 81.8968200683594 82.1419906616211 83.4200286865234 83.6922302246094 84.4607925415039 84.6413803100586 84.8489761352539 85.2780609130859 84.9682312011719 83.0081176757812 81.9784088134766 81.9516983032227 83.4788208007812 84.1663055419922 84.9891662597656 86.1653671264648 86.8025360107422 86.3645172119141 84.8672256469727 85.1878128051758 87.330924987793 89.2477569580078 -3.4e+38 85.4531402587891 85.038444519043 85.8465423583984 88.2487945556641 90.0021438598633 90.771858215332 88.7366256713867 86.5039367675781 90.7081680297852 -3.4e+38 -3.4e+38 -3.4e+38
83.597770690918 83.7910842895508 85.1575393676758 85.6632614135742 86.2208786010742 86.3641738891602 86.4214935302734 86.5217437744141 86.5681228637695 86.5911178588867 86.623046875 86.3197555541992 86.0568161010742 86.1550140380859 81.2890090942383 81.2856597900391 82.6358413696289 82.9151229858398 84.5312423706055 85.003059387207 85.1178436279297 85.0944671630859 84.0247268676758 82.1997299194336 81.6479721069336 81.8658065795898 82.3363418579102 84.0164794921875 86.0196838378906 85.9937286376953 86.1050567626953 87.1750640869141 86.3854598999023 86.8266906738281 88.6389770507812 89.9616470336914 90.662841796875 85.619010925293 85.2555541992188 86.4160919189453 89.8435363769531 93.1758270263672 94.4454040527344 93.2589263916016 90.0322265625 90.7023468017578 93.9113159179688 92.2817077636719 -3.4e+38
85.3048324584961 85.3957061767578 85.6481094360352 86.0418853759766 86.1442108154297 86.2227020263672 86.2738418579102 86.3161544799805 86.3565292358398 86.4019088745117 86.4191284179688 86.4373931884766 86.4609451293945 86.469352722168 82.5021667480469 81.7081451416016 83.5681838989258 83.467643737793 85.0323257446289 85.3867568969727 84.7099685668945 83.8488693237305 82.6186370849609 81.6390914916992 81.7644424438477 82.0303115844727 82.2888946533203 84.2823028564453 86.9269104003906 86.0739135742188 84.869270324707 86.1365661621094 87.737174987793 88.8582916259766 89.8204116821289 90.1798858642578 89.5065994262695 85.8292999267578 87.0836181640625 87.6098861694336 89.6638870239258 94.2450561523438 96.1238708496094 96.6212997436523 96.9316329956055 96.5264434814453 94.0876617431641 88.4328765869141 92.2763366699219
85.3620376586914 85.5377349853516 85.5432357788086 85.8910903930664 85.991584777832 86.0523910522461 86.1114730834961 86.1883239746094 86.2280044555664 86.2701416015625 86.2759170532227 86.2993927001953 86.301383972168 86.3340148925781 83.7554473876953 82.1410522460938 85.0518417358398 85.0225677490234 85.439582824707 84.8793258666992 83.3973236083984 82.104133605957 81.6250839233398 81.6040649414062 82.5207824707031 83.3980026245117 82.510124206543 83.7824859619141 86.6790924072266 86.7440414428711 84.3222198486328 84.1673965454102 87.1504821777344 89.7041397094727 89.6110305786133 88.5266494750977 87.0268630981445 88.2783279418945 91.3237380981445 91.6311569213867 92.0958862304688 94.9171905517578 96.7829055786133 97.9212036132812 99.0497970581055 99.107063293457 95.2627105712891 89.6783905029297 92.1982116699219
85.2727279663086 85.2782135009766 83.8659896850586 84.2071762084961 85.4534454345703 85.9012145996094 85.8971252441406 85.9785308837891 86.0606918334961 86.1557922363281 86.2368545532227 86.0235366821289 85.8513870239258 85.8435592651367 81.9266738891602 81.9080276489258 84.9159469604492 85.4272766113281 85.21142578125 84.255241394043 82.3984756469727 81.8831329345703 82.5312118530273 82.4858551025391 83.5529403686523 84.6882019042969 84.7681884765625 84.4129257202148 85.4366836547852 86.7330856323242 84.5388259887695 83.2104415893555 85.4349136352539 89.4722366333008 89.8870468139648 87.9843444824219 86.7232818603516 90.4325637817383 94.1357269287109 94.7896499633789 94.9972381591797 96.0749435424805 97.1462554931641 98.0429077148438 99.3359756469727 99.1230239868164 94.7704620361328 89.4257965087891 90.5764694213867
85.2171859741211 85.0681533813477 82.3786773681641 82.334846496582 84.6179122924805 85.7473220825195 85.6890258789062 85.7679977416992 85.8377914428711 85.9123764038086 86.0683135986328 85.0026779174805 83.9451675415039 84.5089416503906 81.064811706543 82.3129043579102 84.4149017333984 85.1150741577148 84.9552536010742 83.7286682128906 81.8166656494141 81.9742813110352 82.8718948364258 82.2370300292969 82.9799652099609 84.5892105102539 86.0258636474609 85.8748321533203 85.9561004638672 87.2159957885742 85.2839279174805 82.4304351806641 82.5200500488281 86.6908416748047 90.4063415527344 90.0846481323242 88.3802719116211 90.7248764038086 92.4327239990234 95.0782928466797 95.5789947509766 96.5183868408203 97.5761413574219 98.0365676879883 99.3779220581055 99.2357788085938 94.1018447875977 88.8142623901367 88.6939468383789
85.2013854980469 85.1032409667969 82.7158126831055 82.2041931152344 85.1223449707031 85.6842575073242 85.5389251708984 85.5839385986328 85.7042388916016 85.5702133178711 85.6033935546875 83.9099197387695 81.4468383789062 82.3574066162109 80.7203521728516 81.3509979248047 83.0889358520508 84.8130569458008 84.6784133911133 83.6706848144531 81.9971923828125 81.7837142944336 81.8544464111328 82.0889511108398 83.5722808837891 85.1727600097656 86.8453216552734 86.8255462646484 86.5998306274414 87.1104736328125 84.9442520141602 81.0174179077148 79.2588119506836 83.387565612793 89.8043746948242 91.9328536987305 91.3502578735352 92.5284881591797 92.6665496826172 95.7209396362305 96.3404922485352 97.0346374511719 97.9120941162109 97.8511962890625 98.5137634277344 97.5344390869141 91.6728363037109 88.5300827026367 90.5500335693359
85.0645065307617 84.9949722290039 82.9116439819336 81.7192687988281 83.1041259765625 83.4585800170898 85.3678131103516 85.6968231201172 84.3591613769531 82.1169357299805 82.5262069702148 82.1849365234375 80.6863632202148 81.1115036010742 80.0762023925781 80.364875793457 82.4961395263672 84.571044921875 84.2528533935547 83.8064956665039 82.2612915039062 81.6926574707031 82.4289016723633 83.639892578125 84.4006958007812 85.108024597168 87.2026901245117 87.4270629882812 86.2847213745117 85.3838806152344 83.45556640625 80.3362884521484 78.4780120849609 82.2177658081055 88.0153503417969 89.9441299438477 91.1721420288086 94.1557846069336 95.0278167724609 95.8934707641602 96.3223037719727 97.7166061401367 97.8178329467773 96.1794815063477 94.006591796875 92.0081558227539 88.534049987793 89.9618911743164 93.041633605957
84.2827072143555 82.5666885375977 81.0344467163086 80.4388885498047 79.9287643432617 80.3205947875977 82.1575469970703 83.9846496582031 84.7931213378906 81.4740524291992 79.8410720825195 81.337776184082 81.5756301879883 80.4667053222656 80.1396102905273 80.8515396118164 83.1226196289062 84.1103744506836 83.3266296386719 83.2863540649414 82.7198715209961 82.4753646850586 84.076057434082 84.6126556396484 83.9390258789062 83.9471130371094 85.9807281494141 87.3788452148438 86.7095489501953 83.9633636474609 80.7253646850586 79.1302337646484 79.1935195922852 82.1341247558594 85.4901428222656 84.2949371337891 86.5687713623047 93.2614898681641 94.7339096069336 95.0169372558594 95.6344604492188 97.4812240600586 97.8483657836914 94.1785430908203 89.5334091186523 89.8874359130859 93.0031509399414 96.7979736328125 99.2179489135742
81.0335311889648 79.4924774169922 79.8320159912109 81.2470932006836 81.5420303344727 80.4786376953125 79.683349609375 79.3371887207031 80.619270324707 81.9918441772461 80.8807525634766 79.8858184814453 79.8435516357422 79.8179168701172 80.5446319580078 81.0116958618164 83.0691909790039 83.5793609619141 82.2835998535156 81.4123382568359 81.3259429931641 81.446891784668 83.1973495483398 85.2243270874023 86.2396469116211 87.1448822021484 82.8915481567383 81.3602066040039 82.3350982666016 82.9306259155273 81.9120101928711 79.9525909423828 78.8920822143555 79.7299346923828 80.5522232055664 81.2825622558594 80.5866546630859 87.4507293701172 91.8223114013672 93.4649124145508 93.9562759399414 95.3577499389648 97.9570617675781 96.0965423583984 93.8769378662109 99.9309844970703 103.125595092773 104.096046447754 106.498306274414
83.7059478759766 81.7057647705078 80.5622024536133 80.6535110473633 81.6862716674805 81.0153198242188 79.7591171264648 79.6761627197266 79.8580169677734 80.5396499633789 80.5165710449219 80.1538772583008 79.9800109863281 79.953857421875 80.838134765625 81.6544876098633 83.99072265625 83.4480438232422 82.0080871582031 81.5649185180664 82.8569107055664 83.1459121704102 83.9870758056641 83.882942199707 83.1318511962891 84.7355880737305 84.3342590332031 83.0675659179688 81.5796203613281 80.0651702880859 79.2722396850586 78.1429901123047 79.1074905395508 81.2675476074219 82.5488739013672 82.8478698730469 81.5251693725586 82.4422454833984 86.0059814453125 87.3855133056641 87.8736801147461 91.2719802856445 98.2080841064453 98.3841781616211 97.6443710327148 102.405242919922 103.654647827148 104.495971679688 106.60107421875
83.7337341308594 81.415153503418 80.1455993652344 81.3751831054688 81.9658432006836 81.4365005493164 80.2024002075195 79.5866470336914 79.3433227539062 79.2160568237305 79.4666213989258 79.7285232543945 79.5980834960938 79.7654495239258 80.6264038085938 81.301155090332 83.0025253295898 82.5143508911133 81.8157119750977 81.9764404296875 83.7202301025391 83.3168334960938 83.0101547241211 81.8028564453125 79.6087875366211 81.1418914794922 86.2358932495117 85.1617965698242 83.0934829711914 80.0425033569336 78.3315277099609 78.4413757324219 79.7439956665039 81.463264465332 82.9357147216797 83.6183471679688 82.4940719604492 80.8913726806641 81.6804656982422 82.429573059082 84.6901550292969 91.8928833007812 98.3073577880859 98.8587112426758 100.619606018066 102.798309326172 102.920028686523 103.10880279541 106.814811706543
83.0784378051758 82.7300796508789 81.9141006469727 82.6067886352539 81.0515289306641 80.7555236816406 80.287956237793 80.1437072753906 80.6142807006836 81.1272583007812 80.9622421264648 80.4353408813477 79.6808776855469 79.6095275878906 81.6186218261719 82.8738479614258 83.0698852539062 82.3972473144531 81.7005157470703 81.8913803100586 83.0737686157227 81.8892364501953 81.2502517700195 80.2795639038086 78.8723297119141 80.1585540771484 87.0132904052734 87.2314147949219 85.5300216674805 83.3699035644531 80.2834854125977 78.820198059082 79.8054962158203 80.9993743896484 82.0797882080078 83.494270324707 83.5878753662109 82.6337356567383 83.0391082763672 83.7471008300781 88.2231292724609 96.693473815918 99.3238372802734 99.8873596191406 101.789245605469 102.120796203613 100.192909240723 96.8021850585938 103.623390197754
84.7873153686523 85.3099212646484 84.7211380004883 82.9220199584961 80.5666427612305 80.7244644165039 81.2718276977539 82.1092910766602 82.1490478515625 82.4464721679688 82.3424758911133 81.9267883300781 80.764289855957 79.8366851806641 83.083366394043 84.0884552001953 83.010368347168 81.7793350219727 81.4206314086914 81.6980514526367 82.204719543457 82.6610794067383 83.1551971435547 83.4176254272461 82.091682434082 82.835090637207 85.037483215332 86.2413787841797 87.6829299926758 87.4601745605469 85.1446762084961 81.5500183105469 79.9722061157227 80.4587097167969 81.3142852783203 82.8381423950195 84.2308349609375 83.660530090332 83.3800888061523 86.093620300293 92.4987945556641 98.8288421630859 100.325660705566 100.969932556152 101.793113708496 101.036582946777 96.9516677856445 91.6885757446289 97.0817565917969
84.2325973510742 82.8140335083008 83.5355606079102 82.6897659301758 80.8518218994141 81.2827453613281 82.6433792114258 83.2931365966797 83.0622863769531 82.5629425048828 82.4429016113281 82.0335922241211 80.4808807373047 79.8598480224609 83.640495300293 83.8135986328125 82.3568954467773 80.6640090942383 80.77099609375 81.2365646362305 81.5613555908203 82.3280944824219 83.0798645019531 83.723030090332 82.7835922241211 83.2872924804688 82.9764404296875 -3.4e+38 85.8823089599609 87.0635681152344 88.1181564331055 87.1113510131836 82.947135925293 80.2531051635742 80.3266296386719 82.1825790405273 84.0785140991211 83.7368011474609 84.1096343994141 90.5074310302734 95.8892288208008 98.8163375854492 98.885139465332 99.6384201049805 99.9105606079102 96.8907775878906 92.3620681762695 90.6377105712891 93.3601837158203
82.2263259887695 81.3430023193359 81.2898483276367 81.615348815918 80.7984771728516 80.8651733398438 81.9823913574219 82.8139266967773 83.4533538818359 82.1375350952148 80.9668121337891 80.5310745239258 80.0596542358398 81.4717330932617 84.0726623535156 83.5104675292969 82.1780471801758 80.6850433349609 80.528190612793 81.1121978759766 81.4400787353516 -3.4e+38 -3.4e+38 -3.4e+38 -3.4e+38 -3.4e+38 -3.4e+38 83.5561599731445 -3.4e+38 -3.4e+38 87.4229278564453 89.3335800170898 86.9968872070312 81.8690872192383 80.0431900024414 81.8754653930664 83.8440246582031 83.2890548706055 85.8220596313477 93.8530883789062 96.6755218505859 97.1127319335938 93.9878616333008 92.2789611816406 92.8691253662109 90.5847702026367 88.9955902099609 89.9430999755859 92.838005065918
