rcp4.5models/CNRM_CM5/sc1gr10.25
NCOLS 261 
NROWS 433 
XLLCORNER 336357.134 
YLLCORNER 654653.479 
CELLSIZE 1000 
NODATA_value -3.4e+38 
[rows 242 to 263 of 433, columns 196 to 244 of 261]
718.221557617188 718.225952148438 717.220764160156 716.678894042969 717.407836914062 717.452270507812 718.27001953125 781.414916992188 877.422790527344 793.045715332031 728.13818359375 752.850280761719 805.8896484375 814.631103515625 856.076110839844 908.335327148438 907.316467285156 907.233459472656 909.420532226562 -3.4e+38 -3.4e+38 892.280517578125 870.768981933594 890.432739257812 855.077941894531 917.255798339844 920.584106445312 922.798095703125 921.152526855469 920.50146484375 917.551696777344 917.051147460938 917.735290527344 920.181091308594 924.368103027344 923.712524414062 921.666320800781 922.064086914062 921.950134277344 920.293701171875 920.555419921875 920.072021484375 919.65234375 920.09130859375 -3.4e+38 -3.4e+38 -3.4e+38 -3.4e+38 927.6162109375
710.427062988281 710.680786132812 711.534851074219 712.322326660156 713.211242675781 714.350952148438 715.685241699219 789.559326171875 752.624755859375 849.106872558594 878.604064941406 790.760192871094 755.158935546875 826.17138671875 827.773315429688 855.056396484375 909.752990722656 910.998962402344 914.456970214844 -3.4e+38 -3.4e+38 917.381896972656 921.273071289062 899.527038574219 849.123413085938 873.408081054688 924.744079589844 926.639221191406 924.185485839844 921.744995117188 922.0615234375 922.390014648438 923.454528808594 925.794860839844 926.340698242188 925.83056640625 924.267639160156 924.374145507812 924.301147460938 923.722595214844 923.083801269531 924.714782714844 925.490356445312 925.518310546875 -3.4e+38 -3.4e+38 928.255920410156 -3.4e+38 -3.4e+38
705.252990722656 706.466674804688 707.917724609375 708.34716796875 710.27734375 711.563110351562 712.909729003906 772.288879394531 775.210632324219 905.162292480469 871.298217773438 773.223083496094 744.974792480469 803.517944335938 804.724670410156 838.92578125 910.91259765625 911.819274902344 918.169494628906 917.84765625 -3.4e+38 -3.4e+38 920.334045410156 924.848083496094 926.746643066406 926.193115234375 925.292602539062 925.837768554688 925.148132324219 922.591918945312 923.438354492188 924.967102050781 928.03564453125 928.459045410156 927.436889648438 927.521240234375 926.716491699219 925.801635742188 926.152893066406 926.575378417969 925.991760253906 928.345886230469 928.524475097656 927.450866699219 -3.4e+38 929.0302734375 929.908203125 930.706604003906 -3.4e+38
700.779357910156 701.44482421875 702.329040527344 703.524108886719 703.9853515625 705.312805175781 708.034973144531 707.931945800781 737.287170410156 797.018737792969 770.580261230469 712.865478515625 714.646118164062 716.06982421875 717.857482910156 746.399475097656 839.473693847656 914.514709472656 921.617004394531 920.861633300781 917.784606933594 918.810302734375 920.9638671875 925.425109863281 928.617309570312 927.420349121094 -3.4e+38 -3.4e+38 925.702209472656 923.894897460938 927.0927734375 928.347900390625 930.469360351562 928.841125488281 928.477600097656 929.116149902344 928.60546875 926.8623046875 927.498291015625 928.289123535156 928.639831542969 931.277160644531 931.181213378906 930.002990722656 -3.4e+38 930.131225585938 931.366394042969 932.222778320312 933.622253417969
696.900268554688 696.541748046875 696.808837890625 698.343383789062 698.726989746094 699.733764648438 702.318969726562 703.732788085938 740.498962402344 816.650756835938 783.265258789062 709.853881835938 711.379211425781 712.923767089844 749.846435546875 792.340576171875 781.286560058594 919.395751953125 848.954345703125 923.441650390625 921.455017089844 921.331909179688 922.796264648438 925.409362792969 928.1552734375 928.2392578125 -3.4e+38 -3.4e+38 927.416931152344 927.736389160156 932.097839355469 930.997253417969 931.198486328125 929.9833984375 929.301879882812 929.919372558594 930.19677734375 929.811767578125 930.756103515625 931.307250976562 930.353088378906 932.005737304688 932.096740722656 931.790466308594 930.258911132812 931.3271484375 932.552795410156 934.057739257812 936.579833984375
691.052551269531 690.951110839844 692.398193359375 693.223754882812 694.459838867188 695.643615722656 697.145263671875 700.504760742188 730.698181152344 793.97021484375 766.41748046875 706.34619140625 708.654724121094 746.717102050781 -3.4e+38 811.178649902344 856.400634765625 920.568603515625 867.921691894531 926.660583496094 924.804931640625 923.908325195312 890.320068359375 851.759704589844 929.808044433594 930.136779785156 -3.4e+38 -3.4e+38 931.345581054688 933.913208007812 934.945922851562 932.416259765625 933.374328613281 934.31884765625 931.559753417969 931.34033203125 931.880493164062 932.358520507812 933.75537109375 934.272155761719 933.495727539062 932.929077148438 933.263732910156 933.389282226562 933.478088378906 934.405395507812 935.052795410156 936.556701660156 938.454956054688
685.736328125 686.485412597656 687.858520507812 689.222961425781 690.346252441406 691.869140625 693.455810546875 697.298645019531 698.342529296875 699.610107421875 701.722961425781 741.198852539062 823.568481445312 853.701721191406 852.05859375 741.379211425781 804.10986328125 841.653442382812 928.904174804688 926.714233398438 925.461608886719 925.379211425781 900.178344726562 871.772399902344 896.604309082031 853.566101074219 894.986267089844 -3.4e+38 932.9072265625 937.571594238281 936.294311523438 935.964294433594 936.689758300781 936.108215332031 934.546081542969 934.677856445312 934.575622558594 934.442321777344 936.387939453125 935.544677734375 935.973266601562 935.421630859375 934.73583984375 935.285888671875 935.921691894531 936.942993164062 937.783081054688 938.851928710938 939.744506835938
682.906005859375 683.851989746094 685.70068359375 687.165588378906 687.959045410156 688.130249023438 690.197875976562 694.140441894531 695.115478515625 696.563598632812 699.545471191406 771.728759765625 882.82470703125 799.754150390625 809.684204101562 792.125183105469 747.856872558594 860.309143066406 890.325073242188 846.403015136719 928.032287597656 928.4541015625 929.583374023438 930.252075195312 868.197631835938 793.539855957031 906.236694335938 875.165344238281 934.763122558594 939.682250976562 938.280151367188 -3.4e+38 940.687744140625 938.408813476562 938.586730957031 938.924377441406 937.206420898438 937.741760253906 938.802307128906 936.719055175781 937.219604492188 937.295532226562 935.944580078125 936.774169921875 937.447998046875 938.226745605469 939.263732910156 940.405395507812 941.436706542969
682.600952148438 682.700988769531 683.574951171875 684.396606445312 684.679992675781 685.410888671875 687.910400390625 690.399291992188 729.757141113281 776.673522949219 736.951965332031 854.942504882812 889.919982910156 785.23681640625 773.769653320312 894.706481933594 858.357849121094 888.677490234375 899.551086425781 866.439270019531 932.411254882812 933.516845703125 932.108703613281 930.962341308594 868.311889648438 793.422607421875 934.844482421875 900.277770996094 858.78271484375 939.8935546875 941.816772460938 942.318054199219 941.758972167969 941.045959472656 941.987243652344 941.940856933594 940.267944335938 940.278869628906 940.132446289062 937.771545410156 938.21826171875 938.813720703125 938.469848632812 939.542236328125 940.65576171875 941.602233886719 942.649719238281 943.052185058594 942.855224609375
681.79345703125 681.718322753906 681.30908203125 682.169982910156 680.720642089844 683.040344238281 685.353515625 686.888671875 720.689392089844 761.113037109375 767.39208984375 923.312927246094 920.92529296875 892.139953613281 857.945556640625 927.958679199219 927.802062988281 898.126342773438 -3.4e+38 934.030883789062 899.073608398438 853.375061035156 935.38671875 932.760131835938 904.426208496094 874.03076171875 938.270629882812 912.691223144531 879.757080078125 939.746826171875 946.819946289062 945.684020996094 943.050842285156 946.109497070312 945.518493652344 944.813842773438 942.601745605469 940.69091796875 941.155517578125 939.903076171875 938.668334960938 940.308532714844 941.143859863281 942.363647460938 943.605224609375 944.786071777344 945.588623046875 945.167236328125 944.019470214844
680.332763671875 680.927612304688 679.333801269531 679.152282714844 678.6103515625 681.528381347656 681.660583496094 683.948120117188 687.654663085938 730.403625488281 811.756591796875 797.997619628906 798.12744140625 840.684448242188 929.331115722656 931.804626464844 893.751770019531 844.330444335938 933.315063476562 936.898803710938 909.087707519531 871.131958007812 935.423889160156 933.756103515625 933.356750488281 936.927856445312 941.576232910156 943.885070800781 942.510925292969 942.388061523438 948.61865234375 946.27734375 945.255920410156 948.323120117188 947.789916992188 946.615783691406 944.221130371094 942.546264648438 941.784973144531 941.720397949219 941.222595214844 941.959289550781 944.718933105469 945.890625 947.206420898438 947.928771972656 946.423217773438 946.638122558594 946.206298828125
675.704833984375 676.782470703125 675.243774414062 673.646362304688 675.777038574219 679.676940917969 679.876403808594 680.723388671875 684.232238769531 760.476257324219 850.275756835938 733.771362304688 783.199829101562 771.464172363281 892.771545410156 846.090209960938 902.983093261719 862.584045410156 934.089416503906 897.66259765625 812.49853515625 851.049072265625 937.503723144531 936.549560546875 934.818725585938 936.540588378906 940.291748046875 944.664245605469 949.502319335938 953.562377929688 949.641906738281 948.2958984375 949.350219726562 949.252380371094 947.354125976562 945.938232421875 945.42724609375 944.45556640625 942.5771484375 943.109069824219 943.666625976562 944.507385253906 947.497619628906 948.836486816406 948.969299316406 948.146484375 947.443603515625 948.86962890625 948.49560546875
667.695556640625 670.678466796875 670.662780761719 669.950378417969 673.295166015625 676.626159667969 677.551940917969 677.5927734375 680.574157714844 718.558288574219 801.755065917969 814.211364746094 765.69384765625 729.136291503906 812.218200683594 863.516296386719 934.206726074219 933.620971679688 845.795837402344 865.530395507812 750.097717285156 871.543762207031 940.361450195312 938.426635742188 935.918090820312 938.020324707031 939.329895019531 945.242736816406 951.556701660156 953.461120605469 950.420166015625 951.491149902344 951.416076660156 949.211853027344 947.047424316406 945.609191894531 946.101135253906 945.659606933594 944.625427246094 944.919799804688 946.1298828125 947.725036621094 950.15673828125 950.120361328125 949.86767578125 949.448791503906 949.933471679688 949.945678710938 950.291259765625
657.509521484375 659.984680175781 664.245239257812 667.915222167969 669.038330078125 669.403503417969 670.036926269531 671.772216796875 673.414489746094 676.05126953125 720.577087402344 815.380249023438 810.036560058594 805.153564453125 786.385620117188 771.982666015625 941.384094238281 942.444030761719 897.134948730469 846.738098144531 937.80908203125 936.262390136719 935.860046386719 937.818054199219 943.174865722656 944.682983398438 943.141479492188 945.602355957031 949.661010742188 949.977355957031 946.85400390625 950.296875 952.547973632812 950.391357421875 948.809387207031 949.564086914062 952.942016601562 951.744201660156 950.815734863281 948.240661621094 946.669921875 947.706970214844 948.809814453125 950.481750488281 952.444702148438 953.183044433594 953.188842773438 953.30859375 952.21630859375
654.686401367188 657.359069824219 662.824584960938 666.215942382812 666.145812988281 666.613098144531 667.313537597656 669.859680175781 670.933532714844 672.191711425781 751.15966796875 883.297302246094 800.308532714844 814.803527832031 812.323059082031 864.815246582031 940.241516113281 941.118103027344 903.272827148438 860.791320800781 934.782348632812 935.022827148438 934.876953125 944.308959960938 954.378723144531 950.113464355469 945.132385253906 947.971923828125 950.592224121094 951.555419921875 946.76220703125 949.017578125 953.087097167969 952.783508300781 952.303039550781 953.706665039062 955.079040527344 955.309753417969 952.882202148438 949.699951171875 949.034973144531 949.885864257812 949.528747558594 949.792663574219 950.938110351562 953.260803222656 953.736450195312 952.956359863281 952.973754882812
652.476196289062 655.006408691406 659.14306640625 663.700622558594 663.646362304688 663.436706542969 663.566955566406 667.522705078125 668.830444335938 668.949279785156 706.13671875 754.600341796875 758.100341796875 899.37255859375 820.623291015625 842.304138183594 935.263488769531 936.801147460938 935.120056152344 933.097778320312 935.125610351562 936.421142578125 940.1533203125 956.177917480469 921.473999023438 857.413635253906 947.123046875 947.740844726562 950.656616210938 913.324523925781 947.157348632812 947.87353515625 951.78955078125 954.26904296875 956.077331542969 962.292419433594 966.078063964844 957.682983398438 955.945739746094 952.207946777344 950.616638183594 950.396545410156 950.212097167969 949.872375488281 949.758239746094 952.523620605469 954.571899414062 952.618103027344 953.96630859375
649.643615722656 652.720153808594 655.173461914062 659.436279296875 659.998718261719 659.701049804688 660.333129882812 800.051330566406 760.707580566406 666.05517578125 668.802062988281 675.372741699219 757.066467285156 890.243103027344 808.446960449219 860.895324707031 938.057189941406 934.921142578125 935.014831542969 936.531677246094 937.324096679688 894.95361328125 -3.4e+38 961.048095703125 924.413330078125 875.607543945312 946.870544433594 945.888244628906 949.060974121094 922.259338378906 947.494079589844 947.414916992188 950.675354003906 956.140258789062 963.625915527344 973.148132324219 978.597351074219 964.244812011719 955.981811523438 953.520935058594 951.097900390625 950.18994140625 951.135986328125 951.680725097656 951.190979003906 951.446594238281 953.538452148438 953.585815429688 954.960327148438
647.674499511719 650.874145507812 652.955749511719 655.575744628906 655.634643554688 655.570861816406 656.725341796875 870.345764160156 742.242309570312 663.468444824219 665.330932617188 672.627136230469 758.341125488281 855.4931640625 718.096801757812 841.790466308594 939.944396972656 935.369689941406 942.397399902344 939.480712890625 937.4228515625 903.395629882812 868.948608398438 910.912231445312 852.942565917969 906.342224121094 850.481750488281 946.192138671875 947.860534667969 951.563842773438 947.502624511719 947.551696777344 952.066650390625 962.0908203125 969.85009765625 981.416076660156 981.010375976562 961.911743164062 954.454650878906 954.428039550781 953.635192871094 953.021667480469 953.321228027344 953.904541015625 955.076477050781 953.596435546875 954.2646484375 954.555114746094 956.037902832031
646.474182128906 648.572937011719 649.63671875 650.555114746094 651.328735351562 694.571960449219 749.241760253906 736.942504882812 701.017944335938 757.210021972656 662.04296875 710.506958007812 853.95703125 855.355834960938 677.161254882812 758.46875 940.929443359375 940.231689453125 946.468627929688 937.745239257812 935.93310546875 936.641296386719 942.561340332031 913.048828125 871.665588378906 916.365661621094 871.7421875 945.536376953125 945.606567382812 949.648254394531 947.950500488281 948.659240722656 950.883911132812 958.025329589844 966.940307617188 978.850280761719 968.372436523438 955.188720703125 952.4794921875 953.044189453125 953.961975097656 954.774230957031 953.660217285156 954.283203125 956.057800292969 956.07080078125 956.890502929688 956.762878417969 957.090759277344
643.8046875 646.235412597656 645.573425292969 646.485778808594 648.966491699219 686.464050292969 732.900573730469 749.29833984375 733.763061523438 835.916687011719 659.946716308594 741.767211914062 888.334594726562 799.594116210938 815.750671386719 856.362915039062 940.863647460938 941.777954101562 945.478088378906 938.767150878906 936.017395019531 937.128845214844 942.369812011719 947.690124511719 953.647277832031 954.723876953125 946.884338378906 945.537719726562 944.658630371094 946.920227050781 952.925476074219 953.710266113281 947.830017089844 953.762329101562 964.008666992188 962.414489746094 956.142761230469 953.169616699219 951.097595214844 951.6220703125 952.96728515625 954.244262695312 953.207153320312 954.392700195312 955.53857421875 956.524963378906 957.382629394531 957.34521484375 958.581604003906
640.599975585938 643.572875976562 642.539428710938 644.760314941406 646.744567871094 647.576721191406 690.339050292969 732.109069824219 688.895385742188 780.390380859375 755.091003417969 694.040649414062 790.795593261719 809.911804199219 838.681518554688 933.791442871094 938.655090332031 941.9755859375 940.527465820312 938.233093261719 936.049377441406 937.653564453125 942.24462890625 946.711059570312 953.553771972656 954.292419433594 947.34619140625 946.788024902344 945.372314453125 946.073181152344 957.204956054688 959.460327148438 949.155700683594 -3.4e+38 -3.4e+38 -3.4e+38 950.9384765625 951.431274414062 951.278137207031 951.927551269531 953.151428222656 954.5771484375 954.826538085938 955.203979492188 956.340637207031 957.480102539062 957.824096679688 957.883850097656 961.0908203125
639.383117675781 641.667785644531 639.522338867188 642.679992675781 643.567443847656 644.054565429688 679.908996582031 648.442687988281 650.47509765625 732.59326171875 835.143615722656 654.884033203125 693.72802734375 792.926635742188 851.780151367188 927.721923828125 934.878967285156 941.781494140625 934.227722167969 934.035583496094 934.575927734375 937.55224609375 943.296203613281 951.521179199219 949.223815917969 948.685546875 949.00341796875 950.814880371094 946.020690917969 -3.4e+38 967.585632324219 966.761901855469 950.642456054688 -3.4e+38 -3.4e+38 948.79296875 949.649230957031 950.801818847656 951.510192871094 952.595520019531 954.45068359375 956.445495605469 957.521362304688 957.564453125 957.039978027344 958.275085449219 959.122375488281 960.257629394531 962.347717285156
