rcp4.5models/CNRM_CM5/sc1gr5.9
NCOLS 261 
NROWS 433 
XLLCORNER 336357.134 
YLLCORNER 654653.479 
CELLSIZE 1000 
NODATA_value -3.4e+38 
[rows 352 to 373 of 433, columns 147 to 195 of 261]
264.457366943359 263.209228515625 266.9736328125 275.953002929688 277.146148681641 277.237426757812 277.079620361328 276.291900634766 275.487854003906 275.786529541016 274.182434082031 265.130737304688 259.251312255859 255.76530456543 262.432647705078 269.377899169922 269.741149902344 266.787322998047 266.695678710938 269.414703369141 270.168273925781 272.226348876953 268.780212402344 264.982879638672 266.562133789062 272.304321289062 275.086181640625 275.536499023438 276.044128417969 276.527252197266 276.779541015625 276.573455810547 276.612976074219 277.611358642578 277.083618164062 276.812377929688 276.919525146484 277.125335693359 277.420532226562 277.9052734375 278.579650878906 279.044464111328 279.096221923828 279.130187988281 279.124816894531 279.342834472656 278.821075439453 278.344512939453 278.366333007812
262.318267822266 262.369873046875 267.688262939453 276.689819335938 277.531158447266 277.479858398438 277.131927490234 276.818328857422 276.578491210938 276.118560791016 275.118408203125 271.166900634766 267.198425292969 264.434020996094 268.282440185547 273.268829345703 273.269805908203 267.7744140625 261.570159912109 266.449981689453 274.662445068359 275.617950439453 271.831420898438 270.408111572266 270.096954345703 273.053161621094 275.669036865234 275.918060302734 275.985382080078 276.551483154297 276.936462402344 276.979614257812 277.195281982422 277.802551269531 277.3125 276.909698486328 276.882751464844 277.184356689453 277.498626708984 278.218963623047 278.807159423828 279.102294921875 279.252349853516 279.19775390625 279.470550537109 279.471069335938 278.849609375 278.307373046875 278.246704101562
261.5546875 263.759948730469 271.171630859375 277.651763916016 277.636291503906 277.508087158203 277.33203125 277.116180419922 276.718902587891 276.338470458984 275.715515136719 274.990661621094 274.093109130859 273.77734375 274.066436767578 274.329132080078 274.529937744141 273.193298339844 268.797271728516 270.118347167969 274.406585693359 276.371246337891 275.949981689453 275.508850097656 275.234497070312 276.181701660156 276.114013671875 276.367523193359 276.318511962891 276.785797119141 277.009582519531 277.35107421875 277.692321777344 278.063842773438 277.688415527344 277.09765625 277.401885986328 277.746948242188 278.022674560547 278.618865966797 279.029907226562 279.189453125 279.578155517578 279.457824707031 279.609680175781 279.639434814453 279.034454345703 278.554077148438 278.472381591797
260.5556640625 263.194366455078 271.813385009766 277.817016601562 277.711700439453 277.453125 277.301330566406 277.090606689453 276.771942138672 276.366424560547 275.913421630859 275.464385986328 273.942596435547 272.3623046875 271.56982421875 271.048156738281 275.198089599609 275.684051513672 275.890899658203 274.481414794922 273.06591796875 276.594451904297 274.962341308594 274.592163085938 275.364410400391 276.598236083984 276.530090332031 276.834075927734 276.851440429688 277.078277587891 277.082977294922 277.649230957031 277.963104248047 278.063110351562 277.499267578125 276.760986328125 277.882690429688 278.084533691406 278.272583007812 278.944030761719 279.224700927734 279.600799560547 279.805938720703 279.80712890625 279.755645751953 279.9609375 279.257171630859 278.358825683594 277.934936523438
258.797058105469 264.750885009766 274.443328857422 277.868591308594 277.710266113281 277.332733154297 276.907653808594 276.707000732422 276.721008300781 276.444763183594 275.8291015625 275.551910400391 273.819091796875 270.358642578125 269.673980712891 271.278900146484 275.036254882812 275.208740234375 275.996246337891 275.729919433594 274.987426757812 274.747283935547 272.962677001953 274.446319580078 274.996002197266 276.081634521484 277.109466552734 277.341644287109 277.134552001953 277.244720458984 277.273681640625 277.825805664062 277.962921142578 277.896331787109 277.432647705078 276.918243408203 277.941497802734 278.133575439453 278.406494140625 278.916870117188 279.210418701172 279.736694335938 279.848480224609 280.013488769531 279.976440429688 279.977203369141 279.377746582031 278.683563232422 278.377838134766
259.85546875 272.271209716797 277.746337890625 277.693359375 277.405670166016 277.051818847656 276.573181152344 276.343322753906 276.333190917969 276.198486328125 275.716217041016 275.74853515625 274.796264648438 272.426879882812 273.001251220703 274.994079589844 274.533416748047 274.98193359375 276.131072998047 276.874572753906 276.832336425781 273.896118164062 271.597808837891 275.317138671875 276.058654785156 275.730072021484 276.182373046875 277.517517089844 277.642608642578 277.528381347656 277.439880371094 277.943542480469 277.986846923828 278.159454345703 277.751373291016 277.576538085938 278.039947509766 278.460754394531 278.482360839844 278.593475341797 279.026580810547 279.535247802734 279.907043457031 280.054870605469 280.077087402344 279.979522705078 279.737091064453 279.488159179688 279.193511962891
264.740539550781 277.150238037109 277.797912597656 277.631561279297 277.147644042969 276.723236083984 276.464202880859 276.282775878906 276.0478515625 275.841735839844 275.689239501953 276.300964355469 276.340606689453 276.158935546875 275.868835449219 275.548736572266 275.112731933594 275.512939453125 276.133270263672 276.788391113281 276.968475341797 275.734100341797 272.392974853516 275.521026611328 276.879760742188 276.107604980469 275.142242431641 277.550354003906 278.067993164062 277.753540039062 277.557159423828 277.943206787109 278.155212402344 278.623718261719 277.940856933594 277.779052734375 278.220794677734 278.890899658203 278.830902099609 278.715789794922 278.934661865234 279.198394775391 279.634796142578 279.999359130859 280.078155517578 279.996215820312 279.808471679688 279.542816162109 279.114501953125
272.372741699219 277.654052734375 277.879913330078 277.653076171875 277.122955322266 276.834625244141 276.541015625 276.316741943359 276.267303466797 275.978057861328 275.915496826172 276.715393066406 276.399688720703 276.190093994141 275.979949951172 275.854553222656 275.698211669922 275.960540771484 276.190704345703 276.648101806641 276.938903808594 276.849792480469 275.146667480469 276.721282958984 277.021301269531 276.597534179688 276.227874755859 277.783416748047 278.067840576172 277.753540039062 277.556793212891 277.991363525391 278.393524169922 278.766540527344 278.000762939453 277.895172119141 278.54541015625 279.0126953125 279.060943603516 278.821319580078 278.698699951172 279.028778076172 279.389099121094 279.986297607422 280.042755126953 279.848937988281 279.77294921875 279.630493164062 279.256591796875
277.794769287109 277.89306640625 277.869567871094 277.574920654297 277.234924316406 276.911193847656 276.455841064453 276.349090576172 276.311065673828 275.759918212891 275.828582763672 276.689636230469 276.618011474609 276.352416992188 275.892974853516 275.35302734375 275.392944335938 275.928344726562 -3.4e+38 276.650024414062 276.851440429688 -3.4e+38 277.775817871094 277.816955566406 277.6923828125 277.630310058594 277.872009277344 278.155883789062 278.535705566406 277.974395751953 278.183929443359 278.348205566406 278.689086914062 278.478820800781 278.250427246094 278.253234863281 279.001556396484 279.015991210938 279.158142089844 278.951477050781 278.758148193359 279.13916015625 279.899108886719 280.088958740234 280.276672363281 280.054473876953 280.058380126953 279.750946044922 -3.4e+38
-3.4e+38 277.997253417969 277.837921142578 277.4599609375 277.036010742188 276.747833251953 276.572784423828 276.592529296875 276.510131835938 276.144744873047 276.015258789062 276.659942626953 276.506561279297 276.440246582031 276.532470703125 275.878814697266 275.472351074219 275.875213623047 276.220886230469 276.430694580078 276.571655273438 277.191009521484 278.050872802734 278.227478027344 278.249847412109 277.979461669922 278.125152587891 278.765472412109 278.642852783203 278.165069580078 278.432983398438 278.573303222656 278.831481933594 278.549438476562 278.447052001953 278.249237060547 278.864471435547 279.003570556641 279.260467529297 279.070648193359 278.906768798828 279.046051025391 279.709014892578 280.02197265625 280.066925048828 280.367736816406 280.244018554688 279.807067871094 279.665557861328
277.780364990234 278.140838623047 277.994934082031 277.489135742188 277.208862304688 277.080749511719 277.023529052734 277.139892578125 276.929840087891 276.699584960938 276.514709472656 276.908599853516 276.697113037109 276.520416259766 276.755920410156 276.38134765625 275.836944580078 275.822113037109 275.859497070312 276.066986083984 276.347076416016 277.049011230469 278.026763916016 278.274444580078 278.558258056641 278.277801513672 278.438568115234 278.873138427734 278.884155273438 278.580810546875 278.8251953125 278.834014892578 278.938201904297 278.478607177734 278.220062255859 278.081420898438 278.75732421875 279.111755371094 279.564605712891 279.509796142578 279.346130371094 279.305389404297 279.400665283203 280.0205078125 -3.4e+38 280.612030029297 280.388580322266 279.742736816406 279.973876953125
277.874969482422 278.004699707031 277.91162109375 277.465728759766 277.291412353516 277.193420410156 277.250335693359 277.385925292969 277.014770507812 276.812225341797 276.797180175781 277.049835205078 277.061157226562 276.907958984375 276.589569091797 275.911804199219 275.531799316406 275.765747070312 275.53564453125 275.337921142578 276.233642578125 276.918121337891 277.464508056641 277.915405273438 278.347595214844 278.630920410156 278.922088623047 279.122406005859 279.231903076172 279.090148925781 279.085052490234 278.941131591797 279.056762695312 278.193878173828 277.806488037109 278.098083496094 278.802825927734 279.300415039062 279.835632324219 279.917175292969 279.950836181641 279.851745605469 279.67138671875 279.852447509766 -3.4e+38 -3.4e+38 280.363922119141 279.908264160156 280.136535644531
278.073516845703 277.775177001953 277.668304443359 277.351257324219 277.124938964844 277.116333007812 277.154693603516 277.028564453125 276.879974365234 277.009857177734 277.096466064453 -3.4e+38 -3.4e+38 276.741851806641 276.256378173828 276.042236328125 275.832000732422 275.928924560547 275.380462646484 274.011291503906 275.052612304688 276.671112060547 276.937316894531 277.204559326172 277.553527832031 278.374359130859 278.889709472656 279.280883789062 279.590667724609 279.433166503906 279.276000976562 279.166290283203 279.222625732422 278.300628662109 277.942047119141 278.1689453125 278.912658691406 279.403747558594 279.919158935547 279.999755859375 280.041351318359 280.057342529297 280.00537109375 279.842407226562 280.242248535156 -3.4e+38 280.151977539062 280.071746826172 280.322967529297
278.282440185547 277.743743896484 277.553985595703 277.153778076172 276.843597412109 276.932037353516 277.088592529297 276.86962890625 277.074859619141 277.318359375 277.541687011719 277.045684814453 276.893981933594 276.488433837891 276.171844482422 276.739532470703 276.614318847656 276.400695800781 275.875122070312 274.023406982422 273.976989746094 276.278381347656 276.965637207031 277.089538574219 277.35546875 278.173187255859 278.830139160156 279.156402587891 279.323760986328 279.541198730469 279.490478515625 279.451171875 279.341674804688 278.726928710938 278.391174316406 278.019134521484 278.707763671875 279.265411376953 279.643676757812 279.815338134766 280.040710449219 280.132476806641 280.309387207031 280.076690673828 280.229675292969 280.628662109375 280.214874267578 280.342041015625 280.592803955078
278.146270751953 277.598419189453 277.394744873047 277.12158203125 276.909301757812 277.202514648438 277.223754882812 277.041351318359 277.436340332031 277.617126464844 277.741455078125 277.046844482422 276.921600341797 276.710357666016 276.530670166016 276.823211669922 276.753723144531 276.598724365234 276.339538574219 275.195129394531 274.467834472656 275.851257324219 277.122985839844 277.667602539062 278.0029296875 278.486297607422 278.838287353516 278.865051269531 278.813537597656 279.330902099609 279.5986328125 279.641693115234 279.590179443359 279.256134033203 278.819458007812 278.30712890625 278.433624267578 279.113250732422 279.394317626953 279.552764892578 279.788024902344 280.095611572266 280.505493164062 280.230834960938 280.321990966797 280.876678466797 280.651824951172 280.608001708984 280.864440917969
277.68701171875 277.409301757812 277.432678222656 277.340393066406 277.166198730469 277.620300292969 277.698211669922 277.562347412109 277.910919189453 277.996368408203 277.568756103516 277.264404296875 277.002777099609 276.853179931641 277.085693359375 277.154174804688 276.780181884766 276.760650634766 276.723754882812 276.069488525391 -3.4e+38 275.706115722656 276.847717285156 277.492401123047 278.146759033203 278.471832275391 278.513977050781 278.415283203125 278.430389404297 278.879699707031 279.386657714844 279.796722412109 279.94775390625 279.173309326172 278.906311035156 278.772338867188 278.620697021484 279.104614257812 279.658111572266 279.699249267578 279.782318115234 280.19921875 280.714508056641 280.615692138672 280.701690673828 281.081268310547 281.164123535156 280.889739990234 281.088317871094
277.527740478516 277.530944824219 277.612274169922 277.379119873047 277.265411376953 277.514617919922 277.938446044922 278.171569824219 278.235565185547 277.969360351562 277.540252685547 277.626007080078 277.138854980469 276.964080810547 277.530426025391 277.40771484375 276.917755126953 277.093322753906 277.278778076172 276.870697021484 275.655853271484 273.934997558594 276.937408447266 277.212615966797 277.6611328125 277.639770507812 277.782012939453 278.013458251953 278.335510253906 278.959289550781 279.491607666016 279.962921142578 280.042633056641 279.059814453125 278.971069335938 279.007507324219 278.909149169922 279.089111328125 279.775634765625 279.987579345703 280.237365722656 280.442932128906 280.818206787109 -3.4e+38 280.885314941406 281.140441894531 281.492095947266 281.390228271484 281.277099609375
277.725555419922 277.689086914062 277.582336425781 277.325164794922 277.204833984375 277.316741943359 277.777526855469 278.261322021484 278.338562011719 277.829406738281 277.689117431641 277.710784912109 277.499755859375 277.461181640625 277.725189208984 277.487579345703 277.385986328125 277.510467529297 277.391143798828 276.988311767578 275.673583984375 273.856231689453 277.210174560547 277.556396484375 277.529052734375 277.142639160156 277.262573242188 277.870574951172 278.449340820312 279.469573974609 279.753082275391 280.046173095703 280.078155517578 279.189605712891 279.266693115234 279.432067871094 279.265930175781 279.128326416016 279.652648925781 279.985107421875 280.212585449219 280.400177001953 280.922119140625 281.099334716797 280.952789306641 281.116333007812 281.705810546875 281.649566650391 281.291839599609
278.223052978516 278.001251220703 277.610931396484 277.317077636719 277.008178710938 277.09765625 277.580993652344 278.100219726562 278.455078125 278.218078613281 278.155578613281 277.767822265625 277.613464355469 277.466918945312 277.780395507812 277.737426757812 277.751129150391 277.548248291016 276.976470947266 276.677124023438 276.442352294922 276.053771972656 276.981414794922 277.585662841797 277.665130615234 277.290374755859 277.178405761719 277.786987304688 278.366058349609 279.315765380859 279.541534423828 280.080871582031 279.971252441406 279.186279296875 279.682678222656 279.862182617188 279.763763427734 279.588073730469 279.667785644531 279.712158203125 280.058898925781 280.419921875 280.959014892578 281.141174316406 281.347534179688 281.08984375 281.721832275391 281.792663574219 281.648864746094
278.475646972656 278.161010742188 277.673400878906 277.633666992188 277.527679443359 277.211944580078 277.222412109375 277.907928466797 278.577758789062 278.776916503906 278.707366943359 277.986663818359 277.781768798828 277.849761962891 278.195892333984 278.56982421875 278.277282714844 277.765380859375 277.296569824219 277.312042236328 277.157135009766 276.974060058594 277.030029296875 277.115814208984 277.778259277344 277.416046142578 277.491943359375 278.018737792969 278.604125976562 278.920837402344 279.547058105469 279.985717773438 279.982208251953 279.306274414062 279.88671875 280.129272460938 280.277648925781 280.015960693359 279.888092041016 279.624908447266 279.927581787109 280.037902832031 280.373138427734 281.035949707031 281.314239501953 281.802307128906 281.720672607422 281.848724365234 281.810516357422
278.246643066406 278.042297363281 277.981109619141 277.929290771484 277.613525390625 277.294281005859 277.187042236328 277.660583496094 278.445983886719 278.949127197266 278.955780029297 278.340759277344 278.138305664062 278.316192626953 278.417388916016 278.653717041016 278.224975585938 277.956115722656 277.827819824219 277.703033447266 277.570892333984 277.559387207031 277.63720703125 277.697509765625 278.091735839844 277.624481201172 277.816345214844 277.908782958984 278.557403564453 279.223754882812 279.893768310547 280.102386474609 280.052612304688 279.272735595703 279.779235839844 280.1591796875 280.621032714844 280.340454101562 280.115814208984 279.773040771484 279.718963623047 279.962127685547 280.178680419922 280.444763183594 280.825164794922 281.859558105469 281.905364990234 281.844757080078 281.809326171875
278.472686767578 278.435882568359 278.391845703125 278.026763916016 277.596221923828 277.602935791016 277.480041503906 277.590942382812 278.201110839844 278.837463378906 278.905212402344 278.763641357422 278.697021484375 278.763641357422 278.638580322266 278.352294921875 277.557250976562 277.872619628906 277.966033935547 277.899047851562 277.681976318359 277.909423828125 278.318481445312 278.502807617188 278.386199951172 278.104125976562 277.892852783203 277.651824951172 278.427673339844 278.948303222656 279.729339599609 280.352600097656 280.301452636719 279.483673095703 279.975708007812 280.528411865234 280.927368164062 280.700347900391 280.210113525391 279.863677978516 279.695037841797 279.843353271484 279.878540039062 280.013122558594 280.72021484375 281.711975097656 281.820861816406 281.78076171875 281.846496582031
