rcp4.5models/CNRM_CM5/sc1gr8.19
NCOLS 261 
NROWS 433 
XLLCORNER 336357.134 
YLLCORNER 654653.479 
CELLSIZE 1000 
NODATA_value -3.4e+38 
[rows 220 to 241 of 433, columns 49 to 97 of 261]
63.3611450195312 63.6785202026367 63.5509986877441 63.2608871459961 62.9410362243652 62.5424919128418 62.2219581604004 60.9246559143066 60.6428718566895 60.0186920166016 59.333309173584 58.9582138061523 58.7142066955566 58.4849815368652 58.1468048095703 57.8562240600586 57.5446472167969 57.2664375305176 56.427661895752 56.2354393005371 56.1621551513672 56.1207160949707 56.3367919921875 55.8945617675781 55.7386245727539 55.7844161987305 55.5820770263672 55.304256439209 55.1139945983887 54.6940727233887 54.3041152954102 54.1545944213867 53.9876747131348 54.1054344177246 54.1096725463867 53.7191963195801 53.5428276062012 53.5390281677246 53.5722236633301 53.966625213623 54.3067512512207 54.2920989990234 54.2156372070312 54.1750602722168 53.9396858215332 53.7952423095703 53.7668762207031 53.6908416748047 53.807315826416
65.7142333984375 65.6910934448242 65.4771957397461 65.1612930297852 65.1332855224609 65.1490631103516 64.1172485351562 62.9944152832031 62.2154006958008 61.1677131652832 60.7114410400391 60.2404518127441 60.0252723693848 59.789005279541 59.365779876709 59.3437004089355 59.0587844848633 58.4487571716309 57.0447120666504 57.0580978393555 57.4639930725098 57.3173980712891 57.3535423278809 57.0723419189453 56.8787155151367 56.9407768249512 56.8439331054688 56.2411689758301 56.0490074157715 56.0272750854492 55.9083557128906 55.7097778320312 55.3512153625488 55.0558853149414 55.1793022155762 54.9097595214844 54.6952247619629 54.5856742858887 54.6285552978516 54.999828338623 55.1043548583984 55.7056465148926 55.6434860229492 55.2208061218262 54.9847640991211 54.8400268554688 54.8104515075684 54.6752166748047 54.6550979614258
68.2338485717773 68.2664947509766 67.9974975585938 67.5652160644531 67.1522827148438 67.2105560302734 66.3245162963867 64.5866317749023 63.6203002929688 62.91943359375 62.9108238220215 62.1539039611816 61.7104644775391 61.4606399536133 61.0382804870605 60.6416358947754 60.0164527893066 59.0719985961914 58.1285705566406 58.0500946044922 58.4230575561523 58.5867462158203 58.2561149597168 57.8130531311035 57.9834671020508 58.1808738708496 58.0619354248047 57.6586456298828 57.337589263916 57.3616485595703 57.1598587036133 56.882209777832 56.4344253540039 55.907901763916 55.9593505859375 55.7737121582031 55.9029693603516 56.1037254333496 55.9823226928711 56.04736328125 55.9965324401855 56.6483535766602 56.8108825683594 56.3048439025879 55.8749122619629 56.1675987243652 56.8209800720215 55.9493446350098 55.811164855957
71.2676544189453 71.121467590332 70.8091278076172 70.4835662841797 69.9447860717773 69.2821426391602 68.5010147094727 66.05224609375 65.353759765625 65.0282745361328 64.8272476196289 64.0338821411133 63.5474395751953 63.4290618896484 62.4824028015137 61.9822616577148 61.1364097595215 60.2254104614258 59.4534530639648 59.2121810913086 59.4857521057129 59.5671844482422 59.2119216918945 59.0132102966309 59.4677848815918 59.62158203125 59.4964179992676 59.0482635498047 58.4574165344238 58.6068382263184 58.0519065856934 57.7725524902344 57.4194183349609 57.0590934753418 56.983341217041 56.9022560119629 57.1790237426758 57.2164764404297 57.2234268188477 57.2399215698242 57.0427131652832 57.6589775085449 57.6720733642578 57.5382194519043 57.2303924560547 57.9014511108398 59.3102645874023 57.5699920654297 57.2860832214355
74.7984313964844 73.9504165649414 73.8133163452148 73.4109039306641 72.4662094116211 71.2559661865234 70.272346496582 67.568489074707 67.2023468017578 66.8471374511719 66.2494354248047 65.6117477416992 65.1524353027344 64.5201416015625 63.5825500488281 63.1716384887695 62.3042945861816 61.3162231445312 60.5825424194336 60.6285285949707 60.6156997680664 60.533073425293 60.3882904052734 60.5277214050293 60.5307006835938 60.4487228393555 60.3659133911133 59.9560356140137 59.6523780822754 59.9971504211426 59.2701454162598 58.9879112243652 58.7070121765137 58.516185760498 58.4379234313965 58.3054046630859 58.355110168457 58.2579536437988 58.4569206237793 58.3770294189453 58.2148551940918 58.6253623962402 58.4628067016602 58.4485130310059 58.3024978637695 58.7447776794434 59.4727783203125 58.1990051269531 58.0994453430176
78.3024520874023 77.3036041259766 76.3881988525391 75.6742782592773 74.4018783569336 73.0094909667969 71.8726425170898 70.0259780883789 69.4235458374023 68.8917846679688 67.981819152832 67.4602508544922 66.5702896118164 65.513671875 64.8398590087891 64.1893081665039 63.2652053833008 62.3779754638672 61.9666137695312 61.8616561889648 61.6068687438965 61.535831451416 61.7080612182617 61.8764152526855 61.9071044921875 61.6510009765625 61.4373054504395 61.2043342590332 61.2123756408691 61.372386932373 60.7764129638672 60.1779670715332 60.0354156494141 60.1011505126953 59.9528846740723 59.8300323486328 59.6854972839355 59.7079200744629 59.8311500549316 59.6519050598145 59.5840835571289 59.5361289978027 59.456844329834 59.5929908752441 59.4360198974609 59.5087203979492 59.4168930053711 -3.4e+38 59.1841850280762
81.0663146972656 79.8055267333984 78.6578598022461 77.6597900390625 76.550666809082 74.7977066040039 73.6022186279297 72.072135925293 71.5778579711914 70.9743270874023 69.9757766723633 68.8534317016602 67.7448883056641 66.6893463134766 66.146110534668 65.2332000732422 64.2765350341797 63.5467491149902 63.400707244873 63.0630989074707 63.0945816040039 63.0297470092773 63.2772789001465 63.2875175476074 63.4169960021973 62.9347648620605 62.730541229248 62.7215995788574 62.8262710571289 62.7049789428711 62.1384696960449 61.654613494873 61.5981826782227 61.6472511291504 61.1858520507812 61.4273262023926 61.3034896850586 61.2477798461914 61.3431663513184 61.226619720459 61.0912666320801 60.8513336181641 60.8055686950684 60.7629089355469 60.6906890869141 60.884162902832 60.7607650756836 60.6015319824219 60.5876731872559
83.6634368896484 81.9830169677734 80.7468566894531 79.7505950927734 78.2680206298828 76.4758987426758 75.4118728637695 74.0983810424805 72.9021759033203 72.656364440918 72.1401214599609 70.9475631713867 69.0453796386719 68.0808639526367 67.3551864624023 66.0157318115234 65.4933547973633 65.4825744628906 65.1288909912109 64.869010925293 64.8879699707031 64.7654190063477 64.8496780395508 64.6989974975586 64.669189453125 64.4060745239258 64.3938522338867 64.1460494995117 64.2073516845703 63.9449424743652 63.5361785888672 63.1228294372559 62.918098449707 63.1755676269531 62.4844512939453 62.5436248779297 62.5831909179688 62.7695922851562 62.8407325744629 62.5563316345215 62.704647064209 62.3431663513184 62.3320274353027 62.1920471191406 62.8512878417969 63.9493179321289 62.3219985961914 62.0881195068359 61.9488945007324
85.9658889770508 83.656867980957 82.4351196289062 81.5195693969727 79.538444519043 78.1677932739258 77.381217956543 75.5927352905273 74.8125991821289 74.2402420043945 73.9546279907227 72.5169830322266 70.2080001831055 69.5097198486328 68.6890029907227 67.132080078125 67.0797653198242 68.0188140869141 67.1819458007812 66.5312728881836 66.5610656738281 66.387077331543 66.1350708007812 66.0883407592773 66.0585784912109 65.9070053100586 65.8741226196289 65.6041412353516 65.6156234741211 65.3742828369141 65.022331237793 64.2578582763672 64.107780456543 64.4211502075195 64.0166320800781 63.9413146972656 63.9347152709961 64.0090026855469 64.0966491699219 63.8801536560059 63.8640975952148 63.7117309570312 63.9431266784668 63.7646408081055 64.2192459106445 65.037239074707 63.8244895935059 63.7013397216797 63.5080833435059
87.7358703613281 84.9507904052734 83.8161544799805 82.7378921508789 81.314453125 80.7399368286133 79.871826171875 77.7554931640625 76.6033477783203 75.6547698974609 75.3146667480469 74.004753112793 71.7086563110352 70.6639709472656 70.0882034301758 68.3253173828125 68.1251220703125 69.1346740722656 68.2921905517578 67.7539215087891 68.2383270263672 67.9825897216797 67.6466293334961 67.4754257202148 67.4365997314453 67.4885711669922 67.2662048339844 67.1667785644531 67.1705703735352 66.6335678100586 66.5708847045898 65.7552642822266 65.6407470703125 65.7914123535156 65.6575775146484 65.6254959106445 65.6369476318359 65.3102188110352 65.4329681396484 65.3508682250977 65.1302261352539 65.1166458129883 65.3661422729492 64.8454666137695 64.9499740600586 65.472038269043 65.3176498413086 65.2718963623047 65.0399169921875
89.0320816040039 86.1667175292969 85.1508712768555 84.3170852661133 83.1632385253906 82.8169097900391 82.0005035400391 79.8751068115234 78.1093139648438 76.6404647827148 76.0499572753906 74.7690887451172 73.2568893432617 71.9367218017578 71.3486175537109 69.7011871337891 69.5371704101562 70.2644195556641 69.2056579589844 69.1731109619141 69.5572891235352 69.3493041992188 69.2414474487305 69.0014190673828 69.0599594116211 69.2035675048828 68.8380126953125 68.8384399414062 68.8971176147461 67.9629287719727 67.9784469604492 67.6753845214844 67.2716293334961 67.4421234130859 67.2830047607422 67.2048187255859 67.1476593017578 67.0386581420898 67.0879364013672 67.0021209716797 66.7609100341797 66.5838165283203 66.4916152954102 66.1028442382812 66.3507614135742 66.9892654418945 66.8926696777344 66.7840270996094 66.6613845825195
89.4635620117188 89.2055053710938 89.0115432739258 88.1059799194336 86.9268798828125 85.3079528808594 84.4202880859375 82.2191390991211 80.0500717163086 78.5645904541016 77.5673217773438 76.7436981201172 76.224250793457 74.8234100341797 73.5559005737305 72.9464416503906 72.707649230957 72.7984924316406 -3.4e+38 -3.4e+38 72.5798187255859 72.5128021240234 72.4701614379883 72.322883605957 71.7471923828125 71.5433197021484 71.4127197265625 71.5097198486328 71.2156448364258 71.0473556518555 70.8664855957031 70.7467193603516 70.8855285644531 70.8877258300781 70.9722671508789 70.7707824707031 70.7328262329102 70.6509094238281 70.5928115844727 70.472785949707 70.4901580810547 70.1940536499023 69.8062744140625 69.7912216186523 69.7483139038086 69.8913803100586 70.1177368164062 70.003791809082 69.8752975463867
90.3771896362305 90.8196563720703 90.5018920898438 89.0952224731445 87.702278137207 85.9267044067383 84.6001663208008 82.8974151611328 80.9810333251953 79.8241729736328 79.1569519042969 78.7629165649414 78.1677703857422 76.5956954956055 75.6359710693359 74.5979843139648 74.4811630249023 74.7239303588867 74.107307434082 73.8284225463867 73.4227294921875 73.4687728881836 74.0653076171875 73.8824768066406 73.0890960693359 73.0065231323242 73.1002197265625 72.9835891723633 72.8809967041016 72.8779144287109 72.9557876586914 72.7449417114258 72.6380996704102 72.4881286621094 72.593864440918 72.5388793945312 72.3972930908203 72.2733840942383 72.2645034790039 72.2760467529297 72.2681427001953 71.8401870727539 71.7166137695312 71.5786819458008 71.5873184204102 71.8049011230469 71.8434295654297 71.6318969726562 71.5215682983398
91.8990020751953 91.4897232055664 91.2207717895508 90.022087097168 88.1065826416016 86.7483139038086 85.3602066040039 83.6312255859375 82.5142211914062 81.5221557617188 80.83203125 80.3216552734375 79.3517608642578 78.4856109619141 77.5792846679688 76.570930480957 76.2082748413086 76.1259765625 75.7982559204102 75.5437393188477 75.0267486572266 75.0225677490234 75.7522201538086 75.8762969970703 75.5869064331055 75.4269561767578 75.5759811401367 75.5742645263672 75.2219619750977 75.0780715942383 75.3585815429688 74.9202880859375 74.4886016845703 74.5249252319336 74.3567199707031 74.2704620361328 74.2547988891602 74.2358932495117 74.1939392089844 74.1192169189453 74.0231781005859 73.493278503418 73.3481674194336 73.2792434692383 73.4133453369141 73.6285705566406 73.5024795532227 73.414306640625 73.3166961669922
92.7138900756836 92.1012649536133 90.7525253295898 89.4796447753906 88.6678619384766 87.4913787841797 86.6482543945312 85.0233764648438 84.1224670410156 83.2281723022461 82.3010101318359 81.2853546142578 80.7491073608398 80.445442199707 79.8829498291016 78.9221649169922 78.2928161621094 78.0605621337891 77.6775588989258 77.7583465576172 77.4255752563477 77.3284301757812 77.6596984863281 77.7396621704102 78.0013656616211 78.0360107421875 78.0403289794922 78.0761337280273 77.3773956298828 77.1975555419922 77.1439056396484 77.3872909545898 76.9846801757812 76.6012878417969 76.2967910766602 -3.4e+38 76.196159362793 76.1730117797852 76.0095520019531 75.8677673339844 75.6538696289062 75.2491989135742 75.0602569580078 75.011833190918 75.0859985351562 75.3720321655273 75.2017364501953 75.1735534667969 75.003547668457
92.945068359375 92.468391418457 90.7793273925781 89.5414047241211 89.3136520385742 88.6732864379883 87.9686813354492 87.3298110961914 86.0627670288086 84.7212829589844 84.6266403198242 84.4907302856445 83.8163452148438 83.3764114379883 82.8631134033203 81.8046875 81.3489456176758 81.3974609375 80.805419921875 80.6772689819336 80.2285919189453 79.8132400512695 79.9321823120117 79.926383972168 80.2740936279297 80.6432418823242 80.666389465332 80.4334106445312 79.6530609130859 79.5604476928711 79.3144760131836 79.4374771118164 79.6260681152344 79.4123382568359 78.6696090698242 -3.4e+38 -3.4e+38 77.8388671875 77.6920166015625 77.5278472900391 77.3472213745117 77.0277709960938 76.9878692626953 76.8734817504883 77.3342666625977 77.345085144043 76.9877166748047 76.9709320068359 76.7743530273438
92.9777450561523 92.1753005981445 91.0388259887695 90.8309936523438 90.3506393432617 89.7926483154297 89.8153305053711 88.9556198120117 88.1432800292969 86.8664398193359 86.4948806762695 86.6893539428711 86.0175933837891 85.6345748901367 85.086669921875 84.2193984985352 83.7536697387695 83.3207778930664 82.5678863525391 82.4510269165039 82.1259536743164 81.9206619262695 81.9412384033203 82.0514907836914 82.7120895385742 83.0039672851562 82.8993606567383 82.7869338989258 82.4837799072266 81.7993698120117 81.8267440795898 81.5333023071289 81.6966171264648 81.7137069702148 -3.4e+38 -3.4e+38 79.9474258422852 -3.4e+38 -3.4e+38 79.4892807006836 79.3245010375977 79.0065155029297 78.9735870361328 78.9355773925781 79.5105285644531 79.3620529174805 79.0013198852539 78.8193283081055 78.6559906005859
92.4150772094727 91.7919387817383 91.4195251464844 91.7056579589844 92.1742858886719 92.4028625488281 92.0700149536133 91.1197357177734 90.6887054443359 89.2966003417969 87.9899139404297 87.7685623168945 87.3696746826172 86.7903518676758 86.3312225341797 85.695198059082 85.4706802368164 85.308708190918 84.6135940551758 84.2683258056641 84.0056457519531 84.5694427490234 84.671745300293 84.3913650512695 84.4724502563477 84.870979309082 84.8057174682617 84.8639144897461 84.9326019287109 84.4358444213867 84.4598999023438 84.2494964599609 83.697639465332 83.5990600585938 -3.4e+38 -3.4e+38 -3.4e+38 81.9600448608398 81.9167709350586 81.9100112915039 81.5563888549805 81.0650863647461 80.9812240600586 81.1387481689453 81.3209533691406 81.2320556640625 81.0876312255859 81.1074600219727 80.9946670532227
92.4477462768555 92.3564529418945 92.4674758911133 92.9591217041016 93.6378784179688 93.9940567016602 93.8249969482422 92.9450607299805 92.4035339355469 91.4815216064453 90.572151184082 89.9506759643555 89.2058563232422 88.9786148071289 88.304069519043 87.9205169677734 88.3139953613281 88.1866836547852 87.6176071166992 86.9353942871094 86.7247543334961 87.096565246582 87.1801376342773 86.8720855712891 86.4369506835938 86.7752914428711 87.0441284179688 87.178840637207 87.0295181274414 87.035285949707 86.9635543823242 86.8620300292969 86.1813888549805 86.0112075805664 -3.4e+38 -3.4e+38 84.8568649291992 84.385368347168 83.9850463867188 84.0689086914062 84.1377105712891 83.3753128051758 83.4882507324219 83.4378890991211 83.0855255126953 83.066032409668 83.2501068115234 83.2576141357422 83.1822128295898
92.7208709716797 92.906494140625 93.4486618041992 94.3849105834961 94.8699340820312 94.5466690063477 94.6181793212891 94.1162490844727 93.6423263549805 92.9250106811523 92.2604598999023 91.886833190918 91.5589904785156 91.5183258056641 91.0460815429688 90.7600936889648 90.9566650390625 90.9651794433594 90.3793563842773 89.9038314819336 89.8021392822266 89.9372711181641 89.9041137695312 89.738395690918 88.8690414428711 88.7270736694336 88.9904098510742 89.0116500854492 89.0864715576172 89.3836898803711 89.8863067626953 89.6686553955078 88.7719573974609 88.4503555297852 87.3822174072266 -3.4e+38 87.1192092895508 86.9966125488281 86.323112487793 86.1986999511719 86.4484100341797 85.7579040527344 85.7363128662109 85.5668258666992 85.3339309692383 85.4572296142578 85.311653137207 85.3145523071289 85.4368591308594
93.248893737793 94.0102081298828 94.619499206543 95.6578826904297 95.9559631347656 95.9223556518555 95.6881103515625 94.6179351806641 94.3815383911133 94.3895568847656 94.3233489990234 93.6013870239258 93.4919891357422 93.4985809326172 93.458381652832 93.2917098999023 93.0843887329102 93.0226135253906 92.8156433105469 92.5706405639648 92.5670776367188 92.6772232055664 92.6697387695312 92.4986572265625 91.791633605957 91.6355972290039 91.3543472290039 90.8466873168945 91.0663681030273 91.9232864379883 92.3328857421875 92.3129348754883 91.6214065551758 91.0708847045898 90.2370529174805 89.5719985961914 -3.4e+38 89.225227355957 88.8442001342773 88.5135803222656 88.5509033203125 88.2307434082031 87.8753967285156 87.6610107421875 87.8692092895508 87.9621734619141 88.0100326538086 87.8637847900391 87.7105026245117
95.0051651000977 95.6473388671875 96.2834625244141 97.1564483642578 97.2790298461914 97.1071166992188 96.3898239135742 95.9639587402344 95.8093872070312 95.9097061157227 95.9939117431641 95.7734909057617 95.5959243774414 95.39794921875 95.0048980712891 95.00341796875 94.8903198242188 94.6926727294922 95.2091903686523 95.5309066772461 95.1948852539062 94.7995986938477 94.9757919311523 95.2396774291992 94.8397216796875 94.5837936401367 94.4898376464844 94.0086364746094 94.242561340332 94.3552856445312 94.6349487304688 94.3776473999023 94.3116226196289 93.8593521118164 93.2545776367188 92.3390197753906 91.7874298095703 91.8594818115234 91.2180633544922 90.6839752197266 90.6356201171875 90.5878601074219 90.5909118652344 90.2924652099609 90.3507995605469 90.4334487915039 90.7416610717773 90.7422180175781 90.2434158325195
