rcp4.5models/CNRM_CM5/sc1gr4.37
NCOLS 261 
NROWS 433 
XLLCORNER 336357.134 
YLLCORNER 654653.479 
CELLSIZE 1000 
NODATA_value -3.4e+38 
[rows 88 to 109 of 433, columns 49 to 97 of 261]
-3.4e+38 -3.4e+38 -3.4e+38 -3.4e+38 -3.4e+38 -3.4e+38 -3.4e+38 -3.4e+38 -3.4e+38 -3.4e+38 296.912445068359 -3.4e+38 297.206726074219 297.493469238281 297.285186767578 297.283081054688 297.405303955078 297.578369140625 297.257354736328 296.587127685547 296.90869140625 296.924896240234 297.163269042969 296.832305908203 296.902221679688 297.088623046875 297.202362060547 297.438781738281 297.446563720703 297.526977539062 297.865966796875 298.027008056641 -3.4e+38 297.55712890625 297.791809082031 298.120574951172 298.07177734375 297.973999023438 297.951721191406 297.376068115234 297.269989013672 297.092315673828 296.738830566406 297.416259765625 296.770202636719 297.450622558594 297.081604003906 297.11572265625 297.449554443359
-3.4e+38 -3.4e+38 -3.4e+38 -3.4e+38 -3.4e+38 -3.4e+38 -3.4e+38 -3.4e+38 -3.4e+38 -3.4e+38 297.037109375 297.204681396484 297.264953613281 297.479553222656 297.291564941406 297.405456542969 297.578491210938 297.638763427734 296.936065673828 296.342681884766 296.666351318359 296.679809570312 296.674224853516 296.415466308594 296.587951660156 297.159057617188 297.052398681641 297.050018310547 296.721984863281 297.463409423828 297.032379150391 297.365905761719 297.219757080078 297.343109130859 297.577850341797 297.906463623047 297.867004394531 298.038970947266 298.187072753906 297.819427490234 297.836181640625 297.27734375 297.066131591797 297.04345703125 296.338317871094 297.334808349609 297.386596679688 297.351257324219 296.886779785156
-3.4e+38 -3.4e+38 -3.4e+38 -3.4e+38 -3.4e+38 -3.4e+38 -3.4e+38 -3.4e+38 -3.4e+38 -3.4e+38 297.084259033203 297.488800048828 297.400329589844 297.447784423828 297.297180175781 297.574615478516 297.638702392578 297.648101806641 296.49560546875 296.111755371094 296.671569824219 296.572906494141 296.643829345703 296.600555419922 296.6591796875 297.104125976562 296.943237304688 296.448944091797 296.752349853516 297.296325683594 296.488922119141 296.605438232422 296.68212890625 297.179077148438 297.244934082031 297.361450195312 297.402709960938 298.164855957031 298.433502197266 298.363525390625 297.90478515625 297.45166015625 297.244567871094 297.085784912109 297.074676513672 297.100769042969 297.007751464844 297.422119140625 296.487823486328
-3.4e+38 -3.4e+38 -3.4e+38 -3.4e+38 -3.4e+38 -3.4e+38 -3.4e+38 -3.4e+38 -3.4e+38 297.207977294922 297.273132324219 297.442840576172 297.457733154297 297.350433349609 297.584838867188 297.646667480469 297.080322265625 296.566741943359 296.957000732422 296.871734619141 296.631896972656 296.997253417969 296.941925048828 296.948760986328 297.340148925781 297.058074951172 297.075317382812 297.080871582031 296.926055908203 296.553131103516 296.603515625 296.323455810547 295.696990966797 296.109039306641 296.852630615234 296.493804931641 296.638946533203 297.309814453125 297.968780517578 298.142395019531 298.352722167969 298.241821289062 298.168548583984 297.805694580078 297.283447265625 297.321929931641 296.416442871094 296.516387939453 296.464019775391
-3.4e+38 -3.4e+38 -3.4e+38 -3.4e+38 -3.4e+38 -3.4e+38 -3.4e+38 -3.4e+38 297.043701171875 297.265655517578 297.398712158203 297.225067138672 297.226165771484 297.419921875 297.641723632812 297.655975341797 297.311309814453 297.001861572266 297.371612548828 296.686340332031 296.537414550781 296.8623046875 297.2822265625 297.059661865234 297.056762695312 297.023193359375 297.084259033203 297.203308105469 297.151550292969 296.513916015625 296.994537353516 296.288696289062 296.078216552734 295.994323730469 296.427917480469 296.367828369141 296.171417236328 297.369079589844 297.918670654297 298.247406005859 298.369934082031 297.895599365234 297.857147216797 297.248199462891 297.408416748047 297.477203369141 297.006744384766 296.500640869141 296.696594238281
-3.4e+38 -3.4e+38 -3.4e+38 -3.4e+38 -3.4e+38 296.910766601562 297.075897216797 296.885620117188 -3.4e+38 297.160430908203 297.446441650391 297.376037597656 297.495300292969 297.597869873047 297.654724121094 297.548278808594 297.043823242188 -3.4e+38 -3.4e+38 297.237274169922 297.009368896484 297.180816650391 297.508056640625 297.411254882812 -3.4e+38 297.082794189453 297.094482421875 297.374328613281 297.150390625 296.568115234375 296.633819580078 296.973022460938 296.962249755859 296.526519775391 296.222290039062 296.376647949219 296.167175292969 297.12353515625 297.08740234375 297.952789306641 298.374176025391 297.991943359375 298.070159912109 297.704528808594 297.617980957031 297.541229248047 297.089233398438 296.981018066406 297.135620117188
-3.4e+38 -3.4e+38 -3.4e+38 -3.4e+38 296.911224365234 -3.4e+38 296.845642089844 296.940216064453 297.109558105469 297.124694824219 297.453430175781 297.589630126953 297.646789550781 297.656066894531 297.548095703125 297.158721923828 296.851989746094 296.969757080078 297.530303955078 297.544036865234 297.334991455078 297.623992919922 297.567291259766 297.573059082031 -3.4e+38 -3.4e+38 297.547180175781 297.210327148438 297.110961914062 296.285339355469 296.115020751953 297.171112060547 296.425903320312 296.372528076172 296.1689453125 296.243591308594 296.554138183594 297.305633544922 296.597198486328 297.751098632812 298.472412109375 298.438385009766 298.343200683594 297.634674072266 297.537109375 297.568237304688 297.365631103516 297.477813720703 297.349792480469
-3.4e+38 -3.4e+38 -3.4e+38 -3.4e+38 296.919097900391 296.885498046875 296.890563964844 297.182983398438 297.127960205078 297.132690429688 297.462280273438 297.526947021484 297.652770996094 297.547912597656 297.622253417969 296.908721923828 296.970825195312 296.911926269531 297.077606201172 297.434326171875 297.392883300781 297.040771484375 297.000061035156 297.123779296875 297.143951416016 297.258575439453 -3.4e+38 297.445739746094 297.120941162109 296.485076904297 296.858184814453 296.501159667969 296.963287353516 296.277130126953 296.284271240234 296.305480957031 296.588134765625 296.780456542969 297.093963623047 297.334625244141 298.225280761719 298.446136474609 298.239715576172 297.538482666016 297.712371826172 297.427185058594 297.884338378906 297.507537841797 297.501342773438
-3.4e+38 296.572814941406 296.893524169922 296.919372558594 296.810333251953 296.928680419922 296.942718505859 297.277893066406 297.139251708984 297.140686035156 297.354705810547 297.486145019531 297.543426513672 297.273712158203 297.439178466797 296.980285644531 296.911682128906 297.102508544922 296.885559082031 296.928039550781 296.936889648438 296.742218017578 296.861907958984 296.580230712891 296.642456054688 296.768798828125 297.057342529297 297.285552978516 297.470062255859 297.181610107422 296.521209716797 296.207122802734 297.357452392578 296.652282714844 296.231903076172 296.143676757812 296.306549072266 296.299896240234 296.953887939453 297.218139648438 298.077484130859 298.40234375 298.328277587891 298.009460449219 297.881439208984 297.457580566406 298.300659179688 298.043151855469 297.601715087891
296.239837646484 296.558502197266 296.783416748047 296.803619384766 296.887725830078 296.940887451172 296.950775146484 297.179412841797 297.142486572266 297.265380859375 297.438385009766 297.612945556641 297.274993896484 297.181732177734 297.118347167969 297.379364013672 296.991882324219 297.209075927734 296.776580810547 296.733795166016 296.626892089844 296.864166259766 296.804565429688 296.431274414062 296.441711425781 296.615295410156 296.736236572266 297.144409179688 297.740386962891 297.240753173828 296.721496582031 296.850494384766 297.191772460938 296.388793945312 296.080810546875 296.148284912109 296.338165283203 296.734924316406 296.457244873047 297.447662353516 297.584808349609 298.405609130859 298.308807373047 298.251800537109 298.143249511719 298.114776611328 298.439971923828 298.3017578125 297.815582275391
296.500732421875 296.699188232422 296.876098632812 296.892486572266 296.941162109375 296.951019287109 296.958831787109 297.142700195312 297.265838623047 297.088043212891 297.486755371094 297.551330566406 297.538238525391 297.077270507812 297.029449462891 297.180633544922 297.395355224609 297.10302734375 296.733917236328 296.625427246094 296.584899902344 296.921997070312 296.764739990234 296.782470703125 296.78125 296.390655517578 296.31787109375 297.487548828125 297.91064453125 297.376190185547 297.220306396484 297.168579101562 297.059478759766 296.860412597656 297.013122558594 296.860015869141 296.835845947266 297.135803222656 296.807647705078 297.340454101562 297.315734863281 298.399505615234 298.162719726562 298.277679443359 298.378631591797 298.343017578125 298.334808349609 298.148559570312 297.778869628906
296.719085693359 296.759063720703 297.044860839844 296.949554443359 296.951324462891 296.959106445312 297.084289550781 297.266357421875 297.204864501953 297.355285644531 297.502258300781 297.513397216797 297.684753417969 297.0390625 297.153533935547 297.04541015625 297.198394775391 296.826568603516 296.509857177734 296.814636230469 296.822448730469 296.929260253906 296.774780273438 296.942321777344 296.723876953125 296.637603759766 296.718872070312 297.324951171875 297.969299316406 297.286560058594 297.556091308594 297.395660400391 297.235290527344 297.102416992188 297.419921875 297.310638427734 297.164184570312 297.221405029297 297.185913085938 297.348327636719 297.412933349609 298.211761474609 298.22314453125 298.388000488281 298.434661865234 298.2998046875 298.40771484375 298.437591552734 298.222290039062
296.882080078125 296.893890380859 297.100341796875 296.959259033203 296.959381103516 296.967132568359 297.135437011719 297.322296142578 297.051940917969 297.377166748047 297.510955810547 297.755920410156 297.345062255859 296.806304931641 296.972869873047 296.817443847656 296.707763671875 296.383087158203 296.533172607422 296.69189453125 296.701599121094 296.824737548828 296.8955078125 296.949615478516 296.743591308594 296.806945800781 296.981658935547 297.178131103516 297.973907470703 297.292083740234 297.455261230469 297.397064208984 297.140563964844 297.164825439453 297.468292236328 297.167846679688 297.23193359375 297.327026367188 297.096954345703 296.692810058594 297.238189697266 298.161560058594 297.700103759766 298.430633544922 298.227844238281 298.109649658203 298.401275634766 298.73974609375 298.607360839844
296.934295654297 297.062469482422 297.116638183594 296.966857910156 296.967437744141 297.093139648438 297.265960693359 297.096130371094 297.008392333984 297.457366943359 297.520599365234 297.386993408203 296.501220703125 296.591644287109 296.76611328125 296.726776123047 296.802307128906 296.592590332031 296.590454101562 296.596801757812 296.495666503906 296.895812988281 296.947357177734 296.625366210938 296.91943359375 -3.4e+38 296.985931396484 297.066711425781 297.668365478516 297.561187744141 297.370513916016 297.689971923828 297.575408935547 297.327026367188 297.404815673828 296.869537353516 297.338287353516 297.289184570312 297.114044189453 296.207397460938 297.012115478516 297.833526611328 297.757110595703 298.250915527344 298.318359375 298.088592529297 298.254211425781 298.705963134766 298.680480957031
297.069305419922 297.117004394531 297.008209228516 296.969482421875 297.09375 297.266540527344 297.204650878906 297.01171875 297.131958007812 297.514251708984 297.765014648438 297.093811035156 296.573974609375 296.787841796875 296.962219238281 296.852325439453 296.791259765625 296.748718261719 296.596984863281 296.492309570312 296.676147460938 296.607025146484 296.507446289062 296.690216064453 296.424865722656 297.028747558594 296.769317626953 296.900726318359 297.301788330078 297.449371337891 297.153045654297 297.448516845703 297.879852294922 297.916839599609 297.584350585938 297.143432617188 296.768005371094 297.036224365234 297.131439208984 296.975891113281 297.160522460938 297.447631835938 297.961639404297 298.043884277344 298.266052246094 298.305206298828 297.883239746094 298.351806640625 298.489685058594
296.843414306641 296.803466796875 297.088836669922 297.267822265625 297.323394775391 297.213745117188 297.055999755859 297.140686035156 297.596313476562 297.584442138672 297.165435791016 296.652099609375 296.679077148438 296.734527587891 296.908966064453 296.915893554688 296.708557128906 296.814910888672 296.727752685547 296.626037597656 296.900085449219 296.409698486328 296.084991455078 295.866790771484 296.045196533203 295.851928710938 296.420227050781 297.248565673828 297.585815429688 297.577331542969 297.312225341797 297.168609619141 297.272766113281 297.168853759766 297.098327636719 297.489288330078 297.694519042969 297.747955322266 297.720428466797 297.267852783203 296.526153564453 296.720489501953 297.586853027344 298.027221679688 297.958984375 298.158172607422 298.125854492188 297.860473632812 298.486755371094
296.923248291016 296.933807373047 297.262725830078 297.32373046875 297.213714599609 296.936981201172 297.012969970703 297.312561035156 297.817443847656 297.192993164062 296.652038574219 296.679595947266 296.853088378906 296.624176025391 296.798797607422 296.807159423828 296.882293701172 296.888122558594 296.788909912109 296.861755371094 296.965911865234 296.806671142578 296.247741699219 295.678039550781 296.275939941406 296.179656982422 296.225891113281 297.310333251953 297.544342041016 297.308959960938 297.084930419922 296.719299316406 296.642211914062 296.926452636719 297.186218261719 297.16796875 297.534942626953 298.109771728516 298.143035888672 297.244995117188 296.797668457031 296.350738525391 297.363189697266 297.882263183594 297.943267822266 298.069854736328 298.15283203125 298.004272460938 298.133270263672
296.975219726562 297.223663330078 297.203186035156 297.090667724609 296.933380126953 296.9697265625 297.140930175781 297.250946044922 -3.4e+38 -3.4e+38 296.922515869141 296.973052978516 296.909362792969 296.701934814453 296.757171630859 296.650177001953 296.939544677734 296.944793701172 296.800933837891 297.082458496094 296.977020263672 296.97216796875 296.536743164062 296.018920898438 296.3359375 296.241180419922 296.449279785156 -3.4e+38 297.087585449219 -3.4e+38 297.159729003906 296.961730957031 296.243072509766 296.361083984375 297.102294921875 296.598510742188 297.281555175781 297.468872070312 -3.4e+38 297.690246582031 297.306701660156 296.816223144531 297.110748291016 297.264038085938 298.009216308594 298.128875732422 298.273468017578 298.167541503906 298.044921875
297.104797363281 297.319091796875 297.051910400391 297.248260498047 297.217193603516 297.385620117188 297.678466796875 -3.4e+38 -3.4e+38 -3.4e+38 297.666290283203 297.076782226562 296.798431396484 296.758544921875 296.881134033203 296.60986328125 296.944122314453 296.722686767578 296.468078613281 297.027160644531 296.981414794922 296.863739013672 296.432403564453 296.289306640625 296.354370117188 296.522674560547 296.456237792969 297.288696289062 296.762115478516 297.276336669922 297.225555419922 297.094024658203 296.545257568359 296.102783203125 296.321899414062 296.333953857422 297.111663818359 296.494049072266 296.946746826172 297.911346435547 297.352203369141 297.038330078125 297.047943115234 297.630767822266 -3.4e+38 298.174163818359 298.145904541016 298.162353515625 297.970977783203
297.286376953125 297.332550048828 297.257019042969 297.346954345703 297.596343994141 297.532318115234 -3.4e+38 -3.4e+38 -3.4e+38 -3.4e+38 298.028961181641 296.845947265625 296.758178710938 296.767761230469 297.055419921875 296.846893310547 296.719543457031 296.632141113281 296.434051513672 296.757232666016 296.872222900391 296.705718994141 296.344360351562 296.461456298828 296.4775390625 296.675964355469 296.309356689453 297.377380371094 297.354125976562 297.180023193359 297.222351074219 296.926605224609 296.297576904297 296.067291259766 295.747924804688 296.229187011719 296.928161621094 296.063873291016 296.715118408203 297.60693359375 297.203033447266 297.001739501953 297.140777587891 297.489593505859 297.692169189453 298.061950683594 297.938812255859 298.080322265625 298.011962890625
297.339080810547 297.341766357422 297.589965820312 297.482330322266 297.934234619141 297.905151367188 -3.4e+38 -3.4e+38 -3.4e+38 -3.4e+38 297.964447021484 297.586975097656 296.767547607422 297.010406494141 297.110687255859 296.830963134766 296.399810791016 296.64501953125 296.942565917969 296.772277832031 296.720184326172 296.780517578125 296.577941894531 296.630859375 296.521545410156 296.377624511719 296.701721191406 297.490600585938 297.346588134766 297.037200927734 297.350463867188 297.196899414062 296.409759521484 296.191253662109 295.950164794922 296.129638671875 296.283630371094 296.136627197266 296.888153076172 297.270263671875 297.336700439453 297.048492431641 296.595886230469 297.251342773438 297.909271240234 298.113800048828 298.014312744141 298.34375 298.2392578125
297.232391357422 297.346771240234 297.924713134766 297.900451660156 297.916717529297 297.924926757812 297.602935791016 -3.4e+38 298.029937744141 -3.4e+38 297.924835205078 297.812591552734 297.598602294922 297.232391357422 297.230926513672 296.676300048828 296.541412353516 296.761413574219 297.047241210938 297.166015625 296.79833984375 297.066162109375 296.798004150391 296.693572998047 296.644897460938 296.559692382812 296.800323486328 297.340209960938 297.411560058594 296.812652587891 296.991851806641 297.134735107422 296.160797119141 296.161346435547 296.090576171875 295.808258056641 295.968109130859 296.118194580078 297.090789794922 297.161804199219 297.24951171875 297.136383056641 296.899780273438 297.615997314453 297.719512939453 298.181121826172 298.096740722656 298.514862060547 298.266967773438
