rcp4.5models/CNRM_CM5/sc1gr1.4
NCOLS 261 
NROWS 433 
XLLCORNER 336357.134 
YLLCORNER 654653.479 
CELLSIZE 1000 
NODATA_value -9999 
[rows 220 to 241 of 433, columns 200 to 249 of 261]
64.9345742960206 64.7622482882737 64.3415884154022 64.0485097170253 64.0306646506858 63.6930711508599 63.5352595911628 63.0564067776957 62.8890654464825 62.7592078901819 62.7059098754799 62.665097000651 62.3045591175442 61.9704856851304 61.582005292504 61.4365980812847 61.1546280209021 60.8965678273991 60.9433598626778 60.7754706224672 60.5172938309328 60.3626714937239 60.2747765240962 -9999 60.0210144805077 59.9801047556127 59.6987172140015 59.0538413594657 -9999 -9999 -9999 -9999 -9999 -9999 -9999 -9999 -9999 -9999 -9999 -9999 -9999 -9999 -9999 -9999 -9999 -9999 -9999 -9999 -9999 -9999
64.8249412752965 64.8236245441612 64.5244917297192 63.8284394587646 63.8987677843763 63.8325675960283 63.7211398939582 63.3658945627639 63.0522072874923 62.9232498312509 62.8425065525667 62.4671573635993 62.1349384858768 62.0863121814185 61.7529485900922 61.7388095048078 61.2448126392453 60.9543252688939 60.9829394516235 61.0297221599897 60.5490522954995 60.4060728224842 60.2509884559227 -9999 60.1189528005097 59.9583467826477 59.7352917530799 59.212999394995 -9999 -9999 -9999 -9999 -9999 -9999 -9999 -9999 -9999 -9999 -9999 -9999 -9999 -9999 -9999 -9999 -9999 -9999 -9999 -9999 -9999 -9999
64.8987953283442 64.8154908211467 64.8248558942626 63.8651486970689 63.8961137046451 63.9102969603838 63.8041833115381 63.5646198745331 63.1683738241983 63.0866682763335 62.9135706262718 62.6454900889355 62.3816938543491 62.3053660872355 62.0809704562594 61.7204418899066 61.3425594364877 61.2103107820627 61.1601335252925 60.9877496344983 -9999 -9999 -9999 -9999 60.0989192326202 60.0036897516401 59.8616594683412 59.4973153766393 58.9216436336286 -9999 -9999 -9999 -9999 -9999 -9999 -9999 -9999 -9999 -9999 -9999 -9999 -9999 -9999 -9999 -9999 -9999 -9999 -9999 -9999 -9999
65.1337701421979 64.9555892363131 65.0692474807083 64.0683778986423 64.2340298304176 64.0574738310827 63.8225884457029 63.6696898701193 63.241568019633 62.9678930452706 62.9139254348596 62.7610159954508 62.5486641565347 62.3608690898529 61.9447476409207 61.5244132016025 61.3791713939308 61.2867819120727 61.19878973739 60.8445278058978 -9999 -9999 -9999 -9999 60.1337232430406 60.0005057476716 59.7749508997704 59.4307998341336 59.0563143155246 59.0286706648418 59.1045753227881 -9999 -9999 -9999 -9999 -9999 -9999 -9999 -9999 -9999 -9999 -9999 -9999 -9999 -9999 -9999 -9999 -9999 -9999 -9999
65.155493137251 65.1904529301254 65.1356574852042 64.0582741479487 64.0222532488072 63.839347375977 63.7346965743243 63.8437784315241 63.5374632141775 63.0849364970142 62.9301869431934 62.7291778198095 62.543876351291 62.5147649491587 61.8295364789399 61.7226996761127 61.6777410893979 61.3228271386253 61.1597176950734 -9999 -9999 60.5684620410807 60.3946687594259 60.1978227849751 60.1732197203613 60.1954125715975 59.5616308297783 59.2806536356043 59.1829154337777 59.13743410574 59.0575581623175 58.7843906246631 58.6699212552991 -9999 -9999 -9999 -9999 -9999 -9999 -9999 -9999 -9999 -9999 -9999 -9999 -9999 -9999 -9999 -9999 -9999
65.0739973096033 -9999 -9999 64.218495496712 63.8854682145801 63.778953590683 63.7869404293114 63.6731763578749 63.4198062353355 63.3721235409522 63.0504586908594 62.7669049044482 62.5757511023613 62.5648653902361 62.1925101352262 61.8489698817385 61.8018362232205 61.4865179915935 61.3797887000415 61.25723802 60.9362844682084 60.7616201722973 60.4915875782349 60.2729194244461 60.1566546854128 60.1671051790225 59.8090947661806 59.3919660640064 59.1895050501391 59.014824702624 58.9930006597306 58.9536948506296 58.6629496105413 58.4708007877159 -9999 -9999 -9999 -9999 -9999 -9999 -9999 -9999 -9999 -9999 -9999 -9999 -9999 -9999 -9999 -9999
65.3995748150727 64.9035497185422 64.8071018862356 64.511231281209 64.1977466421432 64.1273694017041 63.789494134502 63.4678080736292 63.3819432016581 63.4215731309064 63.0601456334796 62.6337723233967 62.6334559206194 62.486625523514 62.1909381812678 61.7273117910284 61.715681538681 61.5731196338603 61.3729363227948 61.149529342175 61.1698319963584 61.060612748364 60.5956395874557 60.4180739396318 60.2517986520282 60.0854472025357 59.9502662908334 59.7076760475804 59.2603448519303 59.0245790229568 59.0766052055548 59.1395973233973 58.6897698804868 58.5381821914683 -9999 -9999 -9999 -9999 -9999 -9999 -9999 -9999 -9999 -9999 -9999 -9999 -9999 -9999 -9999 -9999
65.7732801621736 65.3956226262596 65.1195751103642 64.8580281324978 64.3319317076155 64.1870501904538 63.9016822001618 63.5463748697991 63.6457427195626 63.4337803407363 63.2180517226658 62.8857037679676 62.7735757713867 62.5351473412253 61.9842133747122 61.6983073514445 61.7723800391085 61.5259784429892 61.3297012222755 61.1697556347566 61.1483831748579 61.0291590361222 60.6552499865026 60.5177295372089 60.327945180751 60.1651339692728 59.8872333742649 59.7865648605837 59.5065357444794 59.1957676951716 59.1593400429321 59.1803175463169 58.908345261768 58.5901167500804 58.4479357811489 -9999 -9999 -9999 -9999 -9999 -9999 -9999 -9999 -9999 -9999 -9999 -9999 -9999 -9999 -9999
65.4294739456982 65.5195827849278 65.319863167299 64.8696047786679 64.4316315932102 64.0849919289582 63.8828674975793 63.6263660618942 63.7263765255378 63.4801285093233 63.3830358590029 63.0931102065787 62.7031814688232 62.643533308808 62.1080441441304 61.8711812757432 61.835221333166 61.58006232228 61.4442122965386 61.3746541951427 61.1153026938551 60.8133506730407 60.7043257156875 60.6941733181702 60.3502294823231 60.2113020602053 59.9234118615038 59.8125889970441 59.7944581534321 59.4628110008288 59.1945405271883 59.2697511713989 59.1703828300818 58.6173496697227 58.5011161125787 58.3920998211121 -9999 -9999 -9999 -9999 -9999 -9999 -9999 -9999 -9999 -9999 -9999 -9999 -9999 -9999
65.4950807936486 65.3415583254616 65.1689612158099 64.9762849839832 64.7874349029277 64.452810505907 63.775512742806 63.4713244230329 63.6272516499392 63.5683851601435 63.2439608015885 63.0578335703299 62.5598959643482 62.600708376711 62.3336417384776 62.1365464813364 61.8710460038632 61.6507927095223 61.4325713912618 61.1721047099154 61.1132920451315 60.7881629903676 60.6899403353683 60.6560332843482 60.3895445977053 60.1338430588409 59.748039228954 59.8250193258291 -9999 -9999 -9999 -9999 59.2801838144486 58.8371626205521 58.54331747275 58.4226327695383 58.2816293011465 57.7760810852051 -9999 -9999 -9999 -9999 -9999 -9999 -9999 -9999 -9999 -9999 -9999 -9999
65.8598544443118 65.5506278078962 65.1614778605572 64.9640240105715 65.1682871126279 64.9147077859279 64.2855726654644 63.8758540620848 63.8473865325709 63.6165401739701 63.2892879426547 63.0456617881526 62.7330656481596 62.4472515856612 62.2445659454682 62.2205616459396 61.9852544015107 61.686247595701 61.3046440785049 61.2512699397654 61.139191262403 60.892420301384 60.7248208361152 60.6797801330984 60.6215446034285 60.1563506480677 59.7588868746691 59.5415791946788 -9999 -9999 -9999 -9999 -9999 58.5973594111379 58.5565931651116 58.4646685555718 58.3347531257099 57.6066110981435 57.343090057373 -9999 -9999 -9999 -9999 -9999 -9999 -9999 -9999 -9999 -9999 -9999
66.241363648659 65.8055330426673 65.7293624489017 65.1505471368746 64.7966809242236 64.4512782722886 64.5870817303712 64.4398338924807 63.6957411631508 63.3719712591839 63.210071973927 63.2645910788877 62.6292002956154 62.4699133639598 62.4502871032513 62.3231133705492 62.1535294400049 61.9089899366961 61.5344388565656 61.303583348349 61.1393241235779 60.7908656005665 60.5030400751322 60.4412921013104 60.4547955570589 60.3968515285488 59.6403667822459 -9999 -9999 -9999 -9999 -9999 -9999 -9999 -9999 -9999 58.0868145897476 57.582966225992 57.3501491288896 57.0051405116227 -9999 -9999 -9999 -9999 -9999 -9999 -9999 -9999 -9999 -9999
66.1738361350835 65.8118001963547 65.7647962345897 65.0397087173369 64.7602028033461 64.5801554902426 64.5151831171839 64.1572898298713 63.5762069154316 63.4671721767005 63.3329894457443 62.8854033874291 62.5281405130026 62.514257251924 62.5049201360546 62.3869130878198 62.2412830446071 62.0247514124497 61.7776409355916 61.5862381479536 61.4388987598222 60.8298561418585 60.2575589327103 60.350653298586 60.5236711449847 60.5098688162769 59.690771192408 59.5175762506967 -9999 -9999 -9999 -9999 -9999 -9999 -9999 -9999 -9999 57.8322523582956 57.5108649342383 56.9614815574742 56.8315589365237 57.0015932907306 -9999 -9999 -9999 -9999 -9999 -9999 -9999 -9999
65.9824349613415 65.8940266596145 65.4211979488992 65.1289806103205 64.8314563266613 64.6134068890726 64.3771234118704 -9999 63.9580201218157 63.6060545529053 63.6298172272915 63.1773664383296 62.9727551138006 62.5949481795272 62.259226684005 62.3452061634692 62.3041403291075 62.1117834515795 61.9306226253198 61.7918624386684 61.615675953419 61.2435897450322 60.5311880103841 60.3183813953587 60.5499310051944 60.2576141482141 59.6956224879935 -9999 -9999 -9999 -9999 -9999 58.8982540210792 -9999 -9999 -9999 -9999 58.0236991701854 -9999 57.3947163203996 56.7908871650153 -9999 -9999 -9999 -9999 -9999 -9999 -9999 -9999 -9999
65.8719958239295 65.8086349597575 65.5490566546051 65.2843695201724 64.8785951970966 64.4069746100677 64.4205753768075 64.5535015096119 64.1808068852505 63.6238894906055 63.625363787064 63.6043135378489 63.2999446846572 62.7897492244989 62.0311564329765 62.0518075681574 62.0090709937392 62.0264862116817 61.8060971490212 61.5455787951834 61.4894011656191 61.3925255287573 60.7856895136052 60.5768645327806 60.6729380114136 60.419797916742 59.8971273564053 59.5685783209258 59.2468479027424 59.4761167874362 -9999 59.2649101488106 59.2970967797423 59.1330719935079 58.7483416625966 -9999 -9999 58.0673267679798 57.6964618112349 -9999 56.8610828214101 -9999 56.9552656611561 -9999 -9999 -9999 -9999 -9999 -9999 -9999
65.9141538098597 65.8863632304956 65.7941035737714 65.3159548987917 64.8141387795568 64.3708378143426 64.5209863380743 64.6019772719537 64.3055253380904 63.6268481904915 63.3089962350965 63.327015349347 63.090635215158 63.2159165889611 62.4361181859068 62.287970535405 61.8251987863255 -9999 61.62441333475 61.1862299343337 61.2637193340025 61.4373260250041 60.9066222599292 60.6564683174108 60.5644090366138 60.7380527332386 60.1446045187639 59.9821825349445 59.1971594879103 59.1062833924956 58.9077295712319 59.0685778252591 59.1914523181359 59.0723493173294 -9999 -9999 -9999 58.2462452352766 57.8995505018034 57.4467296446264 57.1347787188696 -9999 57.0912306779879 56.8952524865101 -9999 -9999 -9999 -9999 -9999 -9999
66.1966217011121 65.7621252145356 65.6346568234924 65.1634218299762 64.9449191205718 64.973706006195 64.4896432915532 64.2021213379483 64.2993328997162 64.0458076264398 63.6230504887992 63.3571097994792 63.2868242632758 63.4081020986398 63.0022241691429 62.8727339962959 62.4175378958768 62.1104230235516 61.6440992951772 61.5205152948371 -9999 61.0556027882743 60.8654252790003 60.7034781256328 60.3903557839157 60.6883070433874 60.3346235373413 59.9129253740808 59.3631750586353 59.0300825107857 58.9331064551749 58.9270771171017 59.0001171498671 58.9507821507221 -9999 58.6831936622467 -9999 -9999 58.110349648706 -9999 -9999 -9999 57.2961027117031 56.8495583080525 -9999 -9999 -9999 -9999 -9999 -9999
65.9142370140294 65.7169835952554 65.7046608608291 65.2247901589341 65.0532030927651 65.0834231640053 64.4112325558558 -9999 64.4957873207615 64.2237992806049 63.7873717617632 63.5983040792228 63.3410473510213 63.4975228652539 63.2058786183401 62.9895324669638 62.7007702016162 62.2355763874843 61.9138879343549 -9999 60.9431745822295 60.8179584473715 60.8314245365502 60.7221790240655 60.4282316671493 60.4712756034076 60.1733930243037 60.0691356554941 59.9018599771793 59.2977295678286 58.9768300913267 58.9647419356099 59.0517950503495 58.9619141101159 58.8288334296454 58.7088518660898 58.6550459707756 -9999 -9999 -9999 -9999 -9999 -9999 57.3019028891069 57.3086662623893 -9999 -9999 -9999 -9999 -9999
65.582960924499 65.9600643312851 65.8829289942495 65.027582306672 65.0832226406523 64.8787232289222 64.3912416674838 64.0609651058323 64.1094813631119 64.1775685612963 63.9943283827424 63.7329570913002 62.982803939862 63.1701230126329 63.1647362568761 62.8536757108618 62.4420111618423 62.1734016258019 62.0505542745346 61.7958603918864 61.3327393125917 61.1127584600651 61.0593059880015 60.8316360951098 60.7918342576334 60.2963411908265 59.8851756795202 60.1073598678218 60.3535583926709 59.8660754141587 59.3931193039298 59.2815308722957 59.2935308649391 59.2506215662275 58.8938866760439 58.7669793228817 58.7064286911838 -9999 -9999 -9999 -9999 -9999 -9999 57.6527664950132 57.4280987219292 57.445627217131 -9999 -9999 -9999 -9999
66.0200452078151 65.9757819584364 65.6743515082572 65.2084072891515 65.2043308430444 64.9683915887765 64.8350637306101 64.1831255825233 63.7704326041237 64.011521444544 64.2147918822011 63.9816404677514 63.1856080107838 62.7932214062628 62.7772940069227 62.5934530006844 62.1221889794245 62.0768064350473 62.0353037989824 62.1412343271219 61.7735580667889 61.5397645015931 61.2059206327431 61.1317361665021 61.1494358157723 60.4532318548849 60.0722292035747 59.9228509911553 60.222245430389 60.004860538221 59.6436996503718 59.3630114429774 59.4688869403446 59.4052552947627 59.0412675595333 58.875903769388 58.7433682559752 -9999 58.6279774773781 58.4135994283363 -9999 -9999 -9999 -9999 57.6663173448862 57.6137694078177 -9999 -9999 -9999 -9999
65.8796877448412 65.6441636050063 65.5591559214063 65.4368394897843 65.1078692441318 65.0365422581089 64.9684195338483 64.5804648271063 64.1009769014112 63.8407008659317 64.0361909307185 63.7532870397457 63.313330304549 62.9995407252983 62.5612053591795 62.5635745557008 -9999 62.0714866522096 62.0944316119953 62.1455725611382 61.9529220559702 61.7650470348209 61.3451821381628 61.2320882904752 61.1016979609718 60.7653157547445 60.1290807509361 59.9441619412815 60.0913438827315 59.9716019681331 59.8255299567941 59.4876631198716 59.3387595945372 59.2477916763957 59.2525480755544 59.2198823761469 58.9059252742092 58.5813295662379 58.5365686223247 58.3830010207271 -9999 -9999 -9999 -9999 57.9976814738539 57.7885130523444 57.7046313039625 -9999 -9999 -9999
65.7598367238407 65.6308962403886 65.6319803980892 65.2652309383584 64.9553301427787 64.9664278483071 64.8629682949755 64.4767480722915 64.2110018761388 64.0487516896683 63.8799533195583 63.6600310818047 63.6257493928065 -9999 62.3852044948323 62.4943839605148 -9999 62.2310082558729 62.3809627558556 62.1704678437703 61.9495983421313 61.9907300849448 61.5938116069843 61.2938698800839 60.9092129454686 60.813585440495 60.3436181469099 60.1711913953689 60.260863048514 60.0636279582567 60.0151511434682 59.7800615161701 59.4548313900499 59.2735053695571 59.1546865958488 59.110972540367 58.9157553384164 58.6564344371536 58.5441587256376 -9999 -9999 -9999 -9999 58.3227618360597 58.3012712756249 58.0632190569287 57.8406555221492 -9999 -9999 -9999
