rcp4.5models/CNRM_CM5/sc1gr10.23
NCOLS 261 
NROWS 433 
XLLCORNER 336357.134 
YLLCORNER 654653.479 
CELLSIZE 1000 
NODATA_value -3.4e+38 
[rows 176 to 197 of 433, columns 49 to 97 of 261]
350.119689941406 350.332214355469 350.630401611328 350.80029296875 351.764312744141 352.246398925781 352.718658447266 353.265197753906 353.611541748047 354.264556884766 354.4619140625 355.560943603516 356.409271240234 357.037872314453 357.289001464844 358.269226074219 358.822814941406 359.090881347656 361.344299316406 362.183135986328 363.317474365234 364.141387939453 365.811767578125 366.701812744141 367.602081298828 368.7978515625 370.680389404297 372.807708740234 375.794860839844 382.280242919922 385.989562988281 389.712829589844 393.697998046875 396.325927734375 399.7001953125 403.86376953125 407.19189453125 410.397705078125 414.767639160156 418.139129638672 421.509185791016 428.740631103516 431.914978027344 435.230285644531 439.082885742188 443.351684570312 447.379302978516 449.843139648438 452.224212646484
349.210205078125 349.454742431641 349.319274902344 349.717681884766 350.884979248047 351.331726074219 351.317321777344 352.078674316406 352.595153808594 352.714019775391 353.598999023438 354.365081787109 354.622314453125 355.219116210938 355.778228759766 357.058685302734 357.329681396484 357.783966064453 360.188415527344 360.604797363281 361.94189453125 363.025756835938 364.487182617188 364.999145507812 366.566772460938 368.154998779297 370.0595703125 372.008697509766 374.632995605469 381.395599365234 384.877075195312 388.123107910156 391.414520263672 394.375427246094 397.519683837891 401.454742431641 405.006866455078 408.286285400391 412.213470458984 416.384765625 420.042053222656 427.066650390625 430.190490722656 433.297393798828 436.553741455078 440.922241210938 444.8984375 448.273834228516 450.977691650391
348.475738525391 349.214416503906 348.384826660156 348.917175292969 349.954833984375 349.912384033203 350.163238525391 351.100708007812 351.1328125 351.616638183594 352.885894775391 352.928863525391 353.325073242188 354.039428710938 355.194946289062 355.555725097656 356.023376464844 356.816650390625 358.701690673828 359.843505859375 360.948760986328 362.326141357422 363.289916992188 363.595672607422 365.40234375 367.270721435547 369.116546630859 371.177825927734 374.007446289062 379.990386962891 383.062835693359 385.549499511719 389.1455078125 392.464660644531 395.069061279297 398.9248046875 402.531158447266 406.516326904297 410.039733886719 414.633911132812 418.051086425781 424.83251953125 428.736907958984 432.1259765625 434.681243896484 438.193511962891 442.257446289062 446.164947509766 449.507232666016
347.720336914062 348.681701660156 348.280609130859 348.691528320312 349.144378662109 348.878875732422 349.303863525391 350.242004394531 350.158172607422 351.204681396484 351.837036132812 351.718719482422 352.495910644531 353.383575439453 353.382751464844 354.272308349609 355.00537109375 355.717041015625 357.448394775391 358.921844482422 359.841613769531 361.316619873047 361.747375488281 362.961486816406 364.666839599609 366.007263183594 367.997894287109 370.392639160156 373.016326904297 379.036529541016 381.217590332031 383.579925537109 387.228210449219 390.426940917969 393.291351318359 396.916076660156 400.265960693359 404.448333740234 408.130554199219 411.863372802734 415.342620849609 421.953704833984 426.172729492188 430.717559814453 433.303619384766 437.545776367188 440.343292236328 443.460205078125 447.327423095703
347.397338867188 347.441467285156 347.643585205078 347.896179199219 347.791198730469 348.106719970703 348.625 349.439453125 349.734283447266 350.352020263672 350.459686279297 350.761383056641 351.544982910156 352.712005615234 352.420349121094 353.244476318359 354.048248291016 355.156280517578 356.270141601562 357.689727783203 358.588195800781 359.580169677734 360.290771484375 362.080993652344 363.782318115234 365.356262207031 367.35498046875 369.969573974609 372.177337646484 377.882934570312 379.858734130859 382.492645263672 385.300384521484 388.615936279297 -3.4e+38 395.161437988281 399.285675048828 403.085296630859 406.298706054688 409.270843505859 412.121795654297 419.498687744141 423.591888427734 427.799438476562 431.068908691406 435.879608154297 438.923309326172 441.6337890625 445.098693847656
346.699096679688 346.488464355469 346.822845458984 347.019897460938 346.735137939453 347.167602539062 347.759185791016 348.623596191406 349.058715820312 349.503601074219 349.954132080078 350.358428955078 350.591705322266 351.823486328125 351.572387695312 352.157012939453 352.93896484375 353.846984863281 355.644348144531 356.707977294922 357.922698974609 358.310363769531 359.72021484375 361.412780761719 362.615234375 364.383819580078 366.405853271484 368.946075439453 370.96142578125 376.111450195312 378.984039306641 381.288970947266 383.916717529297 386.724060058594 390.159576416016 393.763122558594 397.509338378906 401.064056396484 403.610321044922 406.995971679688 409.890533447266 417.613494873047 421.120635986328 424.838256835938 428.782257080078 433.314483642578 436.828430175781 440.588165283203 443.211151123047
345.985015869141 346.235015869141 346.687866210938 346.872589111328 346.446105957031 346.426025390625 347.264678955078 347.793151855469 348.365295410156 349.292541503906 349.233428955078 349.694580078125 350.262786865234 351.240081787109 350.674530029297 351.470672607422 351.292083740234 352.408569335938 354.729736328125 355.570892333984 356.626190185547 357.628112792969 358.891876220703 360.500793457031 361.91162109375 363.698059082031 365.534637451172 367.614410400391 369.439331054688 374.436340332031 377.362243652344 379.960662841797 382.666564941406 384.977111816406 388.606201171875 391.995758056641 395.808441162109 398.517272949219 401.161224365234 404.589874267578 408.250396728516 415.304260253906 418.946472167969 422.725708007812 426.923461914062 431.356658935547 434.801818847656 439.352264404297 442.484680175781
345.885192871094 346.114959716797 346.025787353516 -3.4e+38 345.866577148438 346.179351806641 346.609924316406 346.827239990234 347.550567626953 348.572479248047 348.292083740234 348.758117675781 349.497863769531 350.594421386719 350.259094238281 350.781402587891 350.477813720703 351.286102294922 353.467193603516 353.833953857422 355.171203613281 356.668609619141 357.592895507812 359.216888427734 360.965209960938 362.694000244141 364.480346679688 366.247467041016 -3.4e+38 372.778167724609 375.142700195312 378.347808837891 380.695678710938 383.382141113281 386.995574951172 390.011444091797 393.319366455078 396.15380859375 399.769348144531 403.682922363281 406.93212890625 413.763610839844 417.147094726562 421.024322509766 424.896423339844 428.635101318359 432.825744628906 436.884704589844 440.31640625
345.2666015625 345.059051513672 345.176666259766 345.341857910156 345.062530517578 345.586883544922 345.782409667969 346.009979248047 347.03759765625 347.864288330078 348.323181152344 347.825805664062 348.506317138672 349.6669921875 349.402404785156 349.818908691406 349.587707519531 350.367706298828 352.327850341797 352.908355712891 353.971343994141 355.532135009766 356.827423095703 357.955474853516 359.643920898438 361.390350341797 363.117980957031 365.029937744141 367.33740234375 371.322418212891 373.925811767578 376.927825927734 379.297729492188 381.7412109375 384.935241699219 388.283630371094 -3.4e+38 394.734008789062 398.281921386719 402.636505126953 405.563751220703 412.310943603516 415.433624267578 419.248748779297 422.765289306641 425.613708496094 430.069915771484 433.486999511719 437.563751220703
344.313323974609 343.538513183594 343.551300048828 344.222595214844 344.002258300781 344.378936767578 344.879943847656 344.816772460938 345.168518066406 346.446807861328 346.979888916016 346.814727783203 347.269256591797 348.120697021484 347.909729003906 348.067199707031 347.626159667969 348.890716552734 351.056060791016 351.961181640625 352.961761474609 353.648101806641 354.700592041016 356.178558349609 357.575897216797 359.349853515625 361.3056640625 363.093902587891 364.976104736328 369.734069824219 372.880798339844 374.918579101562 377.707336425781 380.457763671875 382.586395263672 386.157348632812 389.640838623047 393.208312988281 396.060577392578 399.182708740234 402.590301513672 409.487579345703 411.606475830078 414.663055419922 417.576843261719 420.496520996094 424.06396484375 427.928527832031 432.259979248047
343.472778320312 342.760192871094 342.487274169922 342.632354736328 343.287109375 343.630462646484 344.071228027344 343.914947509766 344.462463378906 345.617218017578 346.193664550781 346.766967773438 346.773223876953 347.385101318359 347.041625976562 347.243316650391 346.908843994141 347.868957519531 -3.4e+38 350.659118652344 351.524719238281 352.731872558594 354.091979980469 355.633575439453 357.164703369141 358.456604003906 360.524017333984 362.157043457031 363.539978027344 368.113830566406 -3.4e+38 373.379272460938 376.184509277344 378.88037109375 380.947662353516 384.394805908203 387.759857177734 391.319183349609 394.046051025391 -3.4e+38 400.796966552734 406.622314453125 409.093139648438 412.068969726562 415.301086425781 418.366333007812 421.889923095703 425.359161376953 429.928955078125
341.477935791016 341.388793945312 341.076416015625 341.745330810547 342.373565673828 342.570281982422 342.481689453125 343.140197753906 344.012268066406 344.475433349609 344.783325195312 346.365814208984 346.453491210938 346.238647460938 345.937164306641 346.181427001953 346.114868164062 347.162658691406 349.244476318359 350.280334472656 350.932739257812 351.647644042969 353.666198730469 355.156372070312 356.205596923828 357.591033935547 359.520233154297 361.075378417969 362.514678955078 -3.4e+38 -3.4e+38 -3.4e+38 -3.4e+38 377.037536621094 379.258148193359 382.713226318359 385.625762939453 388.781951904297 392.032318115234 394.783233642578 397.961639404297 404.130004882812 407.082641601562 410.339202880859 413.2177734375 416.075500488281 420.128234863281 423.674224853516 427.492431640625
339.988464355469 340.084014892578 339.788482666016 340.540222167969 341.365509033203 341.513244628906 341.273376464844 342.136901855469 343.067443847656 343.259735107422 344.467681884766 345.310119628906 345.187835693359 345.153076171875 344.859619140625 344.999786376953 345.08154296875 346.349792480469 348.471588134766 349.812408447266 350.80859375 351.373443603516 352.659454345703 354.152130126953 355.506225585938 356.931915283203 358.321868896484 360.308319091797 362.049438476562 -3.4e+38 -3.4e+38 -3.4e+38 -3.4e+38 375.552825927734 378.115295410156 381.149200439453 383.860137939453 386.693481445312 389.682220458984 392.361022949219 395.042175292969 401.398681640625 405.024047851562 407.713836669922 411.011901855469 414.483306884766 418.711456298828 421.870269775391 425.048980712891
339.095703125 339.180511474609 338.933319091797 339.826934814453 -3.4e+38 340.544982910156 340.227752685547 341.619842529297 341.9775390625 341.971221923828 343.581268310547 344.565948486328 343.667022705078 343.659301757812 344.263854980469 344.422424316406 344.461822509766 345.756927490234 347.197387695312 348.682434082031 350.053924560547 351.327941894531 352.393463134766 353.285095214844 354.553039550781 356.390106201172 357.525421142578 359.828948974609 -3.4e+38 -3.4e+38 367.170043945312 369.545989990234 -3.4e+38 -3.4e+38 376.839294433594 379.85888671875 382.075256347656 384.850830078125 387.376556396484 389.916290283203 393.084899902344 398.902099609375 402.504028320312 405.102569580078 408.514678955078 412.615234375 416.001922607422 419.412292480469 422.962097167969
337.984954833984 338.008666992188 339.1806640625 339.539337158203 339.399658203125 339.639709472656 339.696868896484 340.783782958984 341.254425048828 341.884765625 342.747314453125 343.700286865234 342.751892089844 343.279937744141 343.427337646484 343.731292724609 344.020324707031 344.854858398438 346.548309326172 347.935668945312 348.872039794922 350.356048583984 351.804718017578 352.919006347656 353.994079589844 354.934112548828 356.572052001953 359.342193603516 360.978485107422 364.159088134766 366.714660644531 368.558624267578 370.574951171875 372.804168701172 375.1240234375 377.940246582031 380.397613525391 383.149719238281 385.840301513672 388.865142822266 391.830596923828 397.785675048828 400.388244628906 403.257934570312 406.745025634766 410.423034667969 413.412200927734 416.939300537109 420.518005371094
337.759155273438 337.801361083984 338.079193115234 338.389465332031 338.571868896484 339.315124511719 339.469848632812 339.742584228516 340.287292480469 341.499114990234 342.359558105469 342.795654296875 342.257904052734 342.536865234375 342.334350585938 342.814544677734 343.655822753906 344.274169921875 346.081115722656 346.947387695312 347.955078125 349.004638671875 350.621948242188 352.448822021484 353.305908203125 354.366790771484 356.106597900391 358.170227050781 360.015625 363.848968505859 365.968780517578 367.343597412109 369.676788330078 372.133605957031 374.294586181641 376.175720214844 379.483489990234 382.619689941406 385.324127197266 388.192077636719 390.380706787109 397.162628173828 399.154449462891 401.871154785156 405.0810546875 408.807464599609 412.496276855469 415.430725097656 418.565582275391
336.968963623047 336.810485839844 336.863922119141 337.182006835938 337.725463867188 338.5302734375 338.281890869141 338.612182617188 339.102600097656 340.442718505859 341.523254394531 341.664306640625 341.422668457031 342.07861328125 342.135559082031 342.345672607422 343.375671386719 343.821563720703 345.771942138672 346.578491210938 347.016448974609 348.291778564453 349.783599853516 351.507751464844 352.669036865234 354.11181640625 355.650207519531 357.239593505859 358.894470214844 363.681579589844 365.252868652344 366.273406982422 368.784698486328 372.07763671875 373.909851074219 375.451599121094 378.142028808594 381.544342041016 384.219085693359 386.650634765625 388.642395019531 395.269317626953 397.622253417969 400.451812744141 403.592590332031 406.834564208984 410.349822998047 413.874725341797 416.944030761719
336.08056640625 336.064666748047 335.952667236328 336.191864013672 336.527069091797 337.075469970703 337.556610107422 337.694671630859 338.500427246094 339.334808349609 340.351257324219 340.526794433594 340.214996337891 340.7294921875 341.004638671875 341.517547607422 343.069641113281 343.437255859375 345.350708007812 346.051391601562 346.946258544922 348.172729492188 348.678283691406 350.404174804688 352.619689941406 353.471740722656 354.779724121094 356.966644287109 357.602264404297 362.788696289062 364.757537841797 366.061859130859 368.106597900391 371.049377441406 372.728759765625 374.313415527344 376.239898681641 379.261993408203 382.847961425781 386.307037353516 387.212982177734 393.164428710938 396.578491210938 400.075805664062 402.523529052734 405.199432373047 408.225860595703 411.838409423828 414.905059814453
335.228424072266 335.275207519531 334.896636962891 335.111480712891 335.491821289062 336.233978271484 336.206970214844 336.648803710938 337.669250488281 337.874359130859 338.201049804688 339.300720214844 338.904205322266 339.174285888672 339.521484375 340.205627441406 341.640014648438 342.534942626953 344.920654296875 345.943115234375 348.25146484375 348.0322265625 348.319122314453 349.545440673828 351.815795898438 352.997589111328 354.359100341797 356.141967773438 356.688018798828 361.299072265625 363.775665283203 365.706604003906 367.367431640625 369.489288330078 371.384704589844 372.529357910156 374.366119384766 377.377258300781 381.458679199219 384.558776855469 385.929626464844 391.796295166016 394.98095703125 398.206787109375 400.994140625 403.887542724609 407.506256103516 410.242279052734 412.688171386719
-3.4e+38 333.7841796875 334.04541015625 334.722869873047 334.996734619141 335.267272949219 334.816986083984 335.55126953125 336.508148193359 336.888061523438 337.356109619141 337.560760498047 337.745056152344 338.418823242188 338.274719238281 338.804321289062 340.02685546875 341.308868408203 343.271087646484 345.670074462891 349.789306640625 347.084289550781 347.97265625 348.810729980469 350.401885986328 351.859100341797 353.539703369141 355.459991455078 356.501922607422 360.303527832031 364.137420654297 369.030242919922 366.749908447266 370.100189208984 370.053161621094 371.373687744141 373.139709472656 375.587677001953 379.099914550781 -3.4e+38 384.439422607422 390.926788330078 393.87353515625 396.287231445312 399.792877197266 403.250122070312 407.000640869141 408.989776611328 412.254638671875
-3.4e+38 331.844177246094 332.4189453125 332.536743164062 332.452239990234 332.447662353516 332.638061523438 333.318359375 334.047088623047 333.816772460938 333.979522705078 334.842926025391 335.016876220703 335.053771972656 335.451141357422 336.132446289062 337.349884033203 338.407165527344 340.172973632812 341.533416748047 342.777862548828 343.668243408203 345.154327392578 346.06298828125 346.640289306641 348.532379150391 350.398681640625 352.600646972656 354.984191894531 357.818603515625 360.394409179688 363.579376220703 365.003784179688 366.378570556641 367.868988037109 369.376983642578 370.989654541016 373.143188476562 376.015533447266 -3.4e+38 380.469024658203 387.22509765625 391.132568359375 393.458282470703 -3.4e+38 399.322082519531 402.328552246094 405.719604492188 409.566802978516
331.86279296875 331.586730957031 331.574768066406 331.717498779297 331.648803710938 331.373413085938 331.528656005859 332.080932617188 332.811492919922 332.363037109375 332.573394775391 332.955627441406 333.114166259766 333.413482666016 334.32958984375 334.782318115234 336.012725830078 336.979034423828 338.804931640625 340.165435791016 341.347381591797 342.442687988281 343.689910888672 344.025665283203 345.801605224609 347.631286621094 348.856842041016 351.158721923828 353.141235351562 357.192596435547 359.606018066406 361.767547607422 363.638641357422 364.696594238281 365.891723632812 368.069488525391 370.24755859375 371.631744384766 374.525787353516 377.778350830078 379.996185302734 385.307556152344 388.863800048828 391.432434082031 394.441986083984 398.450439453125 401.787963867188 404.507568359375 408.306396484375
