rcp4.5models/CNRM_CM5/sc1gr7.7
NCOLS 261 
NROWS 433 
XLLCORNER 336357.134 
YLLCORNER 654653.479 
CELLSIZE 1000 
NODATA_value -9999 
[rows 88 to 109 of 433, columns 50 to 99 of 261]
-9999 -9999 -9999 -9999 -9999 -9999 -9999 -9999 -9999 110.646751403809 -9999 110.570251733865 110.136312006216 110.016025379096 109.886945110625 109.762467131092 109.406184303547 108.972815031947 108.450657315417 108.305293676229 108.058051030709 107.9328496514 107.781323283172 107.403521035519 107.117366466982 106.888841326339 106.736997070176 106.508439621162 106.115611903244 105.933222925877 105.815061003523 -9999 105.177821465184 105.015435633338 104.787430936145 104.616624318713 104.422381526907 104.187704991622 103.908295400016 103.745948333404 103.153730824884 102.960986551955 102.7463762128 102.465466605152 102.472540354315 102.317082905299 102.146643013882 102.04502040059 101.877458783374 101.689110258561
-9999 -9999 -9999 -9999 -9999 -9999 -9999 -9999 -9999 110.554671651079 110.396324328946 110.23364506323 109.914457406707 109.854583338671 109.630698083889 109.338357767872 109.04196470324 108.449031794282 108.084377627161 107.842696099261 107.719971893562 107.551486145766 107.333637033472 106.929318022743 106.782819233558 106.502071331015 106.351759446026 105.994686371026 105.57118660905 105.284875423085 105.213627260387 104.774227244635 104.599658261993 104.457872303838 104.318360750659 104.179238652738 103.852788073594 103.6949424374 103.373314670445 103.249237285548 102.668393449107 102.468746354157 102.276296693298 101.966216225061 101.92220789934 101.73910789266 101.593398886958 101.408080141842 101.232384546671 101.079746244947
-9999 -9999 -9999 -9999 -9999 -9999 -9999 -9999 -9999 110.295490420674 110.173371386918 109.912426532369 109.74940258174 109.570916249936 109.321761954329 108.833406094465 108.598258148707 108.051590064929 107.807733295827 107.584305219775 107.47425121857 107.171656311568 106.858391879 106.462055336076 106.374293732254 106.120659910389 105.916189022201 105.617758532796 105.12496462294 104.816524588602 104.628312181891 104.286236708174 104.150107060882 104.071323755269 103.895459187489 103.617557977753 103.450842250195 103.254142397343 102.941894064664 102.828680481726 102.335906043409 102.096059918558 101.940734540947 101.674455793449 101.573892749606 101.235506101634 101.137486117087 100.855064506378 100.627633748825 100.479724747894
-9999 -9999 -9999 -9999 -9999 -9999 -9999 -9999 110.075143073885 109.835866196289 109.688551357419 109.163455279369 108.974456732535 108.785876392205 108.387531167399 108.232203495789 107.994585358171 107.498830268092 107.017209257232 106.807332414527 106.568114903484 106.313000985052 106.055725262542 105.878994729817 105.699263949978 105.414916676595 105.238157467031 104.835847082653 104.235744095597 104.011914939462 103.691648334556 103.410507292042 103.09620845038 103.042904075598 102.714435215297 102.582026922331 102.462683925043 102.308202975125 102.188995499884 101.895908936878 101.465126889084 101.286705546811 101.115770046374 100.903676475396 100.464719834387 100.155064765122 100.010198748892 99.7028379757677 99.5380367799082 99.5469537681605
-9999 -9999 -9999 -9999 -9999 -9999 -9999 110.030373199368 109.805372006262 109.405397814685 109.130970030315 108.872051931088 108.694018063673 108.449130797358 108.14489574851 108.001137732311 107.674768260507 107.080089402082 106.674970181166 106.405161789107 106.291264328646 105.962413999451 105.741636046823 105.532400635744 105.32439397247 104.98200077782 104.636409339619 104.328955532954 103.860986473545 103.628359252796 103.147612846872 102.905507490393 102.693070423482 102.536150892591 102.118889789666 102.150230319608 102.041652121476 101.904985599584 101.736951637537 101.445837865939 101.01744320105 100.78922134948 100.537615095894 100.372750435338 100.035913270417 99.791016431129 99.5046403342047 99.2831413465439 99.200785047686 98.9747844680291
-9999 -9999 -9999 -9999 110.588391324007 110.32352940327 109.882705353907 -9999 109.369634071523 109.02061862219 108.784956822312 108.593998883504 108.513479078252 108.106151757295 107.843114159205 107.507097900527 -9999 -9999 106.458527424935 106.218261798414 105.998430892117 105.670829897086 105.281550126088 -9999 104.818413228992 104.561437134818 104.180448198188 104.012389317453 103.518006188475 103.199068115094 102.923691541648 102.68382088837 102.24145213383 102.07230313893 101.667357873425 101.631413032245 101.566631774823 101.234397220174 101.255858251676 101.050955177784 100.63308521082 100.41704356686 100.062158303503 99.8784339633288 99.4965233921154 99.1753629304183 98.9903864944282 98.8886405254415 98.7308085638295 98.3975989484721
-9999 -9999 -9999 110.600722617021 -9999 110.031552407157 109.492131864618 109.227244611139 109.057937872461 108.750555598216 108.555012138793 108.385295144622 108.180494601422 107.704332592802 107.381199180724 107.151572289164 106.826298566882 106.470901431421 106.171175831505 105.902711259464 105.637082005571 105.270508406215 104.994668698496 -9999 -9999 104.236904560593 103.839540115818 103.726735787823 102.951430156085 102.672427975094 102.533299520198 102.190243610361 101.850145801237 101.574047991895 101.328558234147 101.177298988441 100.994009755883 100.554515965855 100.684830535962 100.494944660278 100.130173879249 99.8955818394846 99.5122781712039 99.3671813788703 99.0661086328016 98.7214474296967 98.6440185683101 98.4605653959703 98.1177830190123 97.8494712186901
-9999 -9999 -9999 110.329153739324 110.009066155825 109.753581344438 109.183008752446 109.046062243039 108.826039116922 108.543953464823 108.103391600899 107.976571649566 107.75225438382 107.308351867405 107.052447181212 106.874695303891 106.530546079433 106.050723418552 105.707541855129 105.396569077988 105.231017953545 104.855138539317 104.599824884322 104.38307593714 104.071434521092 -9999 103.565635679545 103.28572676036 102.567725725967 102.325126075536 102.034404746278 101.727105125876 101.539253785567 101.022340533395 100.758787253661 100.585687055194 100.284215616968 100.250325693918 100.159618001391 100.038537519477 99.6036069892703 99.3763034403465 99.1129231580564 98.9459678212524 98.5929763431606 98.3916279004663 98.2186211848984 98.0364679417975 97.6645933796216 97.3227581741544
110.562698364258 110.378617907683 110.30494330193 109.981648958449 109.57911881527 109.500805745523 108.947757264511 108.77137693847 108.365048215711 108.154505135261 107.779569589562 107.548396913142 107.397931444683 107.028413875877 106.752981716497 106.418275515657 106.137969359214 105.589062139934 105.266976443224 105.057095170774 104.797886518019 104.366804831019 104.130496026424 103.755853169849 103.568410075487 103.306332312103 103.160282969752 102.900552658507 102.337515094478 101.821559053063 101.538992747542 101.311310826054 101.07854714067 100.64546810368 100.286683939147 100.117084964323 99.8464426775359 99.736795239987 99.6309215586228 99.4017946698948 99.1267458999608 98.8462025273882 98.6387894983429 98.326734647042 98.0763212613907 97.9914521304085 97.8426561222741 97.4704058163358 97.1702205996791 96.8731030626757
110.353098725381 110.120425032942 110.037401774564 109.774193489321 109.354607979236 109.201753735723 108.620041262612 108.361377138791 108.01223894491 107.839988685214 107.554000992333 107.276105080024 106.933785688989 106.739179428006 106.334258815217 106.025633470862 105.778605921171 105.220879920014 104.822775151504 104.661571508249 104.31216553938 104.029309544288 103.65471297589 103.359992002545 103.125159801413 102.893994798068 102.779642533155 102.55842454679 101.878494074716 101.436316507792 101.109198342171 100.927661293199 100.609742605051 100.280802714451 99.9389015127641 99.7379308482495 99.4938896632606 99.2352118105028 99.0907085530536 98.9382508104182 98.6276864590255 98.4117837225984 98.1556035372548 97.8798400877394 97.6701814906746 97.5084509892168 97.3876821576487 97.0087042294674 96.6631929143236 96.5308538966425
110.162314004269 109.962529472066 109.756425060587 109.451792528298 109.111455943137 108.738386755979 108.2875798518 108.125527476623 107.818894702916 107.574381262524 107.345145186261 106.839821950152 106.552229969352 106.373360778705 105.973888253233 105.79779648616 105.525870093635 104.801793742456 104.401122188524 104.238890181551 103.930432832197 103.702205893852 103.347786793594 103.095092420696 102.736520021436 102.501473945265 102.260900701287 102.134884722129 101.444744306799 101.182008365491 100.760114879651 100.646737461631 100.270517130673 99.9380296690484 99.6689662535967 99.4653579439258 99.0362320413653 98.784099187447 98.6187543872601 98.5160889923343 98.130941084317 97.8929124319982 97.6937785962008 97.4700520141344 97.3269167931901 97.0345787989242 96.8574274318016 96.4420906977506 96.2488590802568 95.9734068837105
109.898090121701 109.617714249072 109.442317552111 109.060948283782 108.852023808421 108.543928563808 108.017936858102 107.853453197274 107.542670008079 107.227865308706 106.922758551468 106.587982762711 106.252353536262 106.032567167798 105.818518828559 105.375695914 105.138080195327 104.439065596041 104.108535317615 103.942204323819 103.417367983919 103.229954715276 102.993563103399 102.615136667993 102.388222273366 102.027341409089 101.88276311134 101.644973301261 101.081716528149 100.853527100053 100.447043941981 100.256003387036 99.8764699099138 99.5729012737276 99.2494596033353 99.0710026101849 98.5951865406322 98.3895585849287 98.1610704001211 97.9721392356797 97.5432424486105 97.346971518569 97.0871846133722 96.9161872531919 96.7151381399294 96.5310968001629 96.3137872879651 95.910965918574 95.7011007829149 95.3764738114353
109.636005420078 109.382606116721 109.04402567349 108.841550370717 108.6565381684 108.338077357164 107.697006481852 107.429935386409 107.162679258319 107.020911931332 106.718385757885 106.263869666164 105.778828205557 105.567890634147 105.412678364699 104.936733662052 104.739906375875 103.921355669251 103.718483118646 103.455083438663 103.053945385848 102.807359845184 102.64130659433 102.278897741317 102.111639489924 101.711060163018 101.522264210246 101.266987534508 100.562550217624 100.34903991939 100.040419086912 99.7226034136903 99.3654034947075 99.0628552395542 98.7233593732308 98.5052667716668 98.1717432743813 97.8503819062158 97.5658182253129 97.3875468702785 97.0301582441592 96.6632894811939 96.6438685522705 96.4336206067142 96.1287144521008 96.0383926197913 95.7681313402357 95.4788574361118 95.2609545581293 94.9713562102395
109.482572701967 109.00836887549 108.759667578292 108.471683513847 108.28120820884 107.9289619843 107.440041023835 107.138209650677 106.868846348069 106.695574615744 106.321093629984 105.809080309404 105.33543340688 105.131677870679 105.032275681177 104.50780242175 104.242915786501 103.570723216372 103.250553756405 103.052271648754 102.818673135038 102.461739677678 102.116391418126 101.852308327991 -9999 101.310742063565 100.900738778376 100.734050606364 100.096588121693 99.9360953380603 99.6353070197358 99.3557682866502 98.8052414800924 98.4452774276004 98.1417543269333 97.9594022999143 97.7022322693799 97.4656618404164 97.0587945386459 96.8166957726498 96.4577495306475 96.164467619527 96.106705762899 95.8980833980348 95.6185921552087 95.3402908723467 95.2093375907535 94.9097878566224 94.7593446308147 94.4852558314474
109.126639928964 108.758980193198 108.493646851529 108.29651394688 108.051482647065 107.772573871571 107.211004219517 106.764697333213 106.528873097749 106.306633021874 105.953795997484 105.447760132495 105.162790357242 104.70648235112 104.530401795336 104.19554909312 103.912801362437 103.312517947219 103.004401587759 102.594150486052 102.35604406232 102.007677816102 101.765269647289 101.421316740544 101.202056063817 100.878388262236 100.474420382385 100.323813011722 99.8223600410232 99.3237122416677 99.1157818500409 98.8691413308599 98.4540956373245 98.1596482241872 97.7111578700263 97.4896550768671 97.2397497198263 97.0259501047865 96.749957649899 96.2897933409943 95.9719367759587 95.692495035197 95.5783777869988 95.3634467584153 95.1315352621536 94.6712215633954 94.6650234643764 94.3785094868373 94.2399242826895 93.9735596279655
108.537522203731 108.156688763475 107.908159336503 107.726152817069 107.418750847237 107.060312325726 106.44689669454 106.268776067858 106.056999068943 105.533208964609 105.238115399255 104.704266325545 104.489235774468 104.176393425685 103.758041966911 103.572866406577 103.253661032989 102.597061993132 102.272343880323 101.892061102319 101.548851385904 101.16240811934 100.891335608201 100.610676505371 100.113771670304 99.9230102514841 99.8041339827886 99.4299443788839 98.9280510849285 98.6135984946222 98.2647990949605 97.7800170276736 97.4417478243001 97.1881316417191 96.9626453324022 96.6911292240455 96.3592761191893 96.0897587971354 95.6470624890295 95.2385174598436 94.600033649451 94.5555179061617 94.4275903682233 94.0722431870147 93.9455078989953 93.6406582520585 93.3117861883953 93.1339172697723 93.0667188949927 92.71962829735
108.297790974175 108.015708770048 107.686566457442 107.40024400494 107.142335398803 106.876655188573 106.156053073934 105.878868199766 105.596999190318 105.155726264552 104.878609383195 104.488685004846 104.044489965335 103.831562382885 103.429659364003 103.157627775666 102.985554144423 102.399165516664 101.94418044554 101.377746125653 101.172830195238 100.866113239491 100.519736942074 100.221450821874 99.6439080064966 99.4834226854828 99.4494066231649 99.1437977416392 98.4008552591116 98.169345727168 97.6954497023982 97.2371546017556 96.9457506204416 96.6967473856853 96.5136251119615 96.1229081883692 96.0126961797364 95.6411316830833 95.2242280537583 94.8182736245953 94.0901901669855 93.9969086686772 93.7912059046475 93.5480810696894 93.4217487781686 93.1510186529884 92.771716887271 92.5113702793701 92.4323082629851 92.1458084504775
108.091962398438 107.727905188045 107.460283065501 106.996631250729 106.748634392438 106.518809593115 105.912184341928 -9999 -9999 104.845768305135 104.458190144099 104.110718593756 103.772746802908 103.488869098098 103.165220487524 102.819943296291 102.505973048778 101.962421870876 101.49866675109 101.11980704073 100.881390451783 100.486967085329 100.130814496072 99.7664875858387 99.2777049158497 99.0745378835067 -9999 98.6588435619137 -9999 97.7853924202952 97.3030902924871 96.6714651544903 96.4042452825233 96.1752218555104 95.9217948213387 95.6676051086558 95.3985034142765 -9999 94.83398996285 94.4901243765354 93.6593100687622 93.360044527483 93.2051043098454 93.0227803677122 92.9973696024353 92.6490153283845 92.178868546928 91.9178230450273 91.7563114765491 91.7064576353534
107.773715383171 107.35804397301 107.148328130946 106.773494673374 106.569793581656 106.29187336604 -9999 -9999 -9999 104.566249547813 104.273165872724 103.858161356981 103.486485053502 103.15491430708 102.780206157358 102.434359390924 102.098245264991 101.516034217811 101.21362696623 100.834896495868 100.405931984194 100.045858390604 99.7689743128217 99.4083187210238 99.109620930515 98.8043320174288 98.6033581308756 98.0975135662691 97.5717720500797 97.3423015890793 96.8097250164596 96.2543608107215 95.8420389978133 95.5174275955722 95.3687751945576 95.0986933750001 94.6894874689881 94.5029496549778 94.3198785408027 94.038136941184 93.1744882674142 92.852589131359 92.7177243770316 -9999 92.4072515060469 92.0413513316197 91.6078598118867 91.3564076177786 91.1810498150458 91.1379357506049
107.463139291399 107.153060664777 106.907030734045 106.543965608842 106.257854283195 -9999 -9999 -9999 -9999 104.316892250268 104.03099694308 103.489246984478 103.149223517348 102.773026141989 102.390243012915 102.189136671015 101.733457403818 101.043580493111 100.753111346401 100.433171423864 99.9985857701586 99.7072228063101 99.2442334910384 99.0048868867537 98.6858978554798 98.3506164351393 98.1671613907908 97.7236562014731 97.1855328730351 96.8911224228425 96.2363442356943 95.8221985777562 95.4508093951125 95.1178856681362 94.8979998324861 94.5575654802502 94.2184101760941 94.0702522249741 93.8288439388361 93.4210423997933 92.6416119842193 92.4400863951612 92.1677601296245 91.8939333938882 91.6865312420208 91.4728036352224 91.1161877328633 90.8009022656785 90.613137321108 90.4432411084293
107.271829911163 106.757980741616 106.506073971735 106.285766472929 105.950478509912 -9999 -9999 -9999 -9999 104.004484878278 103.6414282514 103.220707694934 102.834192978703 102.611630820834 102.049100320206 101.72938932528 101.375636027684 100.735659018142 100.428513288267 100.129440577693 99.7961209717619 99.3474442153764 98.9086585857571 98.604456306918 98.2902998394872 97.9504565041434 97.7130574677694 97.4113872035928 96.6145611896737 96.3178712816318 95.861505276443 95.4073649783131 94.9873911160641 94.6219602144405 94.2562745636939 94.0673520479866 93.7403088986386 93.5908420856408 93.3008161196857 92.9670348509396 92.1930334889614 91.9002654063 91.637491269294 91.4077176980975 91.2170704900275 90.9020033635922 90.7177193941446 90.3217249008034 89.9583512215943 89.8487994285449
106.857935518419 106.559795162727 106.256878279435 106.099226383629 105.628995137319 105.469653997583 -9999 104.298374291893 -9999 103.735586380704 103.400365664979 103.030217805813 102.688609359527 102.182362068455 101.823670238734 101.353809656583 101.146187119144 100.491274256879 100.047331879198 99.7020593557227 99.3597538804539 98.9592357716312 98.6326237190045 98.2475516293951 97.8776378783487 97.4656520541146 97.205233627418 96.9349652545967 96.1300152965955 95.8454273238384 95.5043881566557 94.9342092542153 94.5537585568072 94.2123487170743 93.7868734238143 93.5455949983067 93.1686719134404 93.0907216668002 92.7580036558523 92.5285627005401 91.7295744999042 91.3454231045151 91.1191453228897 90.8449004018466 90.6218261126431 90.3362189471983 90.1463678699489 89.8582823448725 89.4831343273339 89.2051295320619
