rcp4.5models/CNRM_CM5/sc1gr9.40
NCOLS 261 
NROWS 433 
XLLCORNER 336357.134 
YLLCORNER 654653.479 
CELLSIZE 1000 
NODATA_value -9999 
[rows 264 to 285 of 433, columns 150 to 199 of 261]
334.464314514946 342.04834948568 296.505232539104 205.6579956107 162.522271681083 153.004698234213 134.213294938369 122.653400461967 114.341660673846 111.618082092485 109.724633782887 108.194058138468 108.420122040643 109.374042326001 108.03004285886 108.440465019835 109.020951426613 110.025583036016 107.508632458115 109.279513117393 -9999 -9999 -9999 109.412596159183 111.161235885407 113.281977210513 116.649072076104 119.321975789017 119.30624377903 117.516701543315 116.292379857697 117.41685278874 117.856744492379 116.277121425455 116.316679848144 124.496040489623 133.204095947575 121.087629992869 121.289038448275 121.70531217515 122.406822205166 122.52022705073 125.785963057952 128.200189966825 130.069135217156 131.872586729981 133.578903570211 133.990356112479 134.78890567867 136.183678183906
354.995822111029 354.75391126159 352.660583075665 290.881120620963 201.525915407226 160.990969966655 143.582406034006 127.269176787709 114.783729014588 111.63407978226 108.744911618066 107.315941503938 108.273541740871 107.844422270366 106.646367783446 107.7818512308 109.6473281616 108.096379139794 107.02619718651 106.315750978473 106.150443813333 -9999 106.74454101732 107.343088357562 109.917586000884 112.991689825079 116.244994327869 118.710262087005 117.903963704154 117.243339545228 116.118283000601 116.757332250721 116.42628031262 114.211863862831 120.510467171684 146.522388792059 158.488308925276 126.308947595243 119.415732630879 119.755068744339 120.364282690113 120.940454381878 123.86143180052 126.250348486922 128.460716483379 130.183296409706 131.513274824873 132.951986634517 134.246065639743 134.517671302814
349.774657931678 342.918814625769 355.017413400883 353.829408134359 285.983594928062 181.242437765367 150.59238213556 140.386555298968 110.941036182726 108.086542024868 106.384704077935 105.783418358828 105.249769182319 102.386966627358 102.06774317719 101.287399746373 101.688549308111 103.288336712001 104.389446213958 104.78050290334 105.755350110893 -9999 104.999079537087 108.298126829602 110.607725398909 112.980332690026 113.278800782904 114.020903613724 116.508547482835 116.493889360673 111.845203753869 111.358313219444 111.16705027847 112.800784257774 112.740954627255 128.70364163136 167.317117604099 160.386048313052 124.610679159352 118.943954477102 121.049981747731 119.804095610443 121.979607767884 124.199947877246 126.0662144936 126.490394533801 126.694020707266 127.27197305467 129.064370275691 129.891579616174
326.894093995705 285.231222627828 337.39287755052 354.905083453454 349.141090343829 264.396137421062 185.467770191986 152.491057771726 110.261816421073 107.036386988117 104.616477321724 103.265580311629 102.525753734823 101.552118399232 101.101501106874 99.8057260315055 100.804259772305 101.276977723323 103.362767505113 104.249302438442 105.340337629278 102.464586250188 -9999 107.125307715171 107.954931909165 109.433170582748 110.084901494326 112.477485424703 114.260766132048 114.093715245871 111.732537598372 110.810407671229 110.109283753378 112.494265865739 112.254221181132 127.149300108838 169.772559177446 174.181539555191 130.98362447736 118.6838255173 119.539236022686 118.088430934375 120.826344950214 123.488478426731 126.646184896333 126.226414110644 125.375058630007 125.302142983833 126.487289624968 126.979849559379
318.710782004398 270.721874441753 330.528175234538 335.106742132148 364.145645490796 351.844325621235 271.108610778728 171.475375327517 110.494374117841 106.282247636073 -9999 101.224538140645 101.014447930207 111.851531142783 123.000598985185 100.115613501771 100.759748477006 102.547761016966 104.98603851856 103.66701276887 104.733597177873 101.839065813024 -9999 103.350822426689 104.144721920487 105.900518701773 107.111574650681 110.316573622288 111.880437902343 111.866834612599 110.284270621969 109.433862930549 109.55436601427 112.011512327374 111.337407178536 117.548833845898 139.575106912991 145.592770860006 124.96228766321 117.385550352481 116.100043348546 116.919812793613 119.475864844594 121.846085648157 124.841985216657 124.480843880626 123.702133217852 123.944684693658 125.447132326933 125.776625804856
340.843592952815 330.699687000744 341.519205451427 330.730366854821 339.859602324503 364.171248714755 336.797093445976 195.117312572207 110.981713145098 105.273220712369 101.590735034197 100.451722945187 102.691769244153 118.211983129644 126.364782919926 98.8308765581901 100.588674791073 105.959190964721 105.068730210813 102.651399978098 102.630664360335 100.275062098423 99.2989403694284 100.756830589606 106.581418178227 112.174202941378 106.988980105723 107.040201726389 110.123484603894 110.92132031057 108.582456783818 108.806186973279 109.076056851483 110.868158752723 111.433340157995 111.175417027051 113.190479615657 115.687050810152 117.212801160908 116.192642365891 115.943919647945 116.760426623748 118.028441646455 120.221133186999 121.909773128226 122.643654040427 122.659441600244 123.877260494641 125.897029992607 125.375927969339
360.210404988663 365.499869088627 374.591634590798 373.483675955285 350.337659864052 356.07557434444 360.343982353978 233.702490952318 109.762442267819 104.618136142215 100.27654612934 99.254287062915 100.374952801868 106.644266914805 106.297086721667 98.3825984614548 99.6984234162267 103.938806404173 102.4075478723 99.9049816405771 99.5022402539069 98.9729753444062 98.5184566284494 99.3127581109482 106.278879632975 112.525142528743 108.439288586767 105.75395694765 109.533636375611 109.140862327764 108.766698671953 109.247186107894 109.020435223786 109.584974420075 110.316678471091 110.012407082742 110.198378950281 114.604533589573 117.895817145996 116.818104995235 116.407794042283 116.194275579874 117.394934523689 120.203708159918 120.66814499387 120.769763928496 121.578282905756 123.430425248734 124.276721889325 123.652610088496
369.805855945469 377.98148808206 415.012382029278 430.181030612923 410.935090838812 399.473025744657 351.731424522948 203.923169989974 109.371795863271 104.103433478477 99.2207520662927 -9999 95.7266994299626 105.266037028789 116.979937787864 97.3881687021829 96.8089995328724 98.4525839551137 97.9376707918188 96.1557592685799 96.7189045337579 97.9102688909347 96.6801826003923 97.0814674618713 99.2199197698743 101.988596440232 106.397670234187 106.09849667526 107.709453454695 107.202803543034 108.904724686265 110.057166374117 108.454337533746 107.294690532181 107.183053418548 107.806652774954 109.915832558183 114.159848023965 116.482373766824 115.132246445125 114.647824545569 114.49472179405 116.978047963638 118.588149699324 118.51734776361 118.238516407021 120.131590995177 121.796193246306 122.800981471255 122.299647788737
391.707675331722 406.414846823073 447.540155709782 462.204473668214 447.455556846722 395.444423888209 271.267277704585 151.067931633159 111.317633968754 102.07222799006 97.8876845160305 95.2223199564672 93.6070481309849 105.990991228163 120.229317425421 93.841838209048 92.7205036108263 93.1760058142569 92.460113559538 92.4107058183079 93.639951253852 95.4977087591133 95.286038883492 95.6361260648219 95.5268556474438 96.9424050917601 100.262773774276 102.398910199685 104.252869435488 104.534712965897 107.579058021867 110.638992058566 107.665169767993 105.73845038279 105.471339199763 106.017734333679 108.606608582205 112.215775066675 114.439391861414 115.330694045428 114.99649606398 114.562121045738 116.628784649316 116.854495377655 116.44084150714 117.615111700739 119.85438745219 121.099420279622 123.245030163573 121.126666019156
435.213589078583 445.784110037252 467.179894831482 477.95114400354 442.121865512076 324.849229012982 187.118178811305 132.417642707797 106.270907172584 98.940066337986 95.7507068313769 93.0760194595395 91.5795513055517 95.5855913854695 -9999 -9999 -9999 -9999 89.5876814670065 90.3743526291983 91.3708786012663 93.8945282491297 96.1574198004565 95.4012471039033 95.8339308316891 96.3156708260267 97.2636893974911 97.5082482014177 99.7000884090518 100.860336920231 106.316484239338 110.259302054463 109.279972714016 107.642117552902 106.925069706138 105.532113481592 107.13293078691 111.122619005546 117.357680732503 128.654674201828 130.815738971637 117.343287922039 117.141202051542 116.213395925657 115.250257608389 117.697198744898 119.021458557227 119.630727903203 119.736681182825 119.594449629731
474.001329598248 472.828707327532 462.168792204804 463.275484728934 422.470321929008 263.313349799543 146.368335687376 116.548219316923 100.335857574429 96.9364390213241 93.7951333940949 91.1811476957886 89.6518716312181 89.4638029472278 90.733604023771 89.9684648319088 88.1001560233047 89.12156505858 89.4770163862444 89.0067127402789 90.3722517798152 92.7198704352869 95.9371115330254 95.3026086575363 96.3541734266281 98.1298296028702 99.0277827276891 97.2199906359547 96.2950322410694 98.3906659787052 106.953226206093 112.117253056 110.334285204414 108.875160689989 107.149913019534 105.378587864395 106.630898713465 110.299775395795 118.416049926501 134.527734359007 133.499472054634 119.31275885382 115.682440785833 114.387096383789 114.858865027398 117.616632878894 117.0194666153 116.983349876658 116.555915312724 120.318149927368
473.344320773732 487.412491235573 449.588896298571 426.46338932911 413.924281118797 261.741557496012 149.195484444874 120.954404088686 101.568618036518 97.6907420277856 92.5463443863634 89.1250250017436 87.6272794454358 87.3730578755649 90.2382218324525 93.2302058827486 91.0903818286714 89.9331434654721 91.2607691995185 88.3415678766508 88.9748925912877 91.5076433947973 94.9779777378842 95.8452562989084 95.6044613939784 97.4361827881408 98.5839482841103 98.6789875804542 96.2539440572079 97.0152984103519 105.36113855747 111.156146779601 108.644554526449 106.237502921361 104.173375976062 104.455317656833 106.195505457536 107.675973011241 113.938445099934 125.216512573439 122.268745539374 115.499273561439 112.087517030268 112.351199708452 114.382592083643 115.714599217606 114.519460258948 114.158503577647 115.132323922272 118.828797330199
444.235783069811 462.386970890315 412.962159614357 396.427582450935 439.290946252842 369.723079026331 226.96223822073 200.514526811679 173.467696006904 202.751409078897 93.0095203040816 87.2119148759133 85.8770582782887 85.5513810013382 88.6536185244198 92.7830950245312 90.8616155929576 89.6863867169621 91.3496641467866 89.0418639406195 87.6546373976277 89.7074079913049 93.3885231824111 95.3603904805646 94.8390593700973 95.7447987075135 97.9136247135318 100.41661693517 96.371687748875 95.3377903861137 102.618578740671 112.054180313373 119.239606075719 106.756917950858 102.686423171297 105.100789869011 106.168729304458 105.946687411623 108.613341798995 116.271269788292 120.087064480377 111.828865143482 110.589180091718 111.63212235647 112.25912688359 112.568858194413 112.850197212564 112.604636697948 113.58888590635 115.385835974643
428.426398097133 412.281767036416 372.446322263398 371.385493397291 430.690019583145 464.467661136316 394.537906191337 351.033725430962 229.553399590892 274.018696673585 98.4321359871773 86.4161573252802 84.5366304174818 84.2406249021333 85.3513762085356 87.4541306148383 -9999 86.9466150564471 88.4429904574841 87.779271417939 86.9387049534459 88.0327274548929 91.6636080601683 94.5291863948277 95.1420728073187 95.7114835348203 96.6098905953517 97.1956628284949 95.1349596055374 94.810115262289 101.281571855434 109.545324273842 114.919724077608 106.155564186384 107.559429021798 106.638429323673 106.254761586376 104.701647238114 105.491459876147 110.386995968358 117.498283348381 116.86928169963 111.123094830541 111.638428130473 110.872202197681 110.131611621517 110.930345985632 111.804349501223 113.481536035253 113.934122074363
386.3007741713 371.552967730772 360.82440595997 351.376937680619 352.994549090514 352.096075139368 346.836592894722 392.425006299533 377.184703566224 215.273052844331 99.6990714116181 85.9213931722512 83.4199521618987 83.4521724524733 83.1219205533031 82.2807080434626 82.4984530204081 82.6811278091611 82.8417960910149 84.5306228209814 85.1838725926887 86.3125025148629 87.8866941965354 91.6235543303402 94.7305392526142 95.6772468668791 96.0164963765309 94.6343426497031 95.6102538729787 95.6824097342626 98.1414875870504 105.574487763549 101.169062212757 104.410926541052 111.653470276212 107.027645323733 104.50913401948 102.011848629667 102.601661620829 104.738865790706 109.8988887183 131.35208230304 175.14989221858 154.993001565411 112.855912966666 108.975692471868 109.203704868624 111.63348063646 112.968882014066 114.498299556205
423.065660941059 406.419451425301 384.319257319815 359.391390790527 355.641151016587 357.645534059956 363.216299596823 382.555656534083 400.962615154141 155.746221039456 98.6190514720983 86.7422941462367 83.277692831226 82.6250530031734 81.4958655688913 80.6486576276698 80.9092417642673 -9999 81.5976291749116 82.3538273103164 83.721471528165 86.5913241608939 88.6388720665107 90.1012740645859 93.1725065838157 95.5212866121698 97.3901120293013 98.3479728599515 101.090380529203 101.315655969207 95.4736069007635 103.034287186589 101.64480144166 101.62998302169 106.590374790387 113.490235470079 110.473880428219 101.777677336051 102.049391451157 104.715428969812 108.530586365583 125.771581051103 177.109497943032 158.793345654514 110.679982423459 107.744290575644 110.925523882746 116.784734377176 111.577982621548 114.989316181077
490.213835712697 434.714729586611 393.009692760911 366.447377709477 364.751971007106 351.49847270373 360.989366895748 355.294236287297 389.640081892819 139.733800227218 99.9375905593095 87.882555507813 83.8975943059791 81.7188889678736 80.5883186987394 81.4828901746633 80.8994795490233 -9999 81.3758231566433 83.3307419180947 84.5143192314408 85.9336911712105 86.7568553652329 88.1340849770214 91.0773476684912 95.5719851360681 98.1108714202989 101.17685283202 104.087098306508 102.024530923973 92.2734688064028 99.4328807792109 105.421391881175 104.137811039876 107.274205314907 111.461530700545 109.236388866059 100.340853633722 101.6583996 104.852329450456 107.367390940446 117.861716794425 173.938342508845 158.252914038206 109.712906360122 106.587648958474 110.453463824076 115.23355474723 110.645202886529 113.917365881259
552.748536569022 468.50395027017 401.376830853474 384.755686754468 402.758080973156 334.10262007801 331.2274710696 315.017290148703 421.491112367149 184.137530081843 106.717977087153 89.0890827846973 84.6753596853662 81.6359462597344 80.2075033857162 80.9333201576955 80.3628177246248 80.5047800174886 80.9648412729787 83.1395565036737 83.0446994661084 82.1232851808127 82.5488741514652 86.5479545094933 91.1608672690685 95.0715335796357 96.4614979060685 99.5145011526038 100.752021597103 98.310385583069 91.1880479788694 96.2975986532393 103.873322425575 103.796900997801 103.727894789429 100.490038637025 100.156630148276 98.8821484641432 100.006566130601 103.651049105779 107.412826305524 117.398696882796 160.939848445442 155.8219060199 109.775350916118 105.910781728568 109.208947215292 109.951590110527 116.63793541639 127.590609814209
580.619930702926 481.816356565917 392.926872758456 421.380346302693 454.841947510613 335.834405305392 331.979262338268 326.383692849357 439.824852483848 227.608530684057 143.689971901734 91.7071232546219 85.7807109572758 81.637057358143 79.5691560854321 78.993105657052 78.4408515242157 78.5816936995624 79.3663094403564 79.918064239325 85.2217276321618 92.9002463068106 83.8542902842514 83.342447185737 90.937893473333 96.1126772287036 91.574776684565 95.4192852173096 99.0645529020634 96.3498308929566 90.9313061024 92.7146914215924 97.9877242727605 101.286188771698 101.730915921877 97.9355282141212 99.8780502063162 100.010925193415 98.6637145946852 101.208010067399 116.668073048687 149.13318352839 146.302258001818 130.466507044599 106.78267232964 105.549170597812 109.375599914638 119.337151700212 139.634035852622 144.715901562697
589.452911738442 439.477418725693 386.075733295622 495.169477945601 527.65670534066 349.731837878306 338.996371561022 351.721757356649 406.5558871701 282.612910861806 222.977620515448 98.5472347190206 86.642112512302 81.4107973440522 79.0037239103781 77.4802810563939 77.4424693240646 -9999 -9999 78.0552867725937 84.2863723794081 93.2436405636649 84.4791875194218 81.7334759744348 85.4945047155888 91.1439286722006 90.4437957167279 95.9872089344371 97.4236830188667 94.8382922416492 91.2362233400031 91.9248701837125 98.9883413818117 107.29647826539 99.4227412460092 97.976697345157 100.364801004522 101.322349830587 99.6002462914836 99.7931374972895 124.406510383134 171.529448655418 128.397219841032 117.769461285724 109.421943751538 104.345566918434 112.606833828568 133.208226799671 146.127306133743 145.82221526786
555.568170010488 416.012961759127 429.592441490187 588.756953406679 587.650973760437 355.210189011624 346.055410320645 397.117286255734 391.233033959089 377.302408344601 277.459348587034 106.172403453573 87.3863963751525 81.1376697261912 78.4773562621223 84.8457983308376 97.3541926325259 84.8837200676875 76.3556213523304 76.0895275491974 77.2407309197441 79.2618253938903 81.2678235537182 82.0993245546221 -9999 83.7787717625468 89.1353603945941 95.1986466378403 96.711040407706 95.1982453000121 92.7541599675619 91.2912898703353 101.122586591847 117.757036797383 101.257839359972 98.4250120866896 101.036571701521 102.102306970271 99.7479908663457 99.0308457044942 115.78464136422 144.383206224198 119.394503499787 136.618674703137 129.73215591438 105.038838138421 117.770027605394 139.857023075705 146.377921476053 148.699849990599
518.708595242002 414.894244157173 492.378950393941 647.917683726611 524.893065737133 361.384350962824 362.191251506169 438.460643200117 462.412379773854 434.327802719615 354.303393996661 147.90036839853 88.3802399895028 81.3340914833583 78.204764211598 87.3327806540877 104.987873235703 89.9648933867992 78.2128141906871 -9999 76.5062457387025 78.1356908944006 81.4186724075798 82.2223899508365 80.7542871708388 -9999 85.9625922963024 93.5083926541317 103.626753682509 97.2320841039671 95.88395565065 91.3530298102238 96.116204553344 111.331494062354 105.301989909354 99.085210565814 104.91476352268 107.961964929896 100.412208837437 98.9895679084152 104.37730417563 112.381608977757 121.386180682365 147.264071265457 138.503331622952 108.333289652023 122.177806135342 133.646602595641 147.49781635264 149.772174334309
