rcp4.5models/CNRM_CM5/sc1gr21.37
NCOLS 261 
NROWS 433 
XLLCORNER 336357.134 
YLLCORNER 654653.479 
CELLSIZE 1000 
NODATA_value -9999 
[rows 374 to 395 of 433, columns 150 to 199 of 261]
41.2149276733398 27.7629413604736 19.6442356109619 18.4095497131348 18.4108829498291 18.513240814209 19.2777061462402 -9999 23.8558502197266 24.7562294006348 24.7702445983887 25.0189170837402 28.4007968902588 45.6142425537109 110.726684570312 109.629234313965 100.391227722168 73.6698684692383 48.1050300598145 43.7820358276367 -9999 68.7397232055664 96.6219863891602 111.861892700195 120.129089355469 216.917327880859 244.661010742188 185.150650024414 104.890472412109 46.5770988464355 36.311149597168 36.3159561157227 36.8927726745605 38.1755294799805 38.5296630859375 38.6017951965332 38.6302719116211 38.663890838623 38.663890838623 38.6650085449219 -9999 39.056282043457 39.9328308105469 41.4197196960449 44.9991645812988 52.6759719848633 56.4116172790527 49.7884178161621 18.0231342315674 8.15827465057373
102.23365020752 67.7783584594727 33.0538749694824 18.4238185882568 18.4095497131348 18.4585819244385 18.9115505218506 20.5088233947754 -9999 -9999 -9999 25.917631149292 30.6959285736084 55.8948745727539 154.161926269531 140.218872070312 118.628128051758 93.3705673217773 64.0492858886719 45.7387580871582 48.8417015075684 68.3390579223633 96.6359481811523 111.194198608398 111.590759277344 119.851623535156 118.558952331543 94.9768600463867 65.8431243896484 43.110481262207 38.4528160095215 38.1147117614746 37.4755668640137 37.2758522033691 37.9626731872559 38.5839157104492 38.6637077331543 38.663890838623 38.663890838623 38.7191009521484 39.5367240905762 43.9268035888672 54.4500274658203 67.4781341552734 -9999 95.7841186523438 91.0927734375 65.2318878173828 18.2614727020264 8.25801753997803
142.981048583984 116.596694946289 74.0619201660156 24.6490783691406 23.3737812042236 22.6335697174072 21.878475189209 22.2169456481934 -9999 33.1648902893066 37.132740020752 37.9082069396973 46.4232902526855 76.6031494140625 169.441390991211 156.713439941406 131.307235717773 106.253112792969 77.4249572753906 49.9266891479492 49.2803421020508 69.1980438232422 95.8904800415039 107.743263244629 105.148872375488 69.7774200439453 54.4120788574219 49.0180511474609 43.8494262695312 40.0697708129883 38.1589584350586 37.1353416442871 35.1300926208496 34.0400238037109 35.5907096862793 37.6007766723633 38.4047241210938 38.3182525634766 38.2892532348633 38.7417984008789 44.3809814453125 66.3528289794922 97.9616394042969 -9999 121.57453918457 127.840133666992 122.453460693359 100.177581787109 36.3845481872559 15.354416847229
152.854415893555 145.237854003906 125.482666015625 75.9956207275391 67.7103576660156 62.1307792663574 55.0269775390625 49.1243934631348 54.9689712524414 73.7285003662109 84.1988983154297 78.782585144043 75.2871551513672 89.60693359375 166.139663696289 167.409942626953 145.281021118164 112.482635498047 75.2350234985352 46.635368347168 45.5922813415527 57.2492790222168 72.2939910888672 80.981575012207 87.5238952636719 92.2810287475586 96.9086608886719 95.8112182617188 77.913818359375 51.9497299194336 35.5648994445801 34.17236328125 32.6916465759277 32.0248336791992 32.9300193786621 34.6164245605469 35.9269409179688 35.1098823547363 34.8262023925781 35.4082641601562 -9999 78.9584808349609 121.375114440918 133.783782958984 134.146850585938 -9999 133.369552612305 130.314804077148 120.481254577637 82.7813262939453
154.329147338867 153.516067504883 151.350509643555 144.831436157227 143.342742919922 140.094543457031 134.723846435547 123.595336914062 109.342361450195 106.072280883789 110.526466369629 101.719512939453 89.2610321044922 90.2135238647461 158.57356262207 172.657592773438 151.851898193359 107.904479980469 60.3110809326172 36.7675895690918 34.6563377380371 38.6160774230957 43.460205078125 49.4334335327148 56.0811958312988 120.853401184082 181.526062011719 188.050750732422 145.619323730469 80.5600204467773 33.8431625366211 32.1006278991699 31.740758895874 31.616189956665 31.7619094848633 32.2415008544922 32.7875137329102 32.3326568603516 32.1756248474121 32.9622535705566 43.3607559204102 81.0068435668945 124.849082946777 134.718566894531 134.72575378418 134.945327758789 137.299362182617 148.684539794922 190.598098754883 175.295715332031
154.405166625977 154.387084960938 156.339202880859 172.445220947266 177.799468994141 176.799896240234 172.773696899414 160.213882446289 135.367126464844 116.493064880371 113.702827453613 106.514656066895 93.225944519043 87.9364013671875 148.620269775391 172.126922607422 150.022521972656 96.9035034179688 46.1243667602539 29.2226696014404 22.4794521331787 23.8789463043213 26.8210144042969 33.755069732666 40.6893157958984 119.158187866211 205.640365600586 226.488510131836 182.899200439453 107.955551147461 40.9986915588379 32.6205635070801 31.4700794219971 31.2998294830322 31.2683868408203 31.4934368133545 31.6743965148926 31.6487464904785 31.6400909423828 32.6031341552734 43.7021865844727 83.0929946899414 127.010185241699 134.725845336914 134.916625976562 136.882125854492 146.817306518555 171.673294067383 208.742874145508 209.940307617188
154.62646484375 156.315277099609 163.013641357422 190.484970092773 -9999 191.083404541016 184.950347900391 189.787704467773 178.086380004883 146.502014160156 121.024322509766 111.220237731934 101.263931274414 91.9834136962891 137.236175537109 167.33332824707 163.422302246094 -9999 76.5117950439453 44.2914848327637 23.6591567993164 24.0360202789307 22.026424407959 24.5159339904785 30.2965679168701 94.7493209838867 166.493774414062 187.528518676758 162.976943969727 122.700340270996 69.6576614379883 40.2579154968262 30.9370765686035 30.6989078521729 30.7575778961182 31.1745567321777 -9999 -9999 31.6170177459717 32.6604309082031 44.5477142333984 86.0748138427734 129.941711425781 135.313079833984 138.049026489258 147.480651855469 170.124862670898 196.63005065918 209.755310058594 212.090942382812
156.889831542969 171.966583251953 209.971939086914 259.585144042969 247.845275878906 224.324340820312 238.077163696289 301.310272216797 325.408813476562 267.346588134766 170.974304199219 114.991996765137 110.451141357422 108.286773681641 142.123657226562 161.676055908203 192.626113891602 192.509399414062 156.314239501953 96.4149703979492 47.791145324707 41.3223266601562 29.5829029083252 20.3843574523926 20.92919921875 73.0305404663086 133.533233642578 154.066101074219 140.589340209961 119.982231140137 76.7295379638672 38.6039657592773 30.5071544647217 30.5819721221924 31.5815658569336 -9999 -9999 31.6170196533203 31.6170196533203 32.645378112793 44.3186225891113 84.6639556884766 126.43790435791 136.335266113281 156.504547119141 180.554824829102 197.514022827148 205.711502075195 204.060485839844 204.014495849609
174.668930053711 209.747039794922 262.388854980469 303.527984619141 290.724487304688 279.410308837891 317.940246582031 395.771759033203 418.223266601562 -9999 -9999 130.187530517578 137.513580322266 162.61116027832 161.013259887695 143.390716552734 185.052627563477 214.284591674805 202.803436279297 146.32763671875 81.1318283081055 54.632495880127 42.6286125183105 26.4310398101807 18.0190353393555 44.0744667053223 77.2778396606445 89.5451812744141 81.2089309692383 69.06884765625 48.3754844665527 34.2583160400391 32.7302322387695 33.7927932739258 43.9564056396484 65.5890731811523 -9999 -9999 -9999 32.3375549316406 36.7830696105957 52.4114799499512 72.9910659790039 102.147575378418 160.263122558594 201.391403198242 200.401580810547 185.060119628906 146.981704711914 132.976913452148
297.906372070312 378.515411376953 367.228485107422 326.594879150391 323.009765625 324.633758544922 357.509338378906 409.9619140625 412.496978759766 347.957305908203 -9999 197.594192504883 217.306045532227 252.655776977539 185.599487304688 132.366119384766 148.582641601562 179.386154174805 192.830169677734 162.996841430664 106.635551452637 62.816650390625 51.6539154052734 36.0218925476074 20.931079864502 25.5044536590576 36.7239990234375 42.8794708251953 41.1082572937012 38.6022071838379 40.3513565063477 52.0982894897461 58.1476135253906 55.4476280212402 78.1720352172852 111.916862487793 -9999 -9999 -9999 34.4983749389648 34.8537559509277 36.5688667297363 42.3496284484863 68.3230438232422 124.452430725098 152.572021484375 124.285530090332 100.020973205566 72.2746505737305 64.7696151733398
531.680053710938 697.987609863281 578.465698242188 338.714813232422 330.648223876953 312.109344482422 307.147796630859 321.745788574219 311.04736328125 270.392852783203 242.104568481445 233.271118164062 261.664794921875 317.0634765625 291.575378417969 216.589462280273 170.774780273438 173.497146606445 181.528579711914 168.031372070312 127.989974975586 78.5897216796875 55.4588165283203 42.5714836120605 25.7939014434814 21.2413635253906 25.3665943145752 30.3667182922363 33.2492561340332 36.8407859802246 53.8487854003906 -9999 110.095771789551 108.861595153809 123.086410522461 153.739791870117 -9999 -9999 74.8903045654297 35.7044982910156 35.8213043212891 37.0280532836914 42.9308929443359 66.6780776977539 106.437034606934 115.769554138184 84.9283828735352 61.5233917236328 47.8245811462402 51.1630325317383
665.815612792969 843.057312011719 738.228454589844 381.178833007812 359.411926269531 299.805450439453 263.348236083984 -9999 244.705291748047 231.413986206055 230.520919799805 238.916137695312 276.485504150391 344.47412109375 354.596832275391 273.5751953125 192.12614440918 173.299240112305 171.968307495117 162.516098022461 137.103439331055 94.8246917724609 61.2730331420898 48.9627685546875 33.436408996582 21.8153495788574 21.8169040679932 22.9011402130127 25.1359348297119 35.0740509033203 69.1811218261719 116.012687683105 140.529006958008 -9999 186.770874023438 233.679779052734 353.944122314453 267.664428710938 110.342430114746 38.5598297119141 38.085578918457 45.3746643066406 72.0405044555664 126.000770568848 152.858245849609 128.84049987793 122.803680419922 111.534675598145 71.6498489379883 95.783203125
643.169921875 801.434143066406 894.15771484375 585.121398925781 507.927795410156 398.527618408203 282.145568847656 236.947113037109 229.697738647461 229.266677856445 231.960250854492 248.202545166016 300.204010009766 375.084442138672 296.496795654297 184.671936035156 139.238388061523 139.226867675781 145.090805053711 143.544387817383 130.091430664062 109.441230773926 82.3671646118164 63.5319175720215 69.1665191650391 58.4453392028809 32.3139419555664 19.6076259613037 20.2106990814209 28.5172176361084 57.566764831543 101.679779052734 144.108871459961 208.998626708984 302.608551025391 408.553680419922 476.061004638672 354.119323730469 314.608673095703 298.937438964844 316.518218994141 316.712738037109 -9999 286.581817626953 229.636413574219 189.511764526367 201.267929077148 199.993469238281 180.839279174805 176.258087158203
634.014953613281 690.902648925781 816.341369628906 626.767395019531 527.890991210938 463.354949951172 -9999 263.723846435547 231.336013793945 238.154144287109 256.537017822266 302.809265136719 394.950317382812 480.369720458984 350.659301757812 229.394744873047 151.930603027344 133.461868286133 128.736022949219 111.861137390137 90.4973983764648 79.5194854736328 71.1696243286133 67.7459564208984 80.0430526733398 73.0980834960938 39.8137092590332 19.6029739379883 19.5203647613525 21.3959674835205 29.8479175567627 51.4462471008301 95.9095916748047 175.665588378906 272.621765136719 362.106140136719 419.38818359375 385.383361816406 411.091979980469 471.946716308594 502.69677734375 429.288604736328 328.503356933594 277.491027832031 267.427917480469 317.488037109375 332.996185302734 257.806823730469 198.16877746582 169.299713134766
730.508544921875 533.247192382812 549.235229492188 566.896362304688 540.722412109375 526.727661132812 451.307739257812 322.095489501953 251.637985229492 288.744995117188 350.289581298828 438.431304931641 557.685546875 626.377807617188 437.232177734375 311.287750244141 194.532821655273 132.225387573242 113.815422058105 87.8650207519531 68.3962554931641 65.8762359619141 65.6728897094727 69.6305618286133 83.7286987304688 80.7180328369141 46.4323844909668 19.6027717590332 19.4068260192871 20.1674537658691 24.8309230804443 41.5619087219238 85.1223907470703 165.273803710938 246.738082885742 300.837585449219 348.313385009766 397.2626953125 443.986145019531 466.587005615234 460.666534423828 464.811889648438 512.597717285156 443.372039794922 265.073516845703 300.037841796875 326.107727050781 258.827911376953 214.125946044922 140.168182373047
597.347900390625 418.578430175781 412.564361572266 485.029876708984 541.098937988281 558.01318359375 500.208831787109 371.031890869141 296.3681640625 350.510101318359 429.081756591797 600.493835449219 926.119201660156 1142.56311035156 608.327697753906 373.852386474609 259.381103515625 151.232131958008 112.496490478516 87.6045074462891 67.3038330078125 65.1122055053711 65.5335235595703 69.7485885620117 82.4609375 78.9814224243164 44.8632965087891 19.6082019805908 19.6727657318115 23.2258262634277 39.8989868164062 76.3556518554688 114.117370605469 142.39274597168 171.929000854492 200.317428588867 245.747573852539 418.791900634766 497.057769775391 466.976196289062 502.001434326172 591.325378417969 698.798583984375 640.262756347656 327.937377929688 192.521759033203 227.512344360352 251.778442382812 242.380508422852 125.469596862793
444.327667236328 433.099304199219 451.575225830078 487.160003662109 525.512817382812 517.390075683594 451.576599121094 360.384735107422 318.009704589844 375.160064697266 490.636749267578 746.807006835938 1128.82958984375 1267.71252441406 602.486389160156 381.623687744141 270.964721679688 154.764678955078 117.178428649902 97.4625625610352 73.8986434936523 65.1219024658203 65.457893371582 68.5566101074219 77.8352661132812 65.7809829711914 34.1757545471191 19.6466846466064 20.5896644592285 29.686544418335 57.7141304016113 92.2340316772461 103.627555847168 102.45906829834 110.35897064209 139.057525634766 183.633850097656 380.506164550781 612.382202148438 827.127990722656 954.7021484375 974.476379394531 923.630432128906 744.828308105469 446.798614501953 177.599151611328 207.917373657227 266.183227539062 244.869522094727 114.532752990723
431.380279541016 471.779571533203 482.583679199219 504.3642578125 482.731201171875 413.209625244141 352.221099853516 324.765686035156 334.428955078125 406.159301757812 527.673889160156 696.770080566406 879.625915527344 902.846984863281 455.199035644531 334.666625976562 218.411773681641 135.023101806641 120.519050598145 105.596008300781 80.6693572998047 65.0383071899414 64.8940277099609 65.5264282226562 66.6673355102539 43.4557685852051 24.2485771179199 20.4237937927246 22.9636459350586 32.7111930847168 56.2614593505859 82.2255706787109 88.2956619262695 87.4304428100586 94.4883575439453 121.388771057129 160.049713134766 254.902633666992 -9999 815.622009277344 1048.41247558594 1209.32983398438 1103.02526855469 765.818542480469 508.271118164062 301.159729003906 278.466888427734 293.669525146484 177.165939331055 60.1114387512207
454.367218017578 481.508880615234 495.040496826172 555.204223632812 532.092468261719 434.301330566406 344.531066894531 341.457489013672 409.973052978516 486.069763183594 528.060180664062 583.808837890625 693.139282226562 726.886413574219 387.184326171875 280.111114501953 163.055465698242 125.333587646484 -9999 111.069549560547 84.7073593139648 62.1943016052246 59.7821044921875 57.0011940002441 49.7790298461914 30.7524871826172 24.8374481201172 28.6746520996094 45.6151847839355 65.9778289794922 77.1210708618164 85.6382369995117 87.0962371826172 85.3223190307617 87.7375411987305 98.7161026000977 119.303321838379 151.768997192383 246.337127685547 -9999 -9999 1045.18139648438 1014.62585449219 824.583923339844 613.957702636719 437.014678955078 369.120239257812 279.065734863281 63.5068626403809 23.5774116516113
452.499969482422 470.334320068359 513.387878417969 593.271667480469 578.947814941406 504.632293701172 400.151794433594 367.828338623047 424.942657470703 458.366363525391 447.203002929688 481.982391357422 636.458618164062 719.975280761719 434.738922119141 279.154998779297 137.627746582031 124.747650146484 122.358352661133 108.59349822998 75.5027923583984 45.1075401306152 40.358470916748 38.7727165222168 34.9765853881836 29.6786708831787 32.6336860656738 48.1098136901855 77.3794479370117 98.2071151733398 100.26611328125 96.9440689086914 86.8431854248047 77.4397201538086 77.0014801025391 78.6484222412109 86.5443572998047 124.164260864258 171.281463623047 298.454345703125 -9999 861.549072265625 977.60498046875 1074.45715332031 985.212951660156 872.690124511719 681.200012207031 260.712982177734 18.7854976654053 17.4183406829834
429.228057861328 428.298217773438 460.897399902344 535.972595214844 508.499938964844 464.522766113281 409.314056396484 382.108062744141 400.244598388672 399.025634765625 392.3544921875 449.26904296875 598.358459472656 662.856262207031 467.054840087891 290.454406738281 142.33366394043 124.766944885254 122.024284362793 107.302528381348 73.2283020019531 40.2782173156738 31.2791385650635 30.1943912506104 29.9807529449463 30.3789463043213 36.9529457092285 59.3961868286133 91.376106262207 106.774711608887 106.676147460938 104.317726135254 95.3944625854492 82.1228408813477 76.1845321655273 75.6168670654297 77.8973617553711 125.762084960938 181.577621459961 302.253173828125 569.019287109375 908.468933105469 1167.29956054688 1464.58459472656 1498.0791015625 1435.11181640625 1093.3662109375 -9999 -9999 20.8476448059082
411.326812744141 410.877502441406 409.977508544922 448.441619873047 434.926879882812 409.546295166016 385.486450195312 361.009429931641 342.902893066406 333.099243164062 339.597045898438 378.620758056641 439.314758300781 393.169586181641 249.319931030273 188.385070800781 133.825271606445 125.957275390625 126.596832275391 122.118461608887 103.25959777832 68.9954986572266 38.8740119934082 29.7943534851074 29.9988918304443 30.8066368103027 37.5321197509766 60.4958305358887 92.4630279541016 107.350044250488 110.455001831055 127.813545227051 160.869094848633 158.94075012207 119.564323425293 108.516738891602 105.395942687988 157.263259887695 199.629806518555 271.475158691406 443.750640869141 778.59033203125 1066.7490234375 1216.99279785156 1289.15710449219 1435.82849121094 1148.00170898438 277.378845214844 37.9500122070312 62.4875755310059
