rcp4.5models/CNRM_CM5/sc1gr4.5
NCOLS 261 
NROWS 433 
XLLCORNER 336357.134 
YLLCORNER 654653.479 
CELLSIZE 1000 
NODATA_value -9999 
[rows 242 to 263 of 433, columns 100 to 149 of 261]
257.800844692022 256.66165126237 256.493618129968 256.388380769465 256.131698463539 -9999 268.305312240374 276.775874006585 276.776659077167 276.24621951536 275.17914425504 274.94091711194 274.077742076619 272.792550141674 267.27158565138 259.809051646196 258.654009797739 257.927783689709 257.634148517537 258.113043738953 259.926080160877 260.104158353669 259.493107246113 259.189219812834 267.077539109077 -9999 266.761146510228 266.775570371539 271.600607615592 270.985939634242 269.29065404178 270.45758337135 270.25121433658 269.080556237302 271.712194150926 268.087720649359 274.157753202664 275.685536298209 273.774586173793 267.549237382718 265.329871165772 274.364471069064 275.853816173426 277.014164956086 277.754400753611 278.370459266382 278.577248728444 277.253314660092 273.427651669842 267.838932144661
255.724143004982 257.110924097528 256.842285746159 256.458628370328 255.544587824225 255.603169406553 256.008674514778 258.915211538766 267.939568701029 275.210516934566 274.814450050506 273.8171577524 269.918281273055 268.060215475995 267.336719438015 258.44047716318 257.150200161753 256.391765928019 257.155867414466 258.171561003642 259.682906913456 259.383809298628 258.852593396224 260.876828253401 263.578627931093 266.715281554859 266.433287171647 264.111483492251 264.483404627149 258.450081725662 253.192954245244 254.124342346582 260.720155396996 268.758199068005 269.779340947978 261.716751142734 262.356366819834 273.857581943291 273.38218059689 265.815082046861 258.806296736124 267.208682852303 272.446328302663 276.473336464582 277.545113095285 277.715309507032 277.850619510417 276.523460738426 272.88964954942 268.992517639745
255.568295617056 256.470175307792 255.297700315683 256.307224004462 255.638147484897 255.319984423428 255.657144922598 255.663789054326 257.674882592626 266.835491470526 273.594112584074 272.828971199386 267.001379778717 264.606637888317 265.04138581494 253.203615922643 250.202143776657 250.156203989274 256.852040036443 258.617321218653 259.522601780577 258.87257641256 259.211037838159 262.097716565886 265.840666104216 267.677985582175 266.286981810567 262.229759345976 260.386400992592 257.937219282787 252.00719868754 246.37076811506 253.139889077072 265.887077921065 265.970469437832 259.547725211018 259.438825946528 273.431691905251 271.838027727343 264.309389965185 256.699255272476 263.007982305565 269.221461568811 275.259590171645 277.285892986858 277.872735674799 277.382070490034 275.878376353256 271.730931279261 268.287108415659
257.217213128051 254.912198464406 253.605796454308 255.798230236254 254.872613193106 254.642915363081 255.017733258643 255.35422137988 254.655712154767 257.285154286414 265.644689020945 272.162170056364 262.73154341042 263.500592722272 263.143476281976 245.550070730397 235.600930513136 238.294001852099 255.239137269504 258.674623846601 259.064372896657 257.51408723409 257.737475431894 262.011078194429 266.345729038686 266.587217425083 266.088672441404 262.797030921425 258.478561253906 253.68072790834 248.59302780023 243.281279028151 245.926694093889 256.013268275508 257.260361027922 257.194716012944 258.596740565566 268.644994424719 268.349109493849 262.881765688238 255.589066159606 258.975646128912 267.338045285142 273.456121931743 276.863872782321 277.636116250045 276.401467817196 274.771473842349 269.508652328819 265.741992766597
257.204241248603 255.267980201832 254.423088107787 255.405812214268 254.586366178709 254.173564174635 254.574847787654 255.290293792579 255.103885970384 254.896665791466 260.443322904155 272.291924597883 258.081078925613 261.264016194457 264.83296279716 247.214527904796 225.709545816915 228.943074294707 251.568390037964 256.712036242523 257.872614328244 255.654844340334 255.846989350844 261.077193766901 263.573753167479 264.124945547229 263.913706684466 259.483046845767 254.527011692157 244.462961336589 236.430683633737 234.240139766953 231.447776908911 234.671586893496 239.652566866388 252.905331553633 254.561699043357 261.337478008294 265.827053769191 263.189501684392 255.55584551569 257.425141002336 267.838311027954 274.524532275333 276.694660376375 277.251165234517 275.585272919146 274.451991369913 269.423502878441 263.784904658085
256.963703928672 256.678339035347 255.659314823924 255.298801902087 254.961179645431 254.447949734704 254.93346536357 255.327290285637 255.270352952815 255.135962756365 256.799702312292 261.018737682157 259.4193334265 261.807317248024 265.307593813756 248.26085990156 227.9522337429 236.832552941361 253.306340368277 255.960016487776 256.566393044462 255.522468652807 256.87441994994 259.948795032969 260.615544026732 262.493936740998 262.973457217367 258.03048081212 251.605481840162 240.985041486188 233.566330844577 226.864715176542 218.157450535872 223.066676200887 231.080409361149 250.890775429014 254.386950860795 261.531010775881 265.44342059459 264.879852779645 256.958786498815 254.474628972903 265.595755546423 275.41160312853 276.502926651977 277.213227771413 275.796610095892 274.931572218525 271.072647122925 266.775985244309
257.289381680745 257.277316245801 256.576906745337 255.802183240882 255.365733760539 255.161850864935 255.278226525735 255.389164497947 255.371767419147 255.000377044017 253.805133000231 252.711815850138 260.349436981315 268.021946495812 267.848404886764 252.876122687903 234.680645781763 245.240683781509 255.447456614309 257.237920668717 256.957410891516 256.576580596893 258.294319221858 258.840825379575 261.302782804284 263.570163648572 264.376557682289 260.438327987681 250.076102797102 236.015488753873 229.948036877108 221.573857566935 217.237777494433 228.230140737571 236.235888205335 254.871435497886 259.170172383271 262.539804068409 262.795393273636 263.05014423772 257.944936969708 252.590060673461 263.115375986775 273.892077670957 275.62907995907 276.845840438577 276.155529234905 275.159810262781 272.610739191675 271.16824937084
257.488942559331 254.18130780228 256.955949963422 256.720366814291 256.078536362882 255.574119365624 254.968732416334 255.644614840461 255.775522349002 255.050507634053 254.761604275967 254.260843481829 255.319538782009 261.574046171688 263.878670057081 260.068470009948 241.062719777323 243.287450269973 253.698810502709 257.012632204569 257.021685810972 256.327207107189 257.843412032958 258.558340173446 262.592621629421 264.491966123732 264.452448652519 259.306701180749 247.089962234536 233.798936794604 228.765546014717 223.407295004406 223.383597765371 237.423081625895 247.234694351282 257.330287825123 257.192565698332 258.212287032265 256.769570878909 256.565873302394 255.921294116328 252.400638428758 262.012209996094 272.47656935115 275.546426072538 276.37047122171 275.573813970482 274.725288228543 271.858575741366 268.70905461589
256.443354722395 250.193549766905 256.924859195374 257.193259307313 256.091908066411 255.06652164612 254.869729336311 255.82029673632 255.992797767239 255.42238024272 255.077797922412 254.477785679552 252.433015951437 255.309312747578 263.139620255102 261.011079139756 249.046179001953 249.745706705515 255.187886870981 256.218522632608 255.516022257731 256.573418862942 259.178513918452 260.40375674165 263.450342505181 262.821524680421 259.941890660983 256.38258860491 247.676754046375 239.242805224752 235.668587165768 229.738040479626 227.789705185911 242.17855340786 250.062181042725 254.498389326763 251.833771069982 254.26939290472 253.201621384031 252.035635273229 252.788628000199 250.157822546067 260.836290140911 271.952233294643 274.148683127891 275.435488010737 274.574621406516 273.768205512859 271.239272796325 265.593201099887
257.035263779463 251.800546818733 256.57221008418 257.244112785337 255.84342920087 254.975918652149 255.771481377071 256.128441889921 255.944990397718 255.470765843379 254.160442919136 252.536586356336 253.602129782928 255.072302671891 261.300438690023 260.476439644822 254.318934301411 256.196316226608 256.886963806492 255.720628854514 253.553977147095 255.744477687876 258.662554691578 260.050640665649 262.546834495706 260.862552321848 253.937444747148 252.517715103642 248.557977152673 241.012120639508 233.437113364474 227.460407143409 229.549123942052 239.443257038971 241.385857397183 247.775490872272 246.126045395182 252.627672059544 252.096178575638 250.50276699481 251.296994786457 248.302918376271 259.326556685499 269.389258870334 270.276969886508 273.416567032748 273.663968472593 273.514123802213 273.003613674604 267.68599776165
258.188258044344 255.45141867056 256.470367133511 257.408833999494 255.997441780507 255.240789309264 256.467670163841 256.310433742873 256.054263889664 255.684854874438 253.972353222087 251.294641856434 254.111394941765 253.184291908891 252.141827530314 253.252124195936 252.970666488269 255.253547390632 256.272900298821 254.760731057622 252.201759463692 254.216385042201 257.457694636548 258.333956138609 262.123170254793 260.069657550277 251.86480413755 248.695135677565 247.311335989163 240.170481233266 228.206073446859 221.4687139098 226.153518509854 229.98230149357 229.095584571768 240.540467720419 240.081527400617 248.215702782478 249.884999354571 250.629803864846 250.610797126586 248.86552077311 257.476549541905 266.144489177148 266.112775735086 270.58278934539 272.216732626798 273.541755046799 272.624223832126 267.692997313293
258.505434591035 257.47584665477 257.257350480918 257.636152471221 256.729326671788 256.111675479289 256.729853724108 256.422658041948 256.059434200468 255.661691918358 254.641137713057 252.029764973557 253.002293098956 251.444872764825 245.169287511479 245.257795248887 251.866838000068 254.606242078606 256.129468449157 253.560323291484 249.513402995601 253.311554443385 257.355436347766 258.520080521483 260.557085657338 260.573085400506 255.716922601967 249.638955019312 247.702673915795 238.876307493663 229.659381960558 219.329543779004 219.384720284685 217.639362667025 217.258520413157 233.729699555516 236.01050273582 243.193396051533 248.852354214646 250.109324760047 249.909924306386 251.723491371338 257.510882736747 267.700424306718 269.16709047613 271.487195435314 272.124945956905 272.159756286309 271.974137383499 266.569747672486
258.804317224792 258.073756301525 257.670130245898 -9999 257.272996196952 256.904598091499 256.815429500472 256.066273672566 255.382812931493 255.575677708639 255.1709501129 253.766429132816 251.638182185223 249.915313598644 246.127220596407 247.267957229424 252.613809302446 254.317999257094 256.402078466347 250.597501823363 242.567140144468 251.610687961662 257.817880834332 259.310900572149 260.06947202041 260.633494326192 258.932437667442 251.792387807781 249.536674727832 241.298960002665 237.622848934668 228.889686372518 223.122331325506 217.746149624952 214.96016343209 232.667148291421 237.698400602223 245.776347821368 248.873226490137 247.488056430753 249.844392106225 258.092666085245 263.005868709366 270.021580589451 271.082203665666 272.515626294639 273.027897511607 271.994677646826 272.859197599555 269.453989104452
259.07835379901 258.839850754437 258.363088921541 -9999 257.962699058211 257.722960768788 256.942354068095 255.376765725571 254.597289990727 254.998077754182 254.837997707383 254.873452859309 251.002786714683 247.892222368556 246.389193475535 243.744980965814 245.350937386334 248.017941850958 248.669694956005 246.894652976807 247.294209753127 249.973434922379 250.821805424918 254.033830674885 256.196037126261 257.490263797398 259.146348690757 258.413250613809 254.775620024889 249.526677946597 245.615415408328 238.322082446723 231.908057862177 221.21238776842 212.432243558932 229.589754539048 241.555745291623 240.327388928129 232.216098243211 240.949962231923 257.050990316546 264.519868775253 263.453496925635 253.832775728419 252.851892047913 261.948986514596 266.765463108879 266.275057037362 268.249018630614 266.087962656495
258.9946530379 258.798199410766 258.268477607322 258.206388659279 257.921656172026 255.986903745254 254.216620425564 255.528101099257 254.116651605719 255.358950693976 255.111197825767 254.979142620383 250.996962138387 247.143988044346 247.244647602332 246.305622249615 246.128834351398 247.303191148432 246.841237557718 246.935848955084 246.888656278306 249.135129920421 249.334797236176 250.322307000607 252.374859311447 254.660954415435 255.390966939393 253.335455376939 252.758227800589 252.999307978146 246.376424471475 238.664289883614 231.943804513895 225.084171847772 216.020874169211 229.697359436673 239.192880438194 236.570262367634 236.352233150274 249.840900478136 262.353004495026 263.49370112992 258.524641619141 250.923162631769 250.523917973465 258.406190345032 265.133003134234 263.219063435272 267.052643252628 264.38962215087
259.00343230931 258.945726849643 258.578615407405 258.421420517205 258.073083288398 254.308986152318 250.859905940325 253.257589092688 249.679605524404 253.315940431491 255.22409520366 254.487574423939 253.116153747546 249.854123451402 246.888423540548 245.322489503804 245.340436429661 246.201103506665 245.883141291535 246.030500937792 245.775058907718 248.636833981166 249.824750298759 251.278688234537 250.963580353009 249.734318301093 250.1269024809 249.257820457144 249.32815041899 250.475264012427 246.821730989943 240.966357238063 233.536633811594 227.516710379893 218.723427963747 228.03014738874 235.42600118275 233.755093482149 243.739652798791 259.425840341701 262.63099284479 254.180257884114 249.605786369516 245.554808310199 248.977911313352 257.460793642223 262.892264993047 260.468084733595 263.102671315579 263.764907313604
258.849187075208 259.155855689814 258.763793319746 258.233612881015 258.099054801439 253.66338489108 246.139349743054 243.448141413818 240.839570104024 248.950989618386 254.884295486944 253.977613994334 251.809569719634 252.071454846908 246.450726292521 242.565543603533 240.422444880431 238.312670262231 242.246301134714 240.182486552691 234.708858704726 245.300330146634 250.406630264069 250.859741608872 248.552841525434 246.476225076296 248.340207021778 249.958084957515 248.060372988317 244.016227672809 243.213183210221 236.944359251405 225.796664680495 218.433147480233 213.425163906773 226.911674165117 232.037321736454 231.888325810649 242.685190274394 256.023071470229 254.683516101464 240.626198374477 236.901199490759 241.094005215606 248.565310080728 254.236367137005 257.230200968633 257.597136725472 260.976306577209 263.349721827191
258.363571132198 258.923674419345 258.727820895397 258.009864948157 257.707440652416 255.343657940489 245.776154675 233.042219722196 232.922983445819 246.401702113315 254.836362948551 254.231177639814 247.703463114047 248.094597762513 243.00022583296 242.438373099415 233.552943598315 218.675431294339 227.727287454032 229.833983599644 220.585398230283 240.51735887622 249.891524031573 250.691085727169 247.928774568227 246.718748879108 248.16739612122 249.080013802283 246.765227095845 239.743380713824 239.897927729868 231.402706315789 215.69638294476 206.81123348754 202.496513492984 223.086840567219 225.571717262803 233.803689921303 243.563622813253 251.978274427231 248.474519168784 234.403632015627 229.898492485787 236.792372973673 240.140129311976 244.825057563718 250.691890187221 253.907993063558 258.740431421595 260.7637627467
258.049682810173 258.775438978593 258.770863857493 258.242831717957 257.704606642369 256.236145061895 246.66998916288 230.869311026961 233.049959993661 247.621419072568 254.918193011544 254.916243976595 247.700228758985 243.906684943413 235.685748227023 235.267412397898 227.820282966561 216.615298857056 226.728500956787 227.347553750401 221.997382136588 242.517847373359 249.327340431067 249.782356999666 248.315952401528 245.704304688914 246.080550959095 247.758886333056 242.927100208064 235.405114119072 230.442819795278 220.696867292904 212.504687217448 204.230073082421 198.214116874345 216.14461585494 216.36759718034 225.760571051485 241.552222403074 250.971034085676 244.980998040939 232.294887954936 225.407324819179 227.086194956879 229.816770580362 236.665314596394 243.282907357006 246.969394658996 253.234682356413 257.383309315724
257.390366285492 258.788470654712 258.410541303231 258.17742474456 257.780415910129 255.777415149853 246.228877391932 233.673964988087 239.641882653393 251.708569928627 255.105166440081 255.202118923645 248.042791978918 242.209300559998 234.347965852525 230.112307160192 231.498399273507 230.157664024722 236.163513381066 235.972509498442 235.355661898842 247.467885167852 250.003490165929 249.774326000755 247.506652411127 244.540351792734 246.026415180244 247.145661214032 241.807983763066 229.202018235005 214.82898355014 211.357871881254 210.999983320327 202.145548207573 197.851771583503 205.554598891618 210.869561345144 224.096969400822 238.51205177817 246.193729616579 241.306623951376 226.467638413487 215.603228397183 213.381460261128 222.551371666424 234.832314871571 237.545320967666 241.388278794251 249.608336316508 260.098531114114
256.868715645575 258.570792282605 258.13947001593 258.096108936678 257.751404289923 256.574048376406 250.204217043265 239.523537449461 242.660206929387 252.587759118779 253.852568303346 254.219563565137 244.207661446915 240.687909247857 234.671542162014 229.555683536826 229.278287501628 229.448781392281 235.979881313316 242.741503287983 243.185180157252 250.062532087478 250.999409564084 250.512601170796 246.573534201899 243.291873966647 245.17002491965 243.599224421179 241.599518650656 227.971633677191 209.798675021552 210.885642316748 210.103672424489 201.322715371186 195.514941240167 195.723657466144 211.50628214868 226.487058610994 224.138020537819 230.636280557352 237.875290535429 225.151410896931 212.371711456103 206.020890889802 214.29421093852 228.0036862717 236.988838066355 244.352323723497 250.983213924458 266.374772792832
257.20260035552 258.272194640501 257.976572270831 257.748769265262 257.660773084737 256.983918269295 254.832679649006 245.693341953643 239.52009696165 248.725783822989 253.916728171598 253.714160518208 235.818392435533 233.853258934302 230.149716765468 225.849470754569 225.009276138959 225.267110621107 230.811240896336 241.46946444134 247.426984323161 251.021790576274 251.072368383993 250.13640298525 247.983775376582 242.558607586335 241.741274785534 239.65695207671 237.753488193534 228.273854757619 213.483044612353 211.666744574785 209.924029610173 208.208650794692 198.146785579297 183.31428819593 204.702659684677 216.46654558123 212.174897615557 220.784637978841 230.238973012822 222.47193318013 215.383165139202 210.836769496065 217.229294670474 227.844754110285 241.578876693543 250.267408827474 258.492590451168 265.154618511561
