rcp4.5models/CNRM_CM5/sc1gr9.23
NCOLS 261 
NROWS 433 
XLLCORNER 336357.134 
YLLCORNER 654653.479 
CELLSIZE 1000 
NODATA_value -3.4e+38 
[rows 176 to 197 of 433, columns 98 to 146 of 261]
73.7884750366211 74.2519760131836 74.8758163452148 76.772216796875 77.4578857421875 78.2094955444336 78.7534713745117 -3.4e+38 -3.4e+38 -3.4e+38 81.7837600708008 82.611198425293 79.6076965332031 64.7588272094727 70.7700424194336 70.9220733642578 65.809326171875 50.4652214050293 50.7865982055664 51.3209648132324 51.5950202941895 51.686595916748 51.4700622558594 51.4792404174805 51.6525535583496 51.8318672180176 52.8147315979004 52.8354911804199 52.9378280639648 53.2342529296875 53.5878524780273 54.0445442199707 54.2200736999512 54.6264991760254 54.661018371582 54.8505020141602 55.3401412963867 55.5935592651367 55.7273483276367 56.3277778625488 57.105396270752 56.919792175293 57.2432289123535 58.0044326782227 58.2284507751465 58.2954330444336 58.7052154541016 59.5690841674805 59.9956245422363
74.0035095214844 74.5369873046875 74.9475708007812 76.8418960571289 77.4807586669922 78.1221389770508 78.7729415893555 79.5339050292969 80.5019454956055 81.1231918334961 81.8371658325195 82.3251037597656 82.8690795898438 75.2939605712891 79.9580230712891 70.3929672241211 76.7241287231445 50.2106132507324 50.6185684204102 -3.4e+38 51.2413787841797 51.3247680664062 51.4277381896973 51.1227378845215 51.1355857849121 51.3905410766602 52.2883949279785 52.3058547973633 52.4670715332031 52.8605918884277 52.9562339782715 53.3438377380371 53.8850898742676 54.0778427124023 54.094367980957 54.2477073669434 54.6760673522949 54.8438262939453 55.1682205200195 55.6334190368652 56.2103881835938 56.2582473754883 56.8136558532715 57.0883674621582 57.3689270019531 57.5234375 58.0510559082031 58.6989364624023 59.1942901611328
74.1922225952148 74.6071166992188 -3.4e+38 -3.4e+38 77.5503921508789 78.1940994262695 78.7664642333984 79.3578720092773 80.4495620727539 81.006965637207 81.7124938964844 82.0387878417969 82.9184646606445 80.2292098999023 75.8657989501953 59.0350379943848 76.5190963745117 49.9693870544434 50.3113174438477 50.7274208068848 50.8070373535156 51.078426361084 51.0688667297363 50.6071929931641 50.6951675415039 51.0463981628418 51.8401679992676 52.065185546875 52.1433906555176 52.3235130310059 52.4256553649902 52.8886184692383 53.5016250610352 53.4294090270996 53.2831573486328 -3.4e+38 53.8855247497559 54.3488693237305 54.7691192626953 54.9844512939453 55.5322685241699 56.0416488647461 56.5094223022461 56.3137702941895 56.8705368041992 57.2162818908691 57.6262893676758 58.0988082885742 58.7994728088379
74.0703582763672 74.7335662841797 75.2322235107422 -3.4e+38 77.3994522094727 78.1896514892578 78.6361312866211 -3.4e+38 80.3582382202148 81.0216751098633 81.5618438720703 81.9198608398438 82.7917861938477 78.334716796875 60.2037315368652 58.7239189147949 76.4424743652344 49.607837677002 49.7697830200195 50.2944717407227 50.5619239807129 50.7201919555664 50.5513648986816 50.1680679321289 50.4445724487305 -3.4e+38 51.5821838378906 51.7554016113281 -3.4e+38 51.8664855957031 52.1581039428711 52.5074844360352 52.8552474975586 52.6386413574219 -3.4e+38 -3.4e+38 -3.4e+38 53.9951705932617 54.2011337280273 54.4129753112793 55.0270462036133 55.5328216552734 55.6911087036133 55.8180732727051 56.5650062561035 56.7935028076172 57.0292892456055 57.5897407531738 58.3633766174316
74.1991500854492 74.6904602050781 75.155891418457 76.9975204467773 77.4680709838867 78.061767578125 78.8443603515625 79.7234344482422 80.427864074707 81.0112838745117 81.4061584472656 81.9312973022461 82.6374282836914 79.6328887939453 54.1988983154297 68.5506973266602 60.5074310302734 49.1796340942383 49.5491371154785 50.0506057739258 50.2046966552734 50.2813873291016 50.3203010559082 49.9186553955078 50.081844329834 50.1672897338867 51.2119216918945 51.2212600708008 -3.4e+38 51.6001853942871 51.777961730957 51.867618560791 52.0756340026855 52.1718559265137 52.3610992431641 -3.4e+38 52.6702613830566 53.5961227416992 53.6313819885254 53.9279479980469 54.6612319946289 54.8733520507812 54.9190139770508 55.3034820556641 56.1440353393555 56.1985816955566 56.5229225158691 57.2740516662598 57.7536659240723
74.4382247924805 74.8415069580078 75.2353820800781 77.1212463378906 77.7052154541016 78.1795654296875 78.9371795654297 80.052116394043 80.4194488525391 80.8027877807617 81.3119430541992 81.9181213378906 82.4811477661133 78.2048721313477 58.0103988647461 75.4877777099609 48.6796913146973 49.0332412719727 49.5093421936035 55.536735534668 65.6893615722656 50.0320167541504 50.0164031982422 49.5569114685059 49.6381645202637 49.9123992919922 50.6791915893555 50.7668113708496 51.0485153198242 51.2211952209473 51.2329635620117 51.3299179077148 51.6164665222168 51.7858581542969 51.8067817687988 -3.4e+38 52.388858795166 53.0280456542969 53.1477661132812 53.6352844238281 54.2514610290527 54.3807601928711 54.635181427002 54.9265441894531 55.5510063171387 55.6938781738281 56.2098999023438 56.8419075012207 57.2366333007812
74.3418655395508 75.0573272705078 75.3125 77.1219329833984 77.6062316894531 78.3425750732422 78.8313674926758 80.0537796020508 80.4226226806641 80.7127456665039 81.3048324584961 81.7847747802734 82.6078567504883 79.6434097290039 73.2998199462891 75.2689361572266 48.4415969848633 48.750301361084 49.2662506103516 53.831356048584 61.3963165283203 49.6700973510742 49.4944267272949 49.1145095825195 49.384449005127 49.5449180603027 49.9831771850586 50.5029411315918 50.6706275939941 50.6776237487793 50.7695541381836 51.0564079284668 51.2294044494629 51.2330360412598 51.3361473083496 51.6351470947266 51.993709564209 52.5458106994629 52.8564796447754 53.2281379699707 53.7603073120117 54.0809173583984 54.2911491394043 54.4106597900391 54.7271194458008 55.0628280639648 55.4619331359863 55.9184761047363 56.8166007995605
74.4925003051758 75.1946563720703 75.6023330688477 77.209716796875 77.6760406494141 78.2678146362305 79.0635986328125 79.9689636230469 80.4957504272461 80.7837219238281 76.1885299682617 67.0980834960938 77.5160827636719 68.30126953125 69.1664733886719 74.97314453125 48.0905418395996 54.0307693481445 64.6043701171875 49.1677169799805 49.1581802368164 49.2280426025391 49.2603759765625 48.8619689941406 49.0179405212402 49.0965576171875 49.4413452148438 49.8853454589844 50.2113342285156 50.4264259338379 50.4972686767578 50.5738525390625 50.5211029052734 50.9748878479004 51.0572319030762 51.2411918640137 51.5168571472168 52.2558708190918 52.4507484436035 52.7394943237305 53.4618721008301 53.6660041809082 53.6072196960449 53.609260559082 54.1602439880371 54.3787536621094 54.6029319763184 55.1486434936523 56.0804557800293
74.6402435302734 75.0326995849609 75.6090850830078 77.3378143310547 77.9177169799805 78.3878784179688 79.1459579467773 80.2527847290039 80.5648880004883 80.775505065918 77.4975891113281 66.0949172973633 64.1172943115234 72.3685455322266 52.2741470336914 59.3006439208984 53.6590957641602 73.947639465332 81.9277267456055 70.5170288085938 64.8232803344727 48.9755630493164 48.9538917541504 -3.4e+38 48.7815208435059 -3.4e+38 48.9943161010742 49.2423706054688 49.9429473876953 50.1081695556641 50.0161819458008 49.7917213439941 50.0581321716309 50.6520614624023 50.6644859313965 50.7655258178711 51.2321281433105 51.851490020752 51.9634246826172 52.3488121032715 52.8238220214844 52.9843482971191 52.9039306640625 53.3463745117188 53.7388191223145 53.8781929016113 54.3159408569336 54.8331451416016 55.2908630371094
74.4382019042969 -3.4e+38 -3.4e+38 77.7074737548828 78.0487213134766 78.6339645385742 79.7079696655273 80.1262359619141 80.5512237548828 80.9100952148438 77.6896743774414 62.4890403747559 56.9236030578613 79.0050277709961 47.7347717285156 47.7905960083008 -3.4e+38 80.7510375976562 67.9243850708008 60.0365219116211 48.3918609619141 54.5958290100098 75.657958984375 77.0136260986328 48.2733688354492 48.2996482849121 48.4356346130371 48.4298667907715 48.6762313842773 49.3709335327148 49.3647613525391 48.9437637329102 49.201301574707 49.9009170532227 50.0749244689941 50.0840301513672 50.3523597717285 51.2413444519043 51.3486824035645 51.7522392272949 52.0817413330078 51.8790245056152 52.0808372497559 52.6053466796875 52.9276084899902 53.3119239807129 53.7502021789551 53.8876724243164 55.0189933776855
74.4628067016602 72.0537338256836 66.8891754150391 77.7182998657227 78.1417617797852 78.7700119018555 79.7586975097656 75.1364669799805 66.2666397094727 80.9253921508789 81.2987670898438 78.2931365966797 71.8537216186523 77.4590148925781 62.7079963684082 47.5470886230469 51.9455451965332 63.4774436950684 65.2534790039062 63.7871742248535 48.0863952636719 58.9238548278809 81.2653503417969 67.0155258178711 64.6692047119141 47.9153175354004 47.9775123596191 48.1802558898926 48.3116073608398 48.7487945556641 48.9901733398438 48.9202880859375 48.923999786377 49.5069541931152 49.5982208251953 49.8163414001465 50.0641441345215 50.7529907226562 51.0521049499512 51.3180923461914 51.4462509155273 51.3832206726074 51.7945556640625 52.2978439331055 52.5024375915527 52.8041610717773 53.4512367248535 53.5688858032227 54.4981994628906
74.3271636962891 75.0763778686523 71.0878295898438 77.5710830688477 78.0541839599609 78.9406204223633 79.680778503418 76.6288909912109 70.2938613891602 80.7767333984375 81.3850479125977 82.2764739990234 82.5954513549805 73.317268371582 73.5279998779297 47.2676696777344 47.4520721435547 53.280632019043 73.4664077758789 75.3545608520508 47.8528518676758 58.7432556152344 76.2890090942383 52.8830947875977 60.4875297546387 47.6726264953613 48.0669937133789 48.8458213806152 48.149974822998 48.3095703125 48.7867126464844 48.7795639038086 48.5250015258789 49.0137710571289 49.3138732910156 49.4857292175293 49.7496948242188 50.4576110839844 50.6401596069336 50.8411865234375 51.2030563354492 51.1756820678711 51.6689682006836 51.9666328430176 52.2088432312012 52.4905395507812 53.0946846008301 53.1359062194824 53.8721923828125
74.2618865966797 75.2747573852539 72.9001617431641 77.5913696289062 78.0025253295898 79.1527328491211 79.9686737060547 80.266357421875 80.4120712280273 80.7105026245117 81.4840927124023 82.2080841064453 76.9116439819336 58.2615737915039 73.3117980957031 47.0225143432617 47.1492805480957 51.4958686828613 63.2727127075195 59.2808685302734 47.5459671020508 58.4905395507812 82.2966690063477 63.9650344848633 47.6445960998535 47.3602638244629 82.1107025146484 135.539215087891 49.8464508056641 47.9878959655762 48.4807357788086 48.5177459716797 48.1712913513184 48.5054206848145 49.0027160644531 49.2160224914551 49.4594612121582 50.1368103027344 50.3590278625488 50.5229835510254 50.8194580078125 50.9260597229004 51.558162689209 51.6571006774902 51.9521293640137 52.3705177307129 52.701831817627 -3.4e+38 53.6989631652832
74.4874496459961 75.2599716186523 76.4346160888672 77.4540405273438 78.0908050537109 79.2488403320312 79.9824371337891 80.333740234375 80.4777145385742 80.8696060180664 81.7522659301758 82.0623245239258 78.2461242675781 67.6087799072266 73.0183792114258 46.7418479919434 46.9214057922363 46.8903503417969 47.0144081115723 47.3759803771973 53.5394859313965 74.4237365722656 80.5553665161133 59.8117523193359 47.3496055603027 47.1157569885254 110.60546875 -3.4e+38 49.377067565918 47.7306098937988 48.2010955810547 48.2835388183594 48.090030670166 48.2409782409668 48.7163352966309 48.8837013244629 49.1432647705078 49.8393707275391 50.1081962585449 50.3358688354492 50.3597946166992 50.6216697692871 51.2098426818848 51.324089050293 51.7339401245117 52.1399955749512 52.0625686645508 52.1000900268555 53.3012733459473
74.444953918457 75.1198120117188 76.290657043457 77.3835296630859 78.1651992797852 79.2686004638672 79.8301544189453 80.1166839599609 80.335075378418 75.5897750854492 67.2135696411133 82.1248931884766 82.2782897949219 76.8759078979492 57.980712890625 46.7495346069336 46.6172142028809 46.6648750305176 46.9151992797852 47.059886932373 51.7272415161133 64.0468826293945 59.5295104980469 47.2122268676758 47.0838661193848 46.8018112182617 113.282196044922 -3.4e+38 48.3139190673828 47.3131408691406 47.6626625061035 48.0924758911133 47.9849662780762 47.9129447937012 48.4034194946289 48.6119194030762 48.8509521484375 49.638614654541 49.5970153808594 50 50.2025260925293 50.7247200012207 50.918083190918 51.0124435424805 51.3803100585938 51.7261772155762 51.6882438659668 52.012035369873 52.6111488342285
-3.4e+38 75.0734252929688 76.0087814331055 77.3844680786133 78.0314636230469 79.2634124755859 79.6294784545898 79.9845275878906 80.2751083374023 77.153205871582 71.1486129760742 76.3871917724609 67.2340621948242 72.5376739501953 52.7424087524414 61.9115447998047 46.6383323669434 46.4121475219727 46.5351715087891 46.6787452697754 47.0086326599121 46.7963943481445 46.9267807006836 46.9812431335449 47.0926895141602 46.7898635864258 112.834403991699 -3.4e+38 141.505599975586 47.0738792419434 47.4301795959473 47.7632369995117 47.7645111083984 47.8665313720703 48.1149368286133 48.4615135192871 48.9690246582031 49.2245979309082 49.1042213439941 49.7215766906738 49.9754219055176 50.5547561645508 50.661304473877 50.9855155944824 51.2971611022949 51.4082298278809 51.4106101989746 51.9244384765625 52.3807640075684
74.2483749389648 75.1821060180664 76.1649475097656 72.5808563232422 64.4901428222656 74.0985565185547 65.8792572021484 80.0566558837891 80.360595703125 81.0123672485352 81.3111190795898 71.9812850952148 56.3240928649902 77.9499282836914 71.5881729125977 72.8261337280273 46.8100929260254 46.3371505737305 46.2995567321777 46.3968238830566 46.7194747924805 46.716869354248 46.683723449707 46.7158470153809 46.8476753234863 46.7458572387695 75.3945465087891 146.475921630859 120.09553527832 46.9103813171387 47.5151214599609 47.4965972900391 47.458984375 47.5808143615723 48.013256072998 48.2452087402344 48.9009857177734 48.9430046081543 48.8056640625 49.4707679748535 49.861213684082 50.2635879516602 50.350227355957 50.8039817810059 51.6090888977051 51.7861633300781 51.3098907470703 51.8835258483887 52.5370254516602
74.2899475097656 75.5207672119141 76.1026382446289 73.9959487915039 68.760856628418 75.1934661865234 69.7734756469727 80.1309127807617 80.3358535766602 80.760986328125 81.1632537841797 71.9240646362305 56.6346626281738 82.1199645996094 61.7778434753418 57.6375389099121 46.5011940002441 46.1117324829102 46.2842864990234 46.2453804016113 46.3667984008789 46.6421318054199 46.453857421875 46.6319580078125 46.5984764099121 46.4735145568848 46.431640625 46.5331115722656 46.7367897033691 46.860237121582 47.1863784790039 47.2543106079102 47.3761787414551 47.3353881835938 47.7696990966797 48.1411552429199 48.6048622131348 48.7821388244629 48.9041366577148 49.261604309082 49.8199424743652 50.2097625732422 50.2297515869141 50.5839538574219 51.5281639099121 51.741584777832 51.4385414123535 -3.4e+38 53.4672164916992
74.2903671264648 75.3134765625 75.9837112426758 77.1578903198242 78.3204727172852 78.5773468017578 74.1082534790039 65.9155883789062 79.8321533203125 80.3544769287109 81.0226211547852 77.4348754882812 65.6600646972656 61.9037551879883 46.5249404907227 46.478443145752 46.3611946105957 46.0998001098633 45.9742240905762 46.0168724060059 46.3574180603027 46.5790977478027 46.1893539428711 46.2201080322266 46.1284332275391 -3.4e+38 46.0746650695801 46.5180740356445 46.7592506408691 46.9457969665527 46.9205665588379 46.9673538208008 47.2046546936035 47.4062767028809 47.4786605834961 47.8958549499512 48.4971008300781 48.7386665344238 49.2532730102539 49.2247657775879 49.6898460388184 49.9558181762695 50.185848236084 50.5386428833008 51.5123481750488 51.7679710388184 51.3997383117676 51.9328994750977 54.2824668884277
74.5530014038086 75.1065063476562 75.9895477294922 76.9379348754883 77.9730224609375 78.5770111083984 75.3187103271484 64.3869094848633 65.8252792358398 80.2643051147461 80.8622283935547 81.1525955200195 71.7728271484375 46.9293403625488 61.4271774291992 46.4647254943848 46.4167518615723 46.204174041748 45.7367706298828 45.756275177002 46.0321502685547 46.4119300842285 46.3383407592773 45.9936408996582 45.8169593811035 46.0744018554688 46.0599098205566 46.4409484863281 46.4789772033691 46.7063064575195 46.8926963806152 46.8670616149902 46.9190864562988 47.1723709106445 47.3755683898926 47.6016082763672 48.2487144470215 48.9023590087891 49.1769027709961 49.1868667602539 49.5768127441406 49.8422050476074 50.4491539001465 50.7046012878418 51.340461730957 51.4447479248047 51.4404983520508 51.9056243896484 53.572639465332
74.9220275878906 75.2072067260742 75.8989486694336 114.062057495117 175.761016845703 74.6718902587891 65.4287948608398 64.3284225463867 62.4878005981445 70.4438705444336 80.6521453857422 80.8684692382812 81.2218017578125 81.3609237670898 77.606575012207 60.938102722168 46.1755714416504 46.3370628356934 46.2153549194336 45.8938522338867 45.6133995056152 45.6402015686035 45.8681373596191 45.9558219909668 45.5915946960449 45.4994735717773 45.8481483459473 45.951961517334 46.3597640991211 46.3259925842285 46.3649063110352 46.6891059875488 47.0135498046875 46.7875785827637 46.8373947143555 47.249813079834 47.8406677246094 48.8549613952637 48.6775245666504 48.9214210510254 49.5888481140137 49.9521751403809 50.4903450012207 51.0853538513184 51.4937629699707 51.4593276977539 51.5076942443848 52.385326385498 52.6878471374512
171.933471679688 -3.4e+38 75.6264953613281 103.034141540527 183.27880859375 175.570098876953 78.4442443847656 75.2752685546875 70.1815567016602 80.3850708007812 80.5111541748047 80.7862167358398 75.6890487670898 61.4046478271484 76.0610961914062 57.3074645996094 45.9181671142578 46.0240821838379 46.0564041137695 46.0542335510254 45.6931304931641 45.7864646911621 45.6699600219727 45.9689903259277 45.5817413330078 45.3638687133789 45.7701301574707 45.6140289306641 45.8946723937988 46.3000564575195 46.265739440918 46.3803405761719 46.8129425048828 46.964958190918 46.7328796386719 47.0453987121582 47.8059844970703 48.981086730957 49.1800842285156 49.3434448242188 49.8208198547363 50.0985412597656 50.649829864502 51.4973526000977 51.8429908752441 52.0115242004395 51.7421531677246 52.6563034057617 52.7351493835449
