rcp4.5models/CNRM_CM5/sc1gr7.29
NCOLS 261 
NROWS 433 
XLLCORNER 336357.134 
YLLCORNER 654653.479 
CELLSIZE 1000 
NODATA_value -3.4e+38 
[rows 110 to 131 of 433, columns 98 to 146 of 261]
122.958404541016 122.683242797852 122.739822387695 122.497520446777 122.170669555664 121.889755249023 121.53369140625 121.447906494141 121.224533081055 121.021690368652 120.776947021484 120.637031555176 120.439422607422 120.398223876953 120.386291503906 120.188957214355 120.003128051758 120.176208496094 120.142150878906 120.071815490723 120.126777648926 120.329025268555 120.215309143066 120.303512573242 120.473724365234 120.733680725098 120.653007507324 120.678634643555 120.627021789551 120.949996948242 121.265083312988 121.339958190918 121.202880859375 121.308883666992 121.554046630859 121.740814208984 121.731941223145 122.004409790039 121.969924926758 122.037094116211 122.012275695801 122.054595947266 122.17357635498 122.254287719727 122.356781005859 122.614524841309 122.918968200684 123.144508361816 123.565071105957
122.239303588867 121.982154846191 121.940971374512 121.736686706543 121.525703430176 121.256942749023 121.024383544922 120.913513183594 120.682876586914 120.559745788574 120.296318054199 120.123878479004 119.76651763916 119.70393371582 119.692253112793 119.642501831055 119.59188079834 119.645988464355 119.540908813477 119.391555786133 119.42845916748 119.682586669922 119.63151550293 119.657135009766 119.837409973145 119.959121704102 120.114372253418 120.232963562012 120.305458068848 120.55037689209 120.863822937012 120.613410949707 120.653602600098 120.819915771484 121.07844543457 121.109191894531 121.173004150391 121.487121582031 121.391754150391 121.364189147949 121.473609924316 121.530937194824 121.575973510742 121.703369140625 121.923057556152 122.165412902832 122.475868225098 122.701934814453 123.180183410645
121.612266540527 121.268783569336 120.989791870117 120.91771697998 120.795463562012 120.588226318359 120.370613098145 120.231498718262 120.148246765137 119.930892944336 119.675338745117 119.522758483887 119.259765625 119.346893310547 119.213005065918 -3.4e+38 119.263305664062 119.18856048584 119.023216247559 118.851661682129 118.95532989502 118.961524963379 119.082946777344 118.991104125977 119.248405456543 119.348701477051 119.700653076172 119.956787109375 120.169532775879 120.195503234863 120.26708984375 120.059867858887 120.232002258301 120.500732421875 120.561309814453 120.524131774902 120.695243835449 120.945083618164 120.837669372559 120.948623657227 120.97989654541 121.080207824707 121.139450073242 121.368125915527 121.68433380127 121.919395446777 122.154235839844 122.334175109863 122.83154296875
120.858192443848 120.56063079834 120.214881896973 120.37769317627 120.066764831543 119.876647949219 119.555503845215 119.476715087891 119.508964538574 119.339767456055 119.059921264648 119.020973205566 118.749038696289 118.807708740234 118.73991394043 118.596084594727 118.742431640625 118.656181335449 118.544258117676 118.484039306641 118.644714355469 118.453422546387 118.459037780762 118.531303405762 118.752197265625 118.829376220703 119.262031555176 119.450477600098 119.581550598145 119.679740905762 119.738655090332 119.567535400391 119.600952148438 119.912216186523 119.952041625977 120.005653381348 120.184501647949 -3.4e+38 -3.4e+38 -3.4e+38 -3.4e+38 120.716888427734 120.851715087891 121.080673217773 121.330490112305 121.609855651855 121.895668029785 122.149780273438 122.641059875488
120.247398376465 119.969528198242 119.579132080078 119.750350952148 119.483375549316 119.21053314209 118.840850830078 118.856109619141 118.810180664062 118.627456665039 118.583938598633 118.510711669922 118.152198791504 118.155647277832 118.08349609375 117.862663269043 118.041831970215 118.121078491211 117.997131347656 118.128257751465 118.080268859863 117.935981750488 118.048362731934 118.119277954102 118.139320373535 118.332511901855 118.730583190918 118.868255615234 119.052284240723 119.159255981445 119.062469482422 118.934028625488 119.145057678223 119.403121948242 119.553596496582 119.70051574707 -3.4e+38 -3.4e+38 -3.4e+38 -3.4e+38 -3.4e+38 120.378753662109 120.540855407715 120.690765380859 120.935905456543 121.289627075195 121.648918151855 121.928764343262 122.339767456055
119.462905883789 119.229110717773 118.781173706055 118.210891723633 117.949272155762 117.748443603516 117.580139160156 117.420471191406 117.345817565918 117.174423217773 116.968627929688 116.875122070312 116.879219055176 116.997375488281 116.77140045166 116.73136138916 116.899803161621 116.733627319336 116.859413146973 117.045478820801 116.967842102051 117.238632202148 117.135787963867 117.064613342285 117.251350402832 117.477394104004 117.771980285645 118.019630432129 118.065734863281 118.164375305176 118.030807495117 118.16771697998 118.415740966797 118.403160095215 118.50121307373 118.675025939941 119.059257507324 119.172256469727 119.21614074707 119.366958618164 119.50732421875 119.879653930664 120.06714630127 120.165000915527 120.482955932617 120.83625793457 121.060684204102 121.167778015137 121.744163513184
118.730827331543 118.507171630859 118.256156921387 117.700691223145 117.337890625 117.054328918457 116.90062713623 116.740310668945 116.720581054688 116.604385375977 116.188087463379 116.077995300293 116.221862792969 116.313415527344 116.227844238281 116.109916687012 116.321060180664 116.121849060059 116.391914367676 116.451881408691 116.434562683105 116.663375854492 116.76244354248 116.634658813477 116.863761901855 117.115745544434 117.300659179688 117.609832763672 117.562950134277 117.814323425293 117.70142364502 117.91423034668 118.221115112305 118.19522857666 118.349136352539 118.416358947754 118.763496398926 118.889678955078 118.926338195801 119.049613952637 119.257125854492 119.574630737305 119.704566955566 119.928192138672 120.223838806152 120.425148010254 120.648399353027 120.837677001953 121.558288574219
117.898429870605 117.651893615723 117.576126098633 117.041763305664 116.806663513184 116.511306762695 116.25365447998 116.070121765137 116.104484558105 115.999122619629 115.658187866211 115.496162414551 115.567115783691 115.609008789062 115.648307800293 115.706329345703 115.652114868164 115.622657775879 115.788291931152 115.962448120117 116.077728271484 116.185188293457 -3.4e+38 116.29647064209 116.437606811523 116.565231323242 116.868270874023 117.09489440918 117.195259094238 117.369430541992 117.364128112793 117.665534973145 117.9052734375 117.989219665527 118.181922912598 118.240417480469 118.54630279541 118.668579101562 118.641616821289 118.809669494629 119.059326171875 119.31689453125 119.4833984375 119.67667388916 119.82772064209 120.067047119141 120.311218261719 120.540786743164 121.280448913574
117.634971618652 117.253089904785 117.133369445801 116.312408447266 116.209312438965 116.002021789551 115.662506103516 115.512351989746 115.466484069824 115.25471496582 115.15601348877 115.059761047363 114.995803833008 114.904647827148 115.077041625977 115.275680541992 115.095169067383 115.088249206543 115.227996826172 115.530517578125 115.622406005859 115.693786621094 115.75431060791 115.924003601074 115.98038482666 116.067977905273 116.380897521973 116.622138977051 116.799224853516 116.906967163086 117.055870056152 117.27326965332 117.517158508301 117.671768188477 117.734031677246 117.840370178223 118.221710205078 118.325592041016 118.285743713379 118.551300048828 118.776054382324 119.045021057129 119.292961120605 119.400009155273 119.534881591797 119.842933654785 120.010803222656 120.260620117188 120.992179870605
117.42569732666 116.888496398926 116.713226318359 115.90357208252 115.787269592285 115.46508026123 115.090858459473 115.001342773438 114.779823303223 114.527648925781 114.460327148438 114.454246520996 114.451362609863 114.469917297363 114.642761230469 114.689987182617 114.72095489502 114.680480957031 114.83521270752 115.044975280762 115.181747436523 115.287666320801 115.344665527344 115.472724914551 115.468734741211 115.750076293945 116.07926940918 116.288246154785 116.491905212402 116.651039123535 116.827842712402 117.065132141113 117.190277099609 117.294334411621 117.377990722656 117.601226806641 117.89616394043 118.040794372559 118.034484863281 118.32576751709 118.511627197266 118.807563781738 119.087852478027 119.162147521973 119.308258056641 119.564788818359 119.768112182617 120.096572875977 120.764343261719
117.093414306641 116.6728515625 116.454528808594 115.515914916992 115.404914855957 115.080116271973 114.728637695312 114.571266174316 114.229911804199 113.913391113281 113.854644775391 113.924125671387 113.950897216797 114.068954467773 114.195304870605 -3.4e+38 114.302200317383 114.337203979492 114.467979431152 114.572273254395 114.764228820801 114.861923217773 115.044555664062 115.090126037598 115.137107849121 115.553123474121 115.837181091309 116.090263366699 116.230453491211 116.408729553223 116.591133117676 116.780029296875 117.015884399414 117.093086242676 117.253425598145 117.512634277344 117.542861938477 117.783271789551 117.833686828613 118.059745788574 118.326202392578 118.595184326172 118.799171447754 118.882621765137 119.036460876465 119.387367248535 119.654708862305 119.999656677246 120.434013366699
116.645202636719 116.254356384277 116.009231567383 115.250633239746 115.143051147461 114.878555297852 114.338470458984 114.21622467041 113.947662353516 113.681457519531 113.534080505371 113.445114135742 113.521270751953 113.609565734863 113.809310913086 113.881736755371 113.942985534668 114.035568237305 114.147003173828 114.229057312012 114.359756469727 114.501617431641 114.715194702148 114.811958312988 114.861633300781 115.267143249512 115.55827331543 115.880912780762 115.962097167969 116.080528259277 116.316825866699 116.404258728027 116.769096374512 116.991767883301 117.063941955566 117.210922241211 117.114585876465 117.504508972168 117.723152160645 117.875152587891 118.125770568848 118.413505554199 118.5712890625 118.690544128418 118.900375366211 119.266395568848 119.49666595459 119.78133392334 120.075942993164
116.211685180664 115.65885925293 115.453315734863 114.879859924316 114.776679992676 114.589836120605 114.11353302002 113.935096740723 113.816474914551 113.516403198242 113.423652648926 113.344299316406 113.352958679199 113.366317749023 113.458084106445 113.460182189941 113.637748718262 113.720947265625 113.831718444824 113.930488586426 114.11238861084 114.230117797852 114.411956787109 114.560562133789 114.67537689209 115.022872924805 115.346603393555 115.669548034668 115.818702697754 115.925262451172 116.102561950684 116.181457519531 116.475532531738 116.742538452148 116.631301879883 116.609504699707 116.649391174316 117.290855407715 117.589828491211 117.774024963379 117.936653137207 118.160507202148 118.341110229492 118.544479370117 118.801773071289 119.102249145508 -3.4e+38 -3.4e+38 119.917831420898
115.830665588379 115.236953735352 115.027229309082 114.589630126953 114.518188476562 114.359893798828 114.056175231934 113.819206237793 113.737716674805 113.466926574707 113.309288024902 113.329116821289 113.102157592773 113.206588745117 113.282844543457 113.211540222168 113.353820800781 113.383796691895 113.56031036377 113.608100891113 113.795845031738 113.984024047852 114.120491027832 114.363426208496 114.530113220215 114.873741149902 115.169830322266 115.412094116211 115.625122070312 115.740043640137 115.971702575684 116.075988769531 116.232597351074 116.366279602051 116.18864440918 116.178169250488 116.425155639648 117.06721496582 117.404991149902 117.595924377441 117.701675415039 117.889831542969 118.065948486328 118.33179473877 118.657363891602 118.787712097168 119.031799316406 -3.4e+38 -3.4e+38
115.425415039062 114.956985473633 114.784027099609 114.489120483398 114.388984680176 114.204071044922 114.047393798828 113.717590332031 113.553367614746 113.336936950684 113.167755126953 113.063468933105 112.82071685791 112.937591552734 113.03246307373 113.008087158203 113.045639038086 113.118293762207 113.277893066406 113.328727722168 113.427841186523 113.74446105957 114.000518798828 114.19605255127 114.328010559082 114.609268188477 114.834655761719 115.129898071289 115.327705383301 115.542770385742 115.68196105957 115.858116149902 115.912124633789 115.876396179199 115.934288024902 116.021606445312 116.324600219727 116.866004943848 117.158828735352 117.384506225586 117.57307434082 117.721282958984 117.859596252441 118.18049621582 118.578918457031 118.660003662109 -3.4e+38 119.271797180176 -3.4e+38
115.109939575195 114.726768493652 114.600875854492 114.269226074219 114.108505249023 113.893356323242 113.660202026367 113.365692138672 113.180557250977 113.077728271484 113.004783630371 112.80704498291 112.707138061523 112.72696685791 112.70458984375 112.73705291748 112.785339355469 112.916793823242 113.069541931152 113.076026916504 113.283569335938 113.562705993652 113.790031433105 113.786643981934 114.074562072754 114.339744567871 114.568473815918 114.952018737793 115.121047973633 115.259872436523 115.320220947266 115.502578735352 115.599761962891 115.527030944824 115.814811706543 115.992607116699 116.193885803223 116.642265319824 116.888534545898 117.203277587891 117.373641967773 117.545455932617 117.679153442383 118.06217956543 118.423484802246 118.596115112305 118.81778717041 119.074607849121 119.547546386719
114.734161376953 114.395629882812 -3.4e+38 -3.4e+38 113.528549194336 113.396308898926 113.159851074219 112.939804077148 112.738647460938 112.63387298584 112.740219116211 112.569786071777 112.356384277344 112.293167114258 112.235107421875 112.360260009766 112.400497436523 112.626655578613 112.625579833984 112.678894042969 112.926940917969 113.147888183594 113.330879211426 113.508720397949 113.593826293945 113.88648223877 114.263488769531 114.376174926758 114.523971557617 114.525436401367 114.764976501465 114.81729888916 114.879592895508 115.149833679199 115.435394287109 115.730453491211 115.869018554688 116.283699035645 116.620208740234 116.796890258789 116.880668640137 117.182006835938 117.355598449707 117.717597961426 118.101173400879 118.264457702637 118.476135253906 118.609809875488 119.297859191895
114.438919067383 -3.4e+38 -3.4e+38 113.50602722168 113.242851257324 113.119735717773 112.924377441406 112.83650970459 112.684883117676 112.47673034668 112.356468200684 112.281448364258 112.143676757812 112.120796203613 112.081115722656 112.217735290527 112.308746337891 112.468070983887 112.32568359375 112.492576599121 112.680931091309 112.89306640625 112.99422454834 113.325370788574 113.415298461914 113.731536865234 114.058135986328 114.146430969238 114.344718933105 114.348945617676 114.522552490234 114.577651977539 114.805213928223 115.08154296875 115.336738586426 115.63249206543 115.749542236328 116.096015930176 116.45044708252 116.636810302734 116.789428710938 116.940574645996 117.254669189453 117.553649902344 117.923057556152 118.207557678223 118.258193969727 118.429901123047 119.101554870605
114.103118896484 -3.4e+38 113.507972717285 113.028091430664 112.860252380371 112.732810974121 112.685478210449 112.557456970215 112.441680908203 112.324409484863 112.172843933105 112.146270751953 112.05061340332 111.992202758789 111.960456848145 112.103149414062 112.228790283203 112.351318359375 112.250114440918 112.392288208008 112.507873535156 112.657203674316 112.84553527832 113.159301757812 113.224411010742 113.45938873291 113.800315856934 113.989585876465 114.155654907227 114.142311096191 114.288734436035 114.540344238281 114.789794921875 114.992286682129 115.246887207031 115.476119995117 115.661094665527 115.979530334473 116.244659423828 116.439628601074 116.71346282959 116.796600341797 117.105857849121 117.333000183105 117.739692687988 118.126449584961 118.140327453613 118.247940063477 118.919059753418
113.801528930664 -3.4e+38 113.245025634766 112.704498291016 112.448875427246 112.37166595459 112.471977233887 112.385543823242 112.348480224609 112.256454467773 112.166084289551 112.181747436523 112.010620117188 111.839454650879 111.904151916504 112.073051452637 112.108116149902 112.136306762695 112.070457458496 112.262641906738 112.284355163574 112.465507507324 112.71932220459 113.02424621582 113.070426940918 113.17423248291 113.600250244141 113.76570892334 113.875953674316 113.894668579102 114.09253692627 114.431137084961 114.69702911377 114.853126525879 115.127532958984 115.343002319336 115.486572265625 115.771064758301 116.141799926758 116.330223083496 116.551780700684 116.640441894531 116.867729187012 117.158569335938 117.593063354492 117.939834594727 118.093421936035 118.10115814209 118.771392822266
113.435516357422 113.236068725586 113.052101135254 112.528266906738 112.254188537598 112.21053314209 112.141998291016 112.07243347168 112.036277770996 111.974670410156 111.92073059082 111.970222473145 111.843765258789 111.708320617676 111.915672302246 112.044235229492 111.959716796875 111.970993041992 111.908279418945 112.02693939209 112.069297790527 112.236953735352 112.543884277344 112.850715637207 112.99031829834 113.012977600098 113.430023193359 113.505393981934 113.699745178223 113.685722351074 113.969093322754 114.307548522949 114.488388061523 114.644592285156 115.014640808105 115.149681091309 115.266731262207 115.673210144043 115.959533691406 116.155624389648 116.320472717285 116.49437713623 116.702491760254 117.054817199707 117.485771179199 117.696723937988 117.943145751953 118.001419067383 118.555084228516
112.884483337402 112.763542175293 112.793647766113 112.446929931641 112.233383178711 112.124252319336 111.95304107666 111.932685852051 111.762939453125 111.696151733398 111.590049743652 111.712608337402 111.718017578125 111.666404724121 111.775756835938 111.759178161621 111.722396850586 111.83869934082 111.79354095459 111.878929138184 111.943008422852 112.130783081055 112.386596679688 112.58846282959 112.739120483398 112.890434265137 113.188323974609 113.334335327148 113.543304443359 113.565460205078 113.941207885742 114.203765869141 114.408561706543 114.514663696289 114.876647949219 114.987632751465 115.204231262207 115.601547241211 115.742370605469 116.031639099121 116.186645507812 116.419944763184 116.558929443359 116.89778137207 117.330368041992 117.516143798828 117.738929748535 117.915473937988 118.385475158691
