rcp4.5models/CNRM_CM5/sc1gr1.1
NCOLS 261 
NROWS 433 
XLLCORNER 336357.134 
YLLCORNER 654653.479 
CELLSIZE 1000 
NODATA_value -9999 
[rows 220 to 241 of 433, columns 50 to 99 of 261]
58.8584560883631 58.8775654956708 58.9110051620181 59.1466485041813 59.006087462231 59.0305647417097 59.0604796917425 58.9056682707401 58.9866281077474 59.1174293637581 59.1556610863656 58.9715414200675 58.9134381303325 59.0833870623449 59.1623991818905 59.2259548639876 59.2219807117377 59.2370394396726 59.3229890007514 59.2652114303309 59.4123879307946 59.4895076321444 59.4158680871679 59.4390091540396 59.4904580429857 59.5947006132833 59.5507242721648 59.5922398020411 59.5105406536053 59.6066992321266 59.648457826696 59.7085339752044 59.6992480485707 59.6778764641922 59.6721826340433 59.6946108554801 59.8140776116245 60.2854631978637 60.1656774640095 59.8285739825047 60.4753690858669 60.5417923218218 60.8403535254724 60.8361127474683 60.4507107681559 60.5033411164369 60.5606703411509 60.583026168554 60.5952154032388 60.6402167142905
58.7536695481962 58.91583588389 58.9728414935704 58.999080121854 58.9695585381783 59.1085705613953 59.1328663006242 59.0565792368844 59.0755240348249 59.1936209100435 59.1974454020634 59.1091682584178 59.0397777291332 59.0169895814038 58.9953389240112 59.186973285526 59.1412926335256 59.0789733062658 59.2151743793459 59.2439984582431 59.3466344233985 59.4261337544299 59.2817764125448 59.3342860770473 59.5100278385932 59.585904772823 59.4926039156085 59.5251041643679 59.576036849489 59.5128815396671 59.5995743157421 59.7021332789681 59.7519060649714 59.7533174737345 59.9628257186764 59.8345183258863 59.8740752599761 60.2979988200866 60.1137609679762 60.0973688230474 60.2444492350955 60.570177726332 60.7027779914016 60.8068318361559 60.5121480359369 60.5905163630812 60.6313964246775 60.6013155155013 60.5518791298839 60.721703292697
58.76678455517 58.8355940817018 58.8780461858295 58.8420871493323 58.800516436256 58.9434809219158 59.2896092741268 58.9509119658649 58.9985593003888 59.0884333350607 59.1097732799022 59.069020202939 59.0464401262405 59.1352623389193 59.1014665454362 59.1721961291079 59.2758584446087 59.3074761171107 59.2466112724205 59.3674277189605 59.2471526491168 59.1985017726322 59.3713083262344 59.3884424553581 59.5472953928023 59.5896113930411 59.5420981808741 59.5261677565882 59.539415202207 59.4922492631458 59.6351484830624 60.0131191996318 60.1849767589006 60.0613895823067 60.2575234860312 59.9364223562135 59.7735843750613 59.9266697692432 59.9896142724951 60.3534365998898 60.1188593346813 60.4441074731638 60.5373890937038 60.7480048870276 60.6078568749121 60.5429497694052 60.8117729452581 60.5760479565073 60.5774872875614 60.745508138613
58.8297664083866 58.8155963191501 58.9051579177605 59.0510011964496 59.0914597232514 58.9856228797955 58.9503114577996 58.8571251419907 59.0436140070414 59.0021128786108 59.033961672465 59.0464187435649 59.0519661694542 59.0843720859159 59.1163790115766 59.1578086672736 59.1808579378244 59.1713544683911 59.4091193675119 59.3583450937018 59.2883509897293 59.278636741576 59.3943894094144 59.420583204766 59.5457091625331 59.5497631321177 59.58010750299 59.6838667554715 59.6232528424957 59.6253940148019 59.6596357954857 59.816641636003 59.8843988572146 59.8431584103909 59.9062512649845 59.809153004714 59.6712405117849 59.6802767732643 59.8919915572738 60.2523208535469 60.1261132994391 60.2662633157204 60.349702190114 60.4930019601072 60.6128410578615 60.5902464456877 60.6231690924208 60.6826723763872 60.7216178768056 60.6364181272382
58.8095555086281 58.9624539136205 59.151157259451 58.9814282837896 59.0491829331794 58.9880353586821 58.7784968593647 59.0407397890637 59.1105145567795 59.159915339157 59.2133257527517 58.8328886414075 58.8878487025112 58.846655646626 58.90032494595 58.9979234593141 59.0544177528078 59.2221029502844 59.549657161168 59.1553562197556 59.3449311775468 59.3739764303107 59.4018731029343 59.3625311168311 59.3756263482672 59.4882664241283 59.4290460936434 59.5891385803612 59.6782433004873 59.6846677224475 59.6228557504821 59.5567341773067 59.5646924583543 59.6221085643858 59.668959991039 59.8879114234503 59.8481712081829 59.8892715669197 59.9146853751768 60.066188470935 60.1191209592429 60.0825311134971 60.3088846020947 60.4565635732356 60.5943876533838 60.6866676704713 60.7496836490192 60.917151687465 60.8754235863083 60.650855055471
58.7882245630405 58.8907373112008 59.0015364885602 58.9291946748669 58.9708698688853 59.0636123583733 58.9847965527323 59.2625760375615 59.3025973845104 58.8639964908412 58.9309445489257 58.804001164548 59.3312749740406 59.4146863173037 59.263102111811 59.1427666958075 58.8279440007993 59.4095464125358 59.4171378071981 59.4327346499335 59.5472317094147 59.2262532310511 59.3642089470955 59.1818241304799 59.2580121253805 59.5930829898438 59.5758785020351 59.3540889662849 59.7840617277669 59.9080549570434 59.8042627586767 59.7052958316353 59.5334444670674 59.6000413089858 59.6333743716176 59.8175366552206 59.9701983964473 60.094038480287 60.1234253672412 59.8672299876948 60.2635791719657 60.1789825469009 60.4265207344415 60.4760742271526 60.5519035750072 60.6004013464333 -9999 60.8798621023899 60.8902401854929 60.795703626312
59.0640839782783 59.0319859115997 58.9161208851109 58.8694379133395 58.8736803150081 59.1633789805735 59.0642648248485 59.0582579927532 59.0129142739956 58.6257210910909 58.8771471214462 59.3400240613349 59.4157807628144 59.4698868151285 59.0708332846056 58.9840199277171 58.9109984680611 59.4487841838399 59.3060928715663 59.4468617736727 59.2024878222499 59.1141060918097 59.3191994075067 59.2735255269237 59.516845487226 59.4334469596831 59.5550323529591 59.3237186482287 59.6591331622435 59.8848938074593 59.848117829579 59.6511918597971 59.6456519706049 59.8113089504334 59.7983554643356 59.6593800271073 59.9027656598196 60.1959242928982 60.0504209109688 59.8712689656731 60.2298882766657 60.1868185942382 60.3331741813069 60.4804896900038 60.535347375365 60.5882070340438 60.6132301794727 60.7818857604572 60.702341026492 60.744333784857
58.9886614400716 59.0932142472924 58.9642812102707 58.992331940389 59.1368085691336 59.2072405491458 59.1856658003616 59.0019525214865 59.2276270367783 58.9351211019723 59.1682127430563 59.079675902949 59.0008812986914 59.4489895984201 59.4197073606714 59.2390412487721 58.860078961636 59.1979196060959 59.2262916650889 59.0777891982919 58.9807341918199 59.0706224801718 59.3509053258407 59.5633553113387 59.4816513284454 59.645644949768 59.5762889810054 59.7154544504612 59.5050333883558 59.928756844618 59.8462190206329 59.6431355122137 59.8625668594132 59.8009824076219 60.0380159392601 59.980235383727 59.9099305286687 60.250349277856 59.8605436421834 59.9696281321861 60.1792829100821 59.9533065828922 60.2228390317114 60.6409605214289 60.6455617661482 60.4606794712633 60.6942224851379 60.8651060734023 60.6543088755657 60.7518577304439
59.0104690912002 59.0303221699453 58.9742901896709 58.9548247000128 59.0249343221796 59.1033130764682 59.1449903724794 59.1662869672625 59.3764585009271 58.7492379332571 59.0808396168802 59.2247100872423 58.9494474620102 59.2399978245338 59.4285352118051 59.5304945091177 58.9509950923471 59.1460434734338 59.4049096077486 59.1529475934715 59.1795187092851 59.3294131581776 59.201645958976 59.2857602112538 59.205967283818 59.4146420909383 59.3221204325897 59.465004642425 59.8106655576814 59.8487582969363 59.5387180493117 59.6058765465151 59.7603291896808 59.6985595873505 60.0634131811466 60.0181048085248 60.0495229529677 59.9388507240932 59.8355254157991 59.9690113165118 60.1871472844985 60.0605329923625 60.2721391567473 60.5676380163158 60.4260000743689 60.5117049458078 60.7688091363932 60.9821320317618 60.7996627629265 60.7674790043209
58.8069889839746 58.9312811798396 58.7722934914673 58.8892571407053 58.8972239961165 58.9217082509321 59.1843312159156 58.9045122301665 59.1379277579174 59.0186465745599 58.994960994559 59.2130118208018 59.1545888925631 59.1364478262162 59.3359510264221 59.3170374763229 58.9164716605846 59.4525967446621 59.2035746608979 59.305655256606 59.396408154887 59.6410165534573 59.5069499487982 59.3646844796222 59.1267532321654 59.2931529135178 59.495994877366 59.3356299008024 59.6838440718397 59.822262589932 59.5630093551056 59.8843130855367 59.6212941496478 59.6516936118207 59.8258473315876 59.8366161517724 60.0614110051045 60.0265917406365 60.1486911758936 60.003171656592 60.1274820991806 60.0669964128239 60.2124356519796 60.2813624579353 60.2086369564504 60.4904173262703 60.8327208886683 60.7855828392742 60.7327469009359 60.790215864757
58.7632345787223 58.8535387966935 58.9403260114183 59.0365888764035 58.8770793043247 58.8186915045797 59.3902958584826 59.1799206574546 59.2669196992912 59.1744547764981 59.3149891716628 59.0155511875626 59.1204847979745 59.2029806278299 59.2649029956032 59.3482489313673 58.8924798268617 59.290421620817 59.0690077199818 59.4399102467989 59.3058333035506 59.5183723732523 59.7370666188405 59.6214696819408 59.1862818801417 59.405500850564 59.6248394937744 59.4592139254689 59.4740951019061 59.7964666227022 59.685219318132 60.1458828440744 59.7745701456932 59.6154689580102 59.5676261551492 59.7235746576584 59.8229089316268 59.9221230775197 60.0361888360363 59.9309470082374 60.2025031544929 60.0929987141347 60.2578523089663 60.3820838809552 60.2636508453159 60.4404054142325 60.5199152438015 60.4717808100286 60.4842894172625 60.9286321280487
59.0468773668432 59.0763697202686 59.0466186039454 59.0259120160004 59.0582091506791 59.1204852720812 59.3142292710513 59.0427918219362 59.0255160867859 59.0055137009424 59.2365887526252 59.2024037824731 59.2066338053142 59.1502127994022 59.2818847471035 59.4497046648628 59.2891668270023 -9999 -9999 59.2328156470489 59.0625981055607 59.1309749862848 59.3344243163048 59.5709578319925 59.2318435489395 59.4194276641106 59.3948882676051 59.6127143208399 59.3503254592176 59.1990971376691 59.3159706693946 59.6038595942354 59.892904756419 59.9004631326925 59.8847698874763 59.8092243501603 60.2594124047381 60.2457893049042 60.2755885390661 60.0522531833021 60.1161247990993 60.3340045213102 60.413767466967 60.3295422737795 60.4612134904653 60.4968329820905 60.4503396331201 60.5617487279867 60.545073534499 60.7483242280871
58.9810126414378 59.0664209311485 58.9942344602007 58.8162837468918 58.929203827978 59.130016893787 59.1544570917307 59.2105110854141 59.2507778265812 59.2464703858977 59.3120911422126 59.2484561348758 59.2797462534529 59.3616447778792 59.4882643003135 59.3079808633056 59.2311820714045 59.2014380922049 59.2207989523545 59.1033987541694 59.0633126447779 59.2226842182481 59.3471490641157 59.5674296901067 59.3797779605413 59.4676916958274 59.4447645287536 59.6356901472869 59.2669511289445 59.3758278316256 59.2812818218588 59.4487559717804 59.5958725853564 59.6627317105647 59.8244252223136 59.8794863311692 59.8829646459942 59.7490557939812 59.9067010221049 60.0963852013009 60.1852599605829 60.3730350619925 60.2277450934475 60.3471315884294 60.4620151029184 60.4450252655025 60.5534744281095 60.5764420561824 60.381902898424 60.5871213568052
58.930255459229 58.8832785781765 59.0421930022826 59.0561770748292 59.144794801297 59.1582183368075 59.2325203237018 59.2175028769222 59.1517373487688 59.2426421078258 59.2123988788078 59.3601876791176 59.2639574711231 59.344203642106 59.4537734047238 59.3669491144267 59.3464941453693 59.344267404194 59.100984876416 59.0740750670347 59.2150385503747 59.4730819134057 59.3951912501188 59.3570464450986 59.4766404322056 59.4867079685396 59.4602241185645 59.495253577249 59.3400103121971 59.6071972821852 59.448628976376 59.3547218545019 59.5445838675827 59.5341544789656 59.8447129112513 59.9393863086175 59.5154022684331 59.5223213107412 59.8370452539272 60.134050280112 60.0766799988273 60.1694652961706 60.1855127807957 60.3462342574126 60.4395962940559 60.6289479291256 60.6759784611742 60.4790205445788 60.4027860951934 60.5483365676255
58.9596897730303 58.9114528912479 59.0556934825865 59.0841431534292 58.9627090149205 59.2049517533862 59.23243690007 59.1047218225984 59.2086493685752 59.1852375978517 59.0833321398736 59.3391463765167 59.3392321041129 59.0460935527047 59.3264538819204 59.3977434340916 59.4568451749205 59.5171209535504 59.3165956619037 59.2645420553349 59.4192446480143 59.4962774315496 59.3854324913958 59.3891025420288 59.4980052371217 59.551079089725 59.5015303680166 59.3772523106455 59.3292613643822 59.6910095667153 59.7466610852169 59.6693768659079 59.7505310746501 59.5815820155245 -9999 59.8344386183704 59.6331994389167 59.5286695348524 59.7889466204144 60.1169765014566 60.0561683081498 59.9132608713423 60.0518109427709 60.1629567772983 60.3954995226543 60.5449089714807 60.4479652748122 60.3524463828717 60.6112894077137 60.6375362238103
59.0647725053685 59.1394048448445 59.0476157137676 59.0941184008168 59.0757961831576 59.2462183803549 59.2896521170217 59.0681260479229 59.1016689135191 59.1906655817475 59.2295614658317 59.3438660093204 59.3827404635112 59.2129938606564 59.1555430295361 59.2587305773389 59.4892323497908 59.5596671217944 59.4870329390813 59.3038584926644 59.4038020368837 59.4335185935567 59.318766188996 59.3584660054832 59.576509405244 59.6067595507006 59.6076290414273 59.5192802541222 59.4306101234115 59.6990188068295 59.6316323415422 59.8812310680961 59.9041267528617 59.6735337439395 -9999 -9999 59.6451058317905 59.6923515505458 59.775956081562 60.0487950794137 60.094609822009 59.8421227446895 60.2983973401212 60.1223839801381 60.0842747153415 60.1909004829874 60.3681650992276 60.4085526003949 60.5227955512258 60.5285762973657
59.0875277932794 58.9085378454568 58.8294688566755 59.1343834799824 59.2248534787969 59.3337253987789 59.3683454708207 59.2149206562647 59.0450564390098 59.170934742416 59.4245625611092 59.2869895533423 59.3164329048115 59.2660885917029 59.0473131628608 59.2173067232995 59.4992128291361 59.4785726444472 59.4421916150534 59.2939415311205 59.3407707862392 59.4689903070483 59.4049268890428 59.288895181216 59.5708465455474 59.5895374325773 59.6723781818068 59.6840139270807 59.686141779835 59.772994177029 59.6987404371442 59.8716372328965 59.968454350682 -9999 -9999 59.5469169776896 -9999 -9999 59.909786216538 59.9364653467805 60.1888578847759 60.0276343770041 60.2030875756203 60.1727243621912 60.1627811121611 60.1967835097267 60.5535870904997 60.4084102725754 60.3873214281677 60.5056443884423
59.1633409224292 58.994805489939 58.9468030220841 59.1960640179075 58.9869670646362 59.1592390547818 59.0783576118576 59.1327696187288 59.1401961173973 59.148414323864 59.333153940226 59.3869023785242 59.2500471728129 59.2455762088952 59.2068415685026 59.2527960858495 59.2834485333714 59.7413463195987 59.6923726074186 59.4471698530432 59.395351866963 59.5112839877647 59.4424971698927 59.4259369991857 59.6053614052319 59.5463958185922 59.6368496611559 59.7375404454323 59.7980395300632 59.8227334659727 59.8929331666556 59.8611489762599 59.9744221566896 -9999 -9999 -9999 59.8007987260397 59.8978404619833 59.8540557685155 59.9868728339051 59.9349177574542 60.0322535880709 59.9628195284837 60.0937162534486 60.2996874572157 60.4036022336621 60.4356049895354 60.2731256644466 60.4398328607174 60.5854117487565
59.1337206323689 59.1157780757237 59.1249437891095 59.2444366313915 59.1230472139739 59.1862146882429 58.9278558044986 59.1098215855437 59.2758280871649 59.1377304712932 59.2015359865399 59.3836445745471 59.4979350579529 59.4579896314314 59.3457591741935 59.315699909577 59.3016404721567 59.7508003016179 59.6656815671855 59.4467914623401 59.5027399741906 59.6384231200936 59.4807557030917 59.5346590296002 59.6543439381013 59.5856982215881 59.71152333608 59.7519299012958 59.8429317180912 59.9085053393646 59.9465754175509 59.9200831542848 59.9252260543169 -9999 -9999 59.7722790277731 59.7666792507757 59.7582842172328 59.877185910705 59.9516071590268 59.9243836838189 59.9729302543214 59.9835241387111 59.9543725261793 59.9877768729867 60.246987282507 60.2848322743376 60.3582436958253 60.3114278956154 60.4078003924146
59.1201149228858 59.0864013735941 59.0258766365789 59.2737313153163 59.3234351459689 59.2593431854949 59.1876076477039 59.2702499592304 59.2693086301583 59.1164984195888 59.1891317423243 59.2963130044779 59.4251893849445 59.4443592193467 59.4461009264722 59.534273965779 59.6276994192646 59.5992355665034 59.5141700956941 59.6324821659637 59.6586070034282 59.5978779164399 59.5344777328912 59.5447750423624 59.6048216543098 59.6214442993832 59.7139339614071 59.6912149616423 59.9014658392921 60.021498904843 59.9717763741693 59.9557803274205 59.9176477322713 59.8354617054692 -9999 59.9910602974077 59.9802660983808 59.8388849437348 59.9708335065068 60.0076877054134 60.0662759493104 59.8824811216885 60.0537239340611 60.0207150920305 59.9770046733007 60.0969091224769 60.2566867369291 60.4515747510147 60.2588731194286 60.5035513004685
59.1616818351579 59.2344563914729 59.3653034641384 59.4050076225955 59.2253780998039 59.2192807130526 59.2270003700333 59.2950017350214 59.3225516151692 59.3368708194943 59.4283729264972 59.4880289636104 59.4601968308852 59.4336425788619 59.494681819583 59.5593229494761 59.6277624064732 59.6805688979184 59.5885406584796 59.4864004803105 59.4341438819405 59.5239335665324 59.6795725207446 59.8736980118563 59.821248020346 59.6515868570612 59.6906316849001 59.7129840062932 59.6519047418299 59.9277324548936 59.8459240942783 59.8706568403453 59.9832202637449 59.9052086495856 59.9257194331467 -9999 60.1423723103219 60.0376148261686 59.9790739612565 60.0948899524673 60.1115300111006 60.0190775533325 60.1586861795492 60.2042178598418 60.1783889872745 60.2166919371068 60.3214995707174 60.3395935171839 60.1857712602462 60.471221047576
59.2903146344765 59.4621638558217 59.4229198678055 59.2405944545338 59.2057991836265 59.294545747118 59.2472761546704 59.3162137944734 59.3964792055766 59.4649867861407 59.5573266813137 59.5096627840932 59.4073351329367 59.630708588212 59.688805183303 59.6405621083888 59.5425907664082 59.7051543571504 59.7234532308236 59.6491204195441 59.7162397161861 59.7123952720801 59.6820089948905 59.832780435654 59.7538048195742 59.5692430463048 59.7393617238613 59.7900290731931 59.7467908620435 59.8830194978603 59.788756814774 59.8295599163994 60.0639093374043 60.0547922021456 60.0089799328042 60.0489289318315 60.2079558130473 60.1681446053512 60.0248833441997 60.1158138526994 60.1678020629757 60.1915800007485 60.1808897364314 60.2494619177152 60.2830624091168 60.3986200856567 60.5080416212347 60.2720748977142 60.2863846180729 60.3936555921019
