rcp4.5models/CNRM_CM5/sc1gr1.32
NCOLS 261 
NROWS 433 
XLLCORNER 336357.134 
YLLCORNER 654653.479 
CELLSIZE 1000 
NODATA_value -3.4e+38 
[rows 132 to 153 of 433, columns 49 to 97 of 261]
67.0913543701172 66.6850891113281 66.7653045654297 67.644889831543 67.3091430664062 67.2982635498047 67.2238311767578 67.7153091430664 67.7149276733398 67.8282089233398 67.7063140869141 68.3073501586914 67.705451965332 68.4969024658203 68.1896667480469 67.8870086669922 67.7514572143555 68.3810043334961 68.7587280273438 68.7572937011719 69.0735473632812 68.2394409179688 68.5253982543945 68.9347915649414 68.8894424438477 68.9567565917969 69.0155410766602 69.2133865356445 69.1884155273438 69.3456115722656 69.7283477783203 68.8428955078125 69.0442962646484 69.4979553222656 69.3776397705078 69.317497253418 69.4384002685547 69.7015075683594 69.7028121948242 69.6825561523438 70.0837783813477 69.279914855957 69.5498199462891 69.9276809692383 69.75146484375 69.6656265258789 69.4875946044922 69.7326889038086 69.7802352905273
67.1429595947266 66.9170837402344 67.2223892211914 67.2858428955078 67.2245330810547 67.2111587524414 67.5604476928711 67.8114395141602 67.9491195678711 67.9687881469727 67.4451141357422 68.0766296386719 67.3223266601562 68.1725387573242 68.0393829345703 67.9337387084961 68.2948455810547 68.2182540893555 68.5781402587891 68.4614334106445 68.6110305786133 68.4868850708008 68.4201812744141 69.084358215332 68.9566497802734 69.0820693969727 69.2651901245117 69.3897247314453 69.2910079956055 69.2839050292969 69.8041000366211 68.9464950561523 69.0862274169922 69.70556640625 69.3135681152344 69.4083786010742 69.6778564453125 69.8491439819336 69.8966522216797 69.9033432006836 70.3211669921875 69.3926620483398 69.6274490356445 69.9210586547852 69.7046356201172 69.7309799194336 69.7397384643555 69.7562103271484 69.2799911499023
67.4908752441406 67.0769500732422 67.2052536010742 66.9110412597656 67.1655960083008 67.4099960327148 67.6640853881836 67.5125274658203 68.1538925170898 68.0367660522461 67.6834106445312 67.6900939941406 67.5288238525391 67.6249847412109 67.6707763671875 68.1433181762695 68.6350708007812 68.6892242431641 68.9536437988281 68.2415084838867 68.5685653686523 68.3776550292969 68.4541397094727 68.8370513916016 68.9572906494141 69.1272125244141 68.9404067993164 68.9021987915039 69.6508865356445 68.9402313232422 69.281005859375 69.0294036865234 69.0350341796875 69.3334274291992 69.3660049438477 69.5708847045898 69.7638702392578 69.9815216064453 70.0846633911133 70.0058364868164 69.3855209350586 69.4027709960938 69.6097640991211 69.7243804931641 69.4448471069336 69.6368560791016 69.7896194458008 69.6704330444336 69.6374359130859
67.1811828613281 67.232048034668 67.3047714233398 67.3769607543945 67.3475189208984 67.5477752685547 67.6233291625977 67.3998107910156 68.1152191162109 68.2169036865234 67.6146697998047 67.7809219360352 67.5817413330078 67.6513748168945 68.2313003540039 68.6220321655273 68.7722320556641 68.5525741577148 68.5371856689453 68.468994140625 68.6615371704102 68.3016586303711 68.4800415039062 68.7837905883789 68.9804992675781 68.8888244628906 69.1275863647461 68.8816375732422 69.4444580078125 68.8019256591797 69.0421524047852 69.0525436401367 69.0506134033203 69.2618865966797 69.4113998413086 69.5476837158203 69.5729217529297 69.6539840698242 70.1707458496094 70.0236129760742 69.4756088256836 69.6974716186523 69.8359680175781 69.8279876708984 69.7627868652344 69.6176834106445 69.7449645996094 69.3281784057617 70.2675933837891
66.905632019043 67.3919906616211 67.3530654907227 67.4100646972656 67.4701843261719 67.6006851196289 67.5574645996094 67.6781234741211 67.6583862304688 67.7386169433594 67.7926483154297 67.864387512207 68.0163192749023 68.2296295166016 68.1338500976562 68.3406982421875 68.2028274536133 68.1757965087891 68.4321136474609 68.3177947998047 68.5646591186523 68.4641036987305 68.6753387451172 69.0368270874023 68.988525390625 68.8806610107422 69.2327346801758 69.0922012329102 69.3237915039062 68.946907043457 69.135498046875 69.3004989624023 69.1915664672852 69.3656845092773 69.4571228027344 69.6477737426758 69.5690307617188 69.4871292114258 69.9364776611328 70.1999588012695 69.5806884765625 69.5866088867188 70.0524520874023 69.8739242553711 70.0092163085938 69.5403747558594 69.3004608154297 69.796142578125 70.4693603515625
67.2773895263672 67.3172912597656 67.401123046875 67.5278015136719 67.2773971557617 67.7496337890625 67.4129104614258 67.914436340332 67.9929962158203 67.7095260620117 68.1172332763672 68.1077117919922 68.305419921875 67.8279647827148 67.7250595092773 68.28076171875 68.0847930908203 68.3437728881836 68.6908798217773 68.5930862426758 68.4269027709961 68.570182800293 68.7570953369141 69.1149978637695 69.2009735107422 68.9146347045898 69.0680465698242 69.0287704467773 68.9481353759766 69.0563125610352 69.2982788085938 69.8126602172852 69.2082901000977 69.3226852416992 69.3469467163086 69.7241363525391 69.7270889282227 69.6888275146484 69.8167343139648 69.4746475219727 69.308837890625 69.4770584106445 69.8102264404297 69.7495193481445 69.6901702880859 69.344108581543 69.2332305908203 69.4440612792969 69.5907211303711
67.4672088623047 67.0628967285156 67.4554214477539 68.1029815673828 67.5336151123047 67.3486328125 67.9030075073242 67.5263595581055 68.0971984863281 68.163703918457 67.9502792358398 68.153450012207 68.2352905273438 68.571044921875 68.8751525878906 67.8658981323242 68.3271331787109 68.5367584228516 68.603401184082 68.6595611572266 68.8138732910156 68.7495269775391 69.0648651123047 68.9609909057617 68.9644470214844 69.1114044189453 69.1200103759766 69.0578765869141 69.1950378417969 69.2489318847656 69.3374557495117 69.5450744628906 69.5878067016602 69.7799758911133 69.8553466796875 69.317512512207 69.4351119995117 69.3416213989258 69.6790771484375 69.8191299438477 69.3887329101562 69.6241607666016 69.7492065429688 70.0043563842773 69.9939193725586 69.7094268798828 69.613166809082 69.4196166992188 69.1752624511719
67.5113372802734 67.0936508178711 67.4752044677734 67.3720092773438 67.3147125244141 67.368049621582 67.576545715332 67.7697448730469 67.8804931640625 68.069221496582 67.7105484008789 68.1335220336914 67.9808197021484 68.1778106689453 68.4478530883789 68.0656433105469 68.2219314575195 68.6486282348633 68.5409469604492 69.1647567749023 68.9337921142578 68.6879119873047 68.6932220458984 68.9867630004883 68.9341583251953 68.8845138549805 69.0456008911133 69.0075836181641 68.8384323120117 69.500129699707 69.3234558105469 69.7443237304688 69.5310745239258 69.9601821899414 70.0153579711914 69.2822265625 69.4189300537109 69.5954208374023 69.8006744384766 69.6570129394531 69.3202590942383 69.617805480957 69.7449951171875 69.7297897338867 69.7265853881836 69.7092361450195 69.6375885009766 69.428955078125 69.3966522216797
66.9123229980469 66.9718475341797 -3.4e+38 67.482063293457 67.4206619262695 67.5430297851562 67.5739288330078 68.0922241210938 68.0530700683594 67.708984375 68.0033569335938 68.2196655273438 67.8805541992188 68.0727844238281 68.2204437255859 68.2984237670898 68.5144882202148 68.821662902832 68.6782684326172 69.166389465332 69.4111633300781 68.9668121337891 68.477294921875 68.7838287353516 68.8546447753906 68.8486328125 68.9709701538086 68.7250213623047 69.0829467773438 69.5448989868164 69.6546630859375 69.6725158691406 69.6689376831055 70.0578460693359 -3.4e+38 69.1315612792969 69.5168533325195 69.6845626831055 69.4486389160156 69.5303497314453 69.6291656494141 69.5286483764648 69.7890472412109 69.866325378418 69.9121856689453 69.9351959228516 69.6960372924805 69.4897537231445 69.547248840332
67.7869720458984 66.9007339477539 -3.4e+38 67.8129043579102 67.465576171875 67.5149154663086 67.8361892700195 68.2870712280273 68.4341201782227 68.2863540649414 67.8191299438477 67.9775314331055 68.2846298217773 68.1796264648438 67.9633178710938 68.4670715332031 68.6920166015625 68.6565780639648 68.75634765625 68.6011505126953 68.9245529174805 68.9054489135742 68.807746887207 68.9520568847656 68.8098373413086 68.9232788085938 68.9809494018555 68.7794036865234 69.4721832275391 69.7693023681641 69.881965637207 69.6654434204102 69.6796035766602 69.9122314453125 69.5647201538086 69.6111221313477 69.8354339599609 69.3266220092773 69.3147125244141 69.4554290771484 69.7839660644531 69.5029220581055 69.6908569335938 69.947021484375 70.0362396240234 69.8315505981445 69.743278503418 69.5421676635742 69.5866241455078
67.7659530639648 67.1458511352539 67.3815612792969 67.4695358276367 67.4696044921875 67.5600814819336 67.8528366088867 68.0702514648438 67.9027099609375 68.1324005126953 67.7295303344727 67.9751586914062 68.2449951171875 68.2181701660156 68.2169799804688 68.2539978027344 68.8577880859375 68.8796997070312 68.8193969726562 68.8298568725586 68.6065368652344 68.5405120849609 68.6888732910156 68.8671493530273 68.8484649658203 69.1561813354492 69.3034057617188 69.3957138061523 69.6681289672852 70.0459594726562 69.9126281738281 69.7420883178711 70.0289535522461 69.8786392211914 69.4280166625977 69.8498458862305 69.3868408203125 69.2729721069336 69.383171081543 69.487190246582 69.7281799316406 69.5937805175781 69.6438446044922 69.835334777832 69.8761901855469 69.3726272583008 69.9931793212891 69.7167587280273 69.5682067871094
67.2708740234375 67.7354431152344 67.8506317138672 67.5065383911133 67.6558074951172 68.2994766235352 68.0130844116211 67.6304092407227 68.3169708251953 68.069206237793 67.6944808959961 68.023307800293 68.242317199707 68.2661209106445 68.3410949707031 68.1834487915039 68.716552734375 69.2011260986328 68.9596633911133 68.9601821899414 68.3835296630859 68.4538040161133 68.6851577758789 69.1410217285156 68.938362121582 69.2264404296875 68.9592590332031 69.1494674682617 69.6823043823242 69.5368957519531 70.0518493652344 69.7362289428711 70.0445022583008 69.6267166137695 69.2479629516602 69.9460296630859 69.1531448364258 69.3645553588867 69.5512084960938 69.6160888671875 69.4537200927734 69.6204071044922 69.7350234985352 69.7958145141602 69.7437591552734 69.2269973754883 70.1392517089844 69.5041732788086 69.4599990844727
67.1911926269531 67.9849014282227 68.2686004638672 67.7821655273438 68.3834991455078 68.7334213256836 68.2382431030273 67.7612686157227 68.0384216308594 67.9754638671875 68.1863861083984 68.0604782104492 68.2975463867188 68.5146789550781 68.4632568359375 68.3046722412109 68.342414855957 68.9659118652344 68.7095184326172 68.7670974731445 68.5794906616211 68.5103988647461 68.7491836547852 69.377555847168 69.0257034301758 69.3233413696289 68.9684982299805 68.9623107910156 69.3577575683594 69.3699188232422 69.8459396362305 69.8562316894531 69.9167556762695 69.5186920166016 69.4909210205078 70.0234298706055 69.2477188110352 69.5949249267578 70.0078811645508 69.8555221557617 69.7186660766602 69.5849761962891 -3.4e+38 69.6318435668945 69.7428741455078 69.3071441650391 69.4852905273438 69.3221740722656 69.4289016723633
67.4128952026367 68.1169052124023 68.005256652832 67.8478775024414 67.447868347168 67.5546264648438 67.6581878662109 67.770263671875 67.8883514404297 67.9833831787109 68.3225326538086 68.2697830200195 68.0606536865234 68.6207504272461 68.5918579101562 68.2052230834961 68.1780776977539 68.5907821655273 68.5547790527344 68.6655197143555 68.5889129638672 68.6210327148438 68.829948425293 69.1667785644531 69.2424087524414 69.286376953125 69.3889617919922 69.3030014038086 69.3542022705078 69.4841003417969 69.3915939331055 69.8970565795898 69.7282943725586 69.2172393798828 69.3357925415039 69.4689865112305 69.2761764526367 69.5195007324219 69.9616394042969 70.048828125 70.0740127563477 69.9882659912109 69.6829833984375 69.7909698486328 69.5552597045898 69.4060668945312 69.0657958984375 69.2577819824219 69.4359436035156
67.1620178222656 68.0397109985352 68.3861618041992 67.6017227172852 67.22021484375 67.2463455200195 67.5208587646484 67.8120422363281 68.361930847168 68.1480331420898 68.3268356323242 68.3944473266602 67.976936340332 68.4928741455078 68.4588241577148 68.1240615844727 68.5609817504883 68.8414306640625 68.5601806640625 68.8248138427734 68.9118728637695 69.0101699829102 69.1659927368164 69.0190048217773 69.2553405761719 69.3409881591797 -3.4e+38 69.5697860717773 69.6860961914062 69.195915222168 69.3455657958984 69.6510848999023 69.6331787109375 69.5715637207031 69.5641937255859 69.3153457641602 69.3356018066406 69.4739074707031 69.7461853027344 69.9538040161133 70.1444396972656 70.0476913452148 69.9719161987305 69.9215774536133 69.5689315795898 69.7795028686523 69.1847152709961 69.7897033691406 69.4089202880859
68.1493606567383 67.9860610961914 67.5562133789062 67.4844360351562 67.4985885620117 67.9947052001953 67.7812347412109 67.9156112670898 68.4016876220703 68.3453140258789 68.4205703735352 68.3640747070312 68.1028366088867 68.3534622192383 68.5199966430664 68.1675262451172 68.4442596435547 68.5044250488281 68.2990341186523 68.5929107666016 68.7858734130859 68.8561325073242 68.9640655517578 69.0357437133789 69.1851272583008 69.2243728637695 69.1396408081055 69.4248428344727 69.8304290771484 69.1336822509766 69.3614349365234 69.5310592651367 69.646614074707 69.7575531005859 69.7991180419922 69.4141387939453 69.4260101318359 69.6409683227539 69.7839660644531 69.8620223999023 70.1019134521484 69.9643936157227 69.9837341308594 70.1296234130859 69.9596633911133 69.8286209106445 69.8610305786133 69.8385314941406 69.2346878051758
67.9497375488281 67.5251388549805 67.2903594970703 67.5214233398438 68.0584716796875 67.9414520263672 68.0911102294922 68.0070495605469 68.0835418701172 67.8772811889648 68.3407974243164 67.9445571899414 68.3363647460938 68.3972091674805 68.6196517944336 68.5429840087891 68.3179016113281 68.4491424560547 68.6928329467773 68.791145324707 68.6698913574219 68.7353363037109 68.81689453125 69.0093841552734 69.22314453125 69.2772369384766 69.1561431884766 69.3720550537109 69.8508911132812 69.2482376098633 69.3491058349609 69.6580200195312 69.7286834716797 69.5335845947266 69.9630508422852 69.7800064086914 69.6200256347656 69.9609527587891 69.8945236206055 70.0063705444336 69.9390716552734 70.2287673950195 70.0223770141602 70.0984497070312 69.9892654418945 69.4024353027344 69.7149963378906 69.6613082885742 69.089958190918
67.8237152099609 67.6434555053711 67.9502639770508 67.7072830200195 68.0898513793945 67.8039169311523 68.219367980957 67.7304916381836 68.2712707519531 67.9243621826172 68.3830337524414 67.8741149902344 68.6113662719727 68.5791397094727 68.4069671630859 68.4298477172852 68.3548431396484 68.497184753418 68.7149887084961 69.0018920898438 68.807014465332 69.3207168579102 68.9523849487305 69.0402908325195 69.3840408325195 69.4150619506836 68.9413833618164 69.3438262939453 69.5722351074219 69.3044662475586 69.4014282226562 69.3009719848633 69.4055709838867 69.3848876953125 69.7759780883789 70.0718612670898 70.0125198364258 70.1187286376953 69.8091888427734 70.0348434448242 70.0062637329102 70.0884628295898 70.1568374633789 70.1191101074219 69.641716003418 69.2393112182617 69.4241790771484 69.6268768310547 69.0335464477539
67.6814880371094 67.7534561157227 67.9112930297852 67.6445007324219 68.2039413452148 67.8017578125 67.7892761230469 67.9109039306641 67.9802780151367 68.0733947753906 68.0871200561523 68.0013046264648 68.1726379394531 68.3717498779297 68.4752197265625 68.6809539794922 68.7952651977539 68.5132369995117 68.7186050415039 68.7327499389648 68.865966796875 69.213020324707 68.3430709838867 68.4039993286133 68.8478393554688 68.9982833862305 68.8410720825195 68.9698104858398 69.1395416259766 69.3879547119141 69.5273513793945 69.7280654907227 69.7889633178711 69.4197769165039 69.5976943969727 69.7397384643555 69.925666809082 70.022705078125 70.1240692138672 69.9393997192383 69.7494049072266 69.6103057861328 69.4878463745117 69.3645782470703 70.1785354614258 69.6231918334961 70.0018310546875 69.4932479858398 69.6845169067383
67.9667892456055 67.9401702880859 68.0471649169922 67.8796920776367 67.7041473388672 67.6448440551758 67.9834060668945 67.9971008300781 67.9023361206055 68.1323318481445 68.2844390869141 68.3035430908203 68.2671966552734 68.4842834472656 68.3438568115234 68.8065414428711 68.5774841308594 68.5172348022461 68.9824066162109 69.0743255615234 69.1905899047852 69.272834777832 68.9856033325195 68.4126358032227 68.6651840209961 -3.4e+38 -3.4e+38 69.0733184814453 69.2334365844727 69.4859390258789 69.6351013183594 69.7243499755859 69.8809585571289 69.9245529174805 70.0877685546875 70.1317291259766 70.1173324584961 70.3154067993164 69.820686340332 69.8793563842773 69.9793319702148 69.8658828735352 69.3508758544922 69.4502716064453 69.7563705444336 69.8049240112305 69.9232635498047 69.4676208496094 69.3259811401367
67.990119934082 67.8078231811523 67.5136566162109 67.6310806274414 67.5687789916992 67.7530059814453 67.9539413452148 68.0043106079102 67.6042633056641 68.101692199707 68.4888687133789 68.4022598266602 68.4545745849609 68.3725967407227 68.260498046875 68.5871658325195 68.6036071777344 68.7136459350586 69.010856628418 68.5048065185547 69.0256805419922 69.3867111206055 69.112548828125 68.6833877563477 69.0188140869141 68.829460144043 -3.4e+38 -3.4e+38 69.3305358886719 69.5709381103516 69.7065734863281 69.7370147705078 69.9568557739258 70.2094421386719 70.2548980712891 69.9660339355469 69.9124450683594 70.1688079833984 69.8938140869141 69.8460083007812 70.20654296875 69.9585800170898 69.425407409668 69.4146957397461 69.4318389892578 69.4554824829102 69.7867584228516 69.6101455688477 69.3703842163086
67.7863388061523 68.0904693603516 67.5114517211914 67.5251541137695 67.7080459594727 67.8146286010742 67.9016265869141 67.9300918579102 67.5617980957031 67.8830871582031 68.2028045654297 68.1923446655273 68.4252548217773 68.330322265625 68.4429931640625 68.5071182250977 68.3817749023438 68.9164276123047 68.4267883300781 68.1335830688477 68.6004943847656 69.4625091552734 69.0026550292969 68.8290100097656 68.876708984375 68.9489288330078 69.1026611328125 69.1571960449219 69.3747329711914 69.3708572387695 69.7869110107422 69.8777008056641 69.7766723632812 69.7625579833984 69.6463851928711 69.6296157836914 70.0185089111328 69.900146484375 69.9660415649414 69.7859420776367 70.0025177001953 69.9893569946289 69.4832077026367 69.5124282836914 69.5876159667969 69.5895767211914 69.8258438110352 69.8730316162109 69.6573791503906
