rcp4.5models/CNRM_CM5/sc1gr2.4
NCOLS 261 
NROWS 433 
XLLCORNER 336357.134 
YLLCORNER 654653.479 
CELLSIZE 1000 
NODATA_value -9999 
[rows 374 to 395 of 433, columns 50 to 99 of 261]
-9999 -9999 329.481599296027 329.680827620322 329.669712925114 329.657558908688 329.630205358647 329.35950657129 329.454573277889 329.581977294904 329.186383101712 329.325682043536 329.781332618604 329.914201338681 329.638949801307 328.586510160643 328.173996389001 328.78660396687 326.340510672393 325.721972440988 327.155121763686 328.113531292482 327.569274624727 328.269392321689 329.391401044027 329.930376470349 330.386212837075 327.343185684497 320.038077933119 319.251467954225 324.165025551925 328.899712938376 329.777741870732 329.55597981942 328.560598437523 326.958809714354 326.188926469809 326.455242738187 326.413174671798 324.773846259062 318.826890032169 318.953774525668 317.103481343428 312.116894916838 311.138406236258 310.38886705075 308.69457963859 311.389649661071 314.642836520833 314.447697269659
-9999 -9999 328.918292656728 329.435838782559 329.234594295526 329.014068801168 329.593542777929 329.578243206914 329.562002876163 329.544841243475 329.270115924165 329.358652402834 329.488030389095 329.46735640142 329.445832609746 329.166956607429 328.005330487126 329.257342815785 327.210314242606 326.926734157043 328.104916638252 326.51416348945 325.180363524633 327.256780481772 328.981248503193 329.715429980674 329.760003518384 329.318219271036 319.351158620566 320.663346824068 323.730004228495 326.803629002704 328.928260858987 329.30806073102 328.349253760334 327.192274329781 324.653439873772 324.685482062438 325.770494824041 324.441160884994 318.613285791645 316.490193081432 315.504820190785 311.389138889144 308.230024994384 309.909982070515 309.914459060428 310.669450785994 313.474581128668 314.555766323557
-9999 -9999 328.617478639498 328.865859258532 328.73166453056 328.584928317547 328.953927663838 329.32842699537 329.525088802862 329.507785122284 329.489585314396 329.470510352919 329.450561785017 329.058777832996 328.451446787313 328.212205847686 327.314935077156 326.339865358959 327.553737894722 326.749150457016 326.626246629351 325.080313441491 324.006353491352 327.135090017728 328.777945455049 329.10938867922 329.566208576533 329.510507801645 322.182018543742 322.501416873109 323.51284093504 326.219743275597 329.191779958305 328.579827851781 327.439851686768 327.193862085039 325.047682550349 324.621951388594 325.636139335382 324.78550351559 318.778539621967 313.322894266268 312.668386601363 312.234750648209 308.281029943862 307.589890635333 309.772059322494 311.39355107482 311.467354337331 310.634500932159
-9999 -9999 -9999 328.580446635758 328.561357455707 328.548671734449 328.520353392975 328.763259756808 329.275388807404 329.087664288643 329.237528707608 329.433281977717 329.413210157902 329.13375810304 327.593076779082 327.127793360775 326.702672358797 325.795749660591 325.855577208226 325.17259134893 325.636745485865 324.957670026718 323.448520962806 325.619332991134 328.131803039717 328.871808216914 329.606197407096 329.39514389485 327.47886722972 326.481321207124 325.879112551216 327.442036631122 328.709875187129 327.553369884968 327.578075655503 327.340452830427 326.063165076036 324.665813787625 325.365685157536 325.702888359664 321.374273625578 317.699711539635 315.609606136966 312.936359877405 309.941312583611 306.218216697346 306.599017718673 309.030450447529 308.773783700175 306.920267031164
-9999 -9999 -9999 328.534735334489 328.123552692033 328.305170028106 -9999 328.468144932772 -9999 -9999 329.056186244491 329.017882110801 328.784680579021 328.765415785851 328.336946027075 327.593571585265 327.391935518246 327.658082805734 324.618453970134 322.770834518304 325.217342663601 326.535345429601 324.492403524862 325.27253028916 327.722267085562 328.441008835722 329.002965919418 329.123279690373 328.950955635089 329.027315770159 326.614360074456 326.842975872529 327.925690439977 327.445237815973 327.407640034074 327.325527709479 326.2653220874 324.484046536185 323.694140004837 324.692031875565 324.43881242237 321.011627958434 317.32426374822 312.150818588484 310.054089907005 308.784544029521 305.170890875793 307.51470984668 309.607528615765 307.012007986809
-9999 -9999 -9999 328.498900256547 328.229310180647 -9999 328.239231678271 328.431604277438 328.41483958568 328.397168056525 328.63912202055 328.505944504847 328.338878611926 328.317741299889 328.556100764363 328.166813965305 327.728325526066 327.757933230803 324.830970414096 323.173341554815 324.274250166935 326.45041641592 326.801064187866 326.403628700747 327.373578814553 327.970941301895 328.53288061965 328.906588432091 328.278024017428 328.245030164975 325.705279628104 323.51901062841 325.165797902027 326.552599132856 326.892309323425 327.079194176629 326.491262992502 325.497769218735 323.651054311105 323.830545595661 324.446568528649 319.120938093889 315.216243071876 315.248845533524 317.076390838461 316.013434544138 309.854866635359 306.820326648066 307.568124479239 307.428641949581
-9999 -9999 -9999 -9999 328.460768775788 328.440306340589 -9999 327.795484400057 327.780453373455 328.150257341954 328.341850826979 328.322326989435 328.301945325144 328.280717208918 328.258663049594 328.23579263364 327.95105609899 326.903667518507 325.67634635358 323.940859744037 322.131096996165 323.421651495995 326.384596693832 327.59462413038 328.189296543588 328.161241896365 328.49676235212 328.534655791174 328.131272704479 327.346832706827 325.846013283534 322.362931683653 322.070276098474 324.676516189451 325.152050096422 325.788096023746 326.510677386421 326.218671776028 325.169051774665 324.13102331462 325.058097375233 320.952232243726 316.763311350206 319.886045498256 324.558577873482 323.52283610519 317.91097320875 310.879963394546 307.683552041617 307.476459869069
-9999 -9999 -9999 -9999 327.843452397446 328.20089897312 328.112594823272 327.958189678829 327.549812803609 327.58643583712 328.095097815664 328.285622718099 328.265167755156 328.243869301798 328.221740265932 328.198799615036 327.441669469665 325.342544893251 323.867219410926 322.14428552075 320.59453975267 321.850210640721 324.029586636681 326.923713992823 328.358567802573 328.06929571262 328.123518411024 328.343688434395 327.792085106797 326.742425958265 325.37045773392 324.140843654163 322.055240405406 324.282229566962 323.995583855746 324.860090265087 326.713276165056 326.744188206536 325.772243411192 323.6987070824 324.760024582337 324.189170001586 322.148444990345 323.220878556929 325.69303381978 326.539436692677 321.980744178491 316.795725160709 313.258363141169 308.035776904712
-9999 -9999 -9999 -9999 327.378957660367 327.631684910313 327.738017387067 328.117068243928 327.651766209492 327.287611061664 327.916713765223 327.867434018936 328.017415063191 327.831283435911 327.97168649579 327.791736788513 327.396960913658 324.754608369723 322.69712269366 321.118222233597 321.232699864204 322.834681558648 323.870281421731 326.057855657417 327.665217659487 327.859014719272 327.827233362291 328.054647005248 327.878370825721 326.094930275706 324.285215747933 324.325028835254 322.228601441416 324.259511939169 323.211647614285 323.792321138477 326.395906789902 326.964064272084 325.372365935683 323.269826325577 324.295195619015 325.989233993452 325.704009319155 325.662651117941 325.87125607383 325.754678063942 323.765256241858 321.063039792892 318.224054963279 314.669041478275
-9999 -9999 -9999 -9999 -9999 326.900028033783 326.930497243173 327.120877911458 326.775223169568 327.009880409576 327.19633925016 327.441790152405 327.566637891862 327.281810661221 327.377134346887 327.24016910982 327.329951342876 327.799770364995 327.628296746267 327.480622246086 327.508552327359 325.719448024375 324.589544210557 325.606720690094 326.856887045179 327.299951124524 327.241394225394 327.159179072948 327.476543029303 324.343548190593 323.530511296635 324.292401902292 322.58641228041 322.636131259337 322.035008062193 321.728743414677 323.979373231997 326.422675283361 327.036819956793 325.472499432747 325.082764816707 325.570611300308 325.303750452184 323.749482248922 324.36322805058 325.225835085954 324.365255695486 324.653529747633 324.79786704301 320.194374132703
-9999 -9999 -9999 -9999 -9999 326.258216872365 326.497660313753 326.350693365 326.197570990454 326.835720440613 326.773279078032 326.549828859632 326.530910868711 326.511157279241 326.490599118512 326.8418814191 326.659194413941 327.244313231775 327.110852391424 327.190886283066 327.324786141279 326.769398846746 326.411631298278 326.728438934872 326.833872166638 327.013387561542 327.231893527351 326.91152116474 327.393075153051 325.35918062551 324.561126922657 324.421959431024 320.889596999262 320.481870439826 321.873275422144 318.137331097275 320.143926717426 324.521372104537 326.000812321527 326.420327218418 323.790798602864 323.911958391732 325.37336146775 324.426272925173 324.069863759271 324.045376881122 323.668298908284 324.437570447527 324.866704302389 322.736678729736
-9999 -9999 -9999 -9999 -9999 -9999 326.195842225746 326.17930001588 326.161887888652 326.410906962318 326.265219708118 326.104652830499 326.083929884801 326.062387384121 326.040064577876 326.283712986902 326.515486464171 326.943086061224 326.554718315934 325.955668361461 326.072721506587 326.616721151035 326.80543299472 325.645525039064 324.646359809372 325.483421478288 326.723812206651 326.825477775652 326.847543289437 325.808010697302 323.319584719212 322.606656144101 320.099246395668 318.466443474153 320.196326771244 316.866738718128 319.145005055174 323.263583735003 324.306752888542 325.712596567853 324.876860055239 323.509560514787 323.167046810924 323.389229791249 323.42011597573 322.587818866283 322.633834317363 323.241971290713 324.025375221708 323.707249322703
-9999 -9999 -9999 -9999 -9999 -9999 326.160450649595 326.143839872732 326.126377249483 326.108068876524 326.088946849737 326.069011471028 326.048256574051 326.02669374768 326.004356911697 325.981261101171 326.22491191812 326.329488712819 326.038140967212 325.587859869146 325.666451278776 325.710183851284 326.334605218426 324.979497138319 324.537232414795 325.390382810554 325.91259748594 326.393012165253 326.325146195879 325.99109653972 323.29671242898 321.799939381828 322.04665354238 319.686726410943 317.396924283738 316.286709327131 319.419641573537 322.449467246378 323.524989275118 324.670632234716 326.025888169711 324.214562484236 321.932415369615 321.473343464338 322.147146603022 322.100346705452 320.694706801006 317.9608113639 319.235061014612 322.462227647356
-9999 -9999 -9999 -9999 -9999 -9999 326.125227567635 326.108550229572 326.091033255411 326.072678572691 326.053520375875 326.03355301942 326.012777883722 325.991220787505 325.968888744162 325.570782229653 325.340977584535 325.872005366164 325.845956913687 325.819206975598 325.791766179424 325.141106810712 325.268289374933 325.386948974203 324.383909750424 323.554911978311 324.386917019629 325.96392526152 326.004496139508 326.257184143313 325.329588799758 323.670646236747 323.175955983321 320.060392736254 316.713012132713 315.227704937144 314.989116937664 319.821789209268 324.078670983724 324.052287395781 324.555116632653 324.357064144388 322.070658239579 320.638781542463 320.615086772026 321.080893950079 319.408468069119 314.548773724815 312.332017842555 317.243942559378
-9999 -9999 -9999 -9999 -9999 -9999 325.687656529248 325.476933423991 325.461187350496 325.838029132912 326.018294844736 325.998295459608 325.977508322257 325.955957984174 325.933628947035 325.641004742802 325.094406507518 325.836851465906 325.810856158393 325.784157686454 325.756790835811 325.460838734438 323.855110628891 324.287681474411 323.658847411463 322.393664878282 323.969193829825 325.640292553762 325.211996570644 325.713286539924 325.265340668553 322.925310206806 321.381212234895 320.218225640573 318.194630563735 316.772807447951 315.033519375261 320.134107791895 324.933870511666 323.650204154737 322.721891056981 324.228027911286 322.012476329593 319.519516874037 318.79618454558 319.599519492919 318.9195865365 315.664538726207 312.013396716677 314.507983767398
-9999 -9999 -9999 -9999 -9999 -9999 -9999 325.038492821245 325.020879260523 325.273601595023 -9999 325.574980290589 325.740592019273 325.920918359416 325.89859938024 325.875536765912 325.207746452496 325.593042450215 325.776028335452 325.749395806347 325.722096799298 325.694143605641 322.466281951582 322.009219383792 322.990330584806 323.090598289142 324.252299877492 325.293178534869 323.984371236858 325.415464449634 324.125003453465 320.933947666347 319.251364776666 319.762604144743 319.092674927753 318.566121198012 318.456706877555 322.508309856897 325.331820758083 323.665202807609 319.636757035305 322.545595691186 323.389508789537 319.967927112925 316.660040118732 317.344834683185 318.771311401285 318.286044586927 317.024862129041 316.776997192786
-9999 -9999 -9999 -9999 -9999 -9999 -9999 325.003735599881 324.986095978201 -9999 325.220461979583 325.067856925113 325.179471443359 325.301002837891 325.280435595011 325.25911329932 324.965828646345 325.406888119199 325.375505738941 325.504762119406 325.327305320331 325.089727313398 323.091769120606 322.408137422359 322.622457603902 323.504204485322 324.685788338526 325.308214040044 324.316368772889 325.382500296183 323.889595457522 321.41586016802 319.468109412525 320.032340621506 319.574173132175 318.627746081568 318.909801348903 322.506393193763 325.030275441354 323.892072748774 319.653403997068 319.506748034624 322.415574584184 321.380115860747 317.210388502569 316.692376012921 318.829421957672 319.701892296103 319.412650046347 319.191504978801
-9999 -9999 -9999 -9999 -9999 -9999 -9999 324.567117950548 324.756833327845 324.933029017872 324.913785404002 324.893770525656 324.486094824814 324.266736602117 324.246201561454 324.224912181799 324.202883614086 324.428378555943 324.286466925906 324.742777151341 324.811340800911 324.625851264598 324.327234357518 323.076397014598 322.139150654158 322.830951166065 323.622623300616 324.791835554037 324.650100514774 325.128243739404 324.119982920535 323.409918972219 321.291390794714 320.559652770213 320.346214752852 319.149075561041 318.918816440889 321.958985337372 324.299634155861 323.936687553208 320.599838932223 318.330777386434 319.449297358299 321.351685672833 319.93793533391 318.311619819139 319.046324038537 319.675485365572 319.926758033373 320.387131938401
-9999 -9999 -9999 -9999 -9999 -9999 -9999 324.660625240458 324.784433537236 324.898603785631 324.879360412376 324.46865794439 323.978726078551 323.817119836321 323.794892988619 324.150845667519 323.951593434314 323.69889787494 323.67318769597 323.91887011771 324.410550060132 324.233076745219 323.995984977733 323.156425333656 321.582498697079 321.878726273334 322.099478162221 323.689857328306 323.674925497336 324.143984810352 324.195785745411 324.667764248495 322.90407979424 320.308875593837 319.865113195136 318.850101843763 317.03408185561 320.472002331495 323.777203703918 323.351689763215 318.597542027649 317.997999127077 316.647789816071 317.445250111251 320.075304245345 321.064232870895 321.362484750873 320.905991203838 320.111854638401 320.905774266154
-9999 -9999 -9999 -9999 -9999 -9999 -9999 324.900566872715 324.882851726875 324.864384249487 324.450620656695 323.962787954723 323.804446111839 323.782978915208 324.143392416445 324.213089995077 323.861367232078 323.460442590217 323.639452690237 323.613175598105 323.496366084578 323.507848419563 323.887644391405 323.35936371992 322.445959564361 321.975573921126 321.234303357773 321.975085841358 323.223078648035 323.37860267086 323.699018390111 324.26541499652 323.834070453798 322.127374484103 320.666291292403 318.685818228379 317.118807967556 320.691218949496 323.785286039857 321.24198645411 317.356220822392 315.485899304795 312.733723851749 312.778930391694 316.618837893832 321.022549351014 322.62370999934 322.083597285685 320.242683309517 320.931617724774
-9999 -9999 -9999 -9999 -9999 -9999 -9999 324.866555627966 324.447357461476 324.239594403461 323.946273908692 323.791179345108 324.159805514674 324.332811815751 324.2009068996 323.848668980138 323.680590706694 323.481243262334 323.605984984421 323.21375347397 321.982519112905 322.742578325311 323.770521870006 321.938495147184 320.667293054443 320.752720543602 320.200790320697 321.09317320671 323.286516851761 322.918075138747 323.00183137434 323.457348248262 323.604698407667 323.305193792661 322.554764229963 320.064913600951 316.918444820511 317.99213162661 321.802929441663 320.283077039035 314.580700401464 314.459112227659 312.258405260877 312.72363203794 314.846544403871 319.246923802726 322.136659283429 322.386354323114 321.540515477908 320.807056447824
-9999 -9999 -9999 -9999 -9999 -9999 -9999 323.714831640499 323.189527632203 323.572919143297 323.743771453138 323.723868669132 323.312361294661 323.098867345992 323.078568867128 323.334555782348 323.18116787966 322.990510577315 323.337196201042 323.146440307384 322.277604484975 320.618359333932 320.774299285234 322.261076433581 322.070249063039 320.541767608792 320.347754129324 320.754977601031 322.219670315866 322.409610035119 322.766009734181 323.128112860281 322.49611053028 322.062296862297 322.297188961241 322.771275897188 321.092435148875 316.344455392656 319.118123696165 322.593788492203 315.614935330909 315.483052816158 315.922540213331 315.647076239086 315.063343833579 315.7651466566 317.906568378122 318.607476020835 319.787266152476 320.472282914949
