rcp4.5models/CNRM_CM5/sc1gr3.30
NCOLS 261 
NROWS 433 
XLLCORNER 336357.134 
YLLCORNER 654653.479 
CELLSIZE 1000 
NODATA_value -3.4e+38 
[rows 154 to 175 of 433, columns 147 to 195 of 261]
264.282196044922 264.3466796875 264.373748779297 264.597808837891 264.063781738281 263.662109375 263.311676025391 262.628845214844 262.926605224609 263.572631835938 263.470092773438 263.289428710938 263.985107421875 263.419311523438 261.907806396484 262.898590087891 264.197631835938 263.959686279297 263.748748779297 265.986877441406 -3.4e+38 264.796661376953 267.935974121094 268.399749755859 268.747436523438 268.798492431641 268.642791748047 268.527008056641 268.642791748047 268.883972167969 268.870239257812 268.699615478516 268.644409179688 268.728942871094 269.157562255859 269.161682128906 269.192657470703 269.250244140625 269.232147216797 269.177001953125 -3.4e+38 269.183959960938 269.187255859375 269.126800537109 268.999084472656 268.930480957031 268.961669921875 268.792175292969 268.575164794922
264.399597167969 264.328796386719 264.125823974609 263.979949951172 263.859954833984 263.662384033203 263.298492431641 262.702453613281 -3.4e+38 263.459045410156 262.986785888672 263.469390869141 264.437683105469 263.734466552734 262.467956542969 263.852600097656 264.563995361328 264.511474609375 -3.4e+38 265.689727783203 264.511901855469 265.558929443359 268.013702392578 268.600524902344 268.699371337891 268.798095703125 268.715881347656 268.443664550781 268.507690429688 268.679840087891 268.693267822266 268.558471679688 268.635620117188 268.898468017578 269.149230957031 269.153533935547 269.15771484375 269.084838867188 269.069946289062 269.193145751953 269.114624023438 269.176788330078 269.180236816406 269.120056152344 269.020111083984 268.945404052734 268.915222167969 268.629211425781 268.207855224609
264.516815185547 264.418518066406 264.051971435547 263.464416503906 263.510620117188 263.529205322266 262.928771972656 262.707000732422 262.868225097656 263.018035888672 262.669982910156 263.886993408203 264.569305419922 264.075775146484 263.349090576172 264.396331787109 264.949615478516 264.848968505859 265.492401123047 -3.4e+38 263.525512695312 267.067413330078 267.760223388672 268.316589355469 268.701416015625 268.781402587891 268.758270263672 268.554595947266 268.530731201172 268.598937988281 268.332733154297 268.214691162109 268.387969970703 268.877349853516 269.047515869141 269.051879882812 -3.4e+38 269.013732910156 269.082122802734 269.239074707031 269.0146484375 268.958587646484 269.0791015625 269.054870605469 269.013305664062 268.846099853516 268.673736572266 268.455657958984 267.889862060547
264.403991699219 264.136383056641 263.422973632812 262.908172607422 263.089630126953 263.215209960938 262.667572021484 262.617828369141 262.5712890625 262.50732421875 262.287536621094 264.078796386719 265.115661621094 264.916961669922 264.4541015625 265.083282470703 265.045532226562 265.361938476562 265.673004150391 265.068176269531 264.943542480469 267.546600341797 267.890533447266 268.368103027344 268.739379882812 268.745513916016 268.783752441406 268.765960693359 268.536651611328 268.161315917969 267.867462158203 268.218994140625 268.555236816406 268.807678222656 268.931640625 268.911010742188 -3.4e+38 269.006103515625 269.048828125 269.117370605469 269.064575195312 268.775390625 268.882354736328 269.002838134766 269.006378173828 268.901641845703 268.783355712891 268.735046386719 268.5185546875
264.0986328125 263.886413574219 262.972534179688 262.459442138672 262.432434082031 262.378448486328 262.426116943359 262.576538085938 262.411926269531 261.753875732422 261.428100585938 263.853118896484 264.788116455078 265.491943359375 265.205047607422 265.303375244141 265.09765625 265.917510986328 264.908050537109 263.765167236328 267.016754150391 267.536376953125 268.115905761719 268.624969482422 268.728790283203 268.735076904297 268.766937255859 268.795288085938 268.421051025391 267.709320068359 267.760467529297 268.400634765625 268.801483154297 268.845611572266 268.896301269531 268.855895996094 268.966339111328 268.901977539062 268.761169433594 268.905517578125 269.176574707031 269.075164794922 269.01806640625 268.99560546875 268.999298095703 269.00634765625 269.009674072266 269.012908935547 269.015991210938
263.567291259766 263.510101318359 263.045349121094 262.502685546875 262.370300292969 262.134338378906 262.064971923828 262.157531738281 262.126586914062 261.533813476562 261.269683837891 263.725891113281 264.775604248047 265.722381591797 265.780731201172 265.585662841797 265.939392089844 -3.4e+38 264.87353515625 264.741668701172 267.264068603516 267.46337890625 268.060607910156 268.52880859375 268.718048095703 268.724517822266 268.569793701172 268.305877685547 268.190399169922 267.827911376953 268.04296875 268.617828369141 268.732482910156 268.802917480469 268.794403076172 268.685913085938 268.677978515625 268.697235107422 268.692718505859 268.789428710938 269.146240234375 269.278350830078 269.133514404297 268.98828125 268.992126464844 268.927154541016 268.814270019531 268.817413330078 268.820404052734
263.358642578125 263.273651123047 263.026214599609 262.382080078125 262.549133300781 262.326293945312 261.594848632812 261.455657958984 261.393432617188 261.242889404297 261.786804199219 263.446258544922 264.988616943359 265.582183837891 -3.4e+38 -3.4e+38 266.100677490234 -3.4e+38 266.546997070312 267.354125976562 267.343963623047 267.525390625 268.005035400391 268.337341308594 268.525024414062 268.585815429688 268.156921386719 267.826538085938 267.913360595703 267.986175537109 268.135162353516 268.34619140625 268.365051269531 268.581146240234 268.627136230469 268.711273193359 268.694885253906 268.660430908203 268.671752929688 268.71923828125 268.963897705078 269.126159667969 269.115936279297 269.074737548828 269.043151855469 268.87890625 268.851501464844 268.782257080078 268.596405029297
262.661834716797 263.200012207031 262.518127441406 262.657073974609 263.110076904297 262.499237060547 262.201080322266 261.336730957031 260.930755615234 261.031372070312 262.479736328125 264.773620605469 265.554962158203 265.9072265625 -3.4e+38 -3.4e+38 266.023498535156 266.133117675781 266.93896484375 267.522521972656 267.733428955078 267.543884277344 267.776245117188 267.781341552734 267.730346679688 267.74365234375 267.590087890625 267.731475830078 267.844635009766 267.965850830078 268.147796630859 268.386901855469 268.273010253906 268.641998291016 268.754241943359 268.732940673828 268.691528320312 268.635681152344 268.650848388672 268.764801025391 268.680511474609 268.914428710938 269.100463867188 268.941650390625 268.932891845703 268.884246826172 268.888122558594 268.671417236328 268.460754394531
262.472381591797 262.864929199219 262.5810546875 263.206237792969 263.725524902344 263.734283447266 262.639129638672 261.955505371094 262.477447509766 262.780364990234 263.315216064453 265.14892578125 265.672882080078 -3.4e+38 -3.4e+38 -3.4e+38 266.243194580078 266.305450439453 266.889434814453 267.583648681641 267.777160644531 267.623474121094 267.715637207031 267.719207763672 267.589874267578 267.672119140625 -3.4e+38 267.727142333984 267.8525390625 267.993591308594 268.07421875 268.042938232422 267.960021972656 268.539611816406 268.685607910156 268.683044433594 268.637847900391 268.734588623047 268.651763916016 268.627136230469 268.800262451172 269.023406982422 269.049774169922 268.874420166016 268.829803466797 268.616302490234 268.620239257812 268.576751708984 268.552490234375
262.273498535156 262.508636474609 262.615600585938 263.259552001953 263.596130371094 264.172882080078 263.853759765625 263.411285400391 264.006011962891 264.32568359375 264.310455322266 265.544677734375 265.898162841797 -3.4e+38 -3.4e+38 -3.4e+38 266.631042480469 266.726196289062 267.012054443359 267.547485351562 267.789855957031 267.716857910156 267.609771728516 267.525390625 267.457916259766 267.367095947266 267.479339599609 267.705871582031 267.670837402344 267.878570556641 267.977874755859 267.985168457031 268.002685546875 268.601196289062 268.536163330078 268.628662109375 268.653442382812 268.684478759766 268.517669677734 268.553100585938 268.788269042969 268.826538085938 268.811492919922 268.685577392578 268.527587890625 268.347229003906 268.467987060547 268.499969482422 268.520690917969
261.735290527344 262.255767822266 262.359649658203 263.200744628906 262.979187011719 263.773651123047 263.989196777344 264.172698974609 264.627288818359 264.892639160156 265.243743896484 265.575866699219 266.038482666016 -3.4e+38 -3.4e+38 266.661468505859 266.958435058594 266.923278808594 267.148956298828 267.435668945312 267.777496337891 267.760803222656 267.551696777344 267.243072509766 267.153747558594 267.008819580078 267.393188476562 267.54541015625 267.398803710938 267.658172607422 267.94677734375 268.112030029297 268.449554443359 -3.4e+38 268.385833740234 268.439910888672 268.551910400391 268.503723144531 268.415924072266 268.475524902344 268.546264648438 268.470489501953 268.444030761719 268.474853515625 268.446899414062 268.602661132812 268.787475585938 268.523132324219 268.469268798828
261.285614013672 262.004974365234 262.311737060547 262.896728515625 262.621185302734 263.402587890625 263.587921142578 263.592956542969 264.505615234375 265.137420654297 265.483062744141 265.657775878906 265.962371826172 265.945007324219 266.05029296875 266.773223876953 267.056732177734 267.114044189453 267.228271484375 267.453735351562 267.703765869141 267.711547851562 267.441955566406 267.131530761719 266.936370849609 266.752685546875 267.130554199219 267.100250244141 267.22021484375 267.697082519531 268.055938720703 268.324829101562 268.685150146484 268.609680175781 268.475219726562 268.375762939453 268.522033691406 268.519348144531 268.441101074219 268.437225341797 268.359375 268.361694335938 268.262176513672 268.294677734375 268.380554199219 268.738586425781 268.916412353516 268.560760498047 268.462188720703
261.222106933594 261.965759277344 262.527679443359 262.711730957031 262.353118896484 263.090484619141 263.034515380859 262.870788574219 264.020477294922 264.649169921875 264.902160644531 265.658660888672 265.749664306641 265.547637939453 265.790374755859 266.483367919922 266.900360107422 267.163848876953 267.228881835938 267.28173828125 267.426666259766 267.403747558594 267.241180419922 267.180389404297 267.025665283203 267.009948730469 267.224334716797 267.002258300781 267.268310546875 267.810211181641 268.063690185547 -3.4e+38 268.639068603516 268.700225830078 -3.4e+38 268.465698242188 268.553894042969 268.569976806641 268.331878662109 268.398620605469 268.421966552734 268.387878417969 268.347259521484 268.352661132812 268.350219726562 268.559204101562 268.70263671875 268.589416503906 268.513122558594
261.308990478516 262.060974121094 262.353271484375 262.346466064453 262.134063720703 262.0869140625 261.540466308594 262.618530273438 263.955657958984 264.444793701172 264.574676513672 265.62353515625 265.707550048828 265.433380126953 265.985656738281 266.492340087891 266.751983642578 266.916717529297 266.982391357422 266.935668945312 267.086608886719 267.038696289062 267.063781738281 267.282440185547 267.452941894531 267.477416992188 267.586639404297 267.412689208984 267.439910888672 267.821533203125 -3.4e+38 268.606079101562 268.736206054688 268.623931884766 268.484924316406 -3.4e+38 268.337158203125 268.356781005859 268.22216796875 268.282196044922 268.422637939453 268.465179443359 268.377349853516 268.219451904297 268.056304931641 268.366973876953 268.452697753906 268.515686035156 268.384582519531
261.509552001953 262.074615478516 261.867736816406 261.235443115234 261.331146240234 260.539337158203 260.607818603516 263.155944824219 264.112213134766 264.609313964844 264.920867919922 265.515289306641 265.518859863281 265.512786865234 266.038482666016 266.402160644531 266.657989501953 266.815734863281 266.880981445312 266.865478515625 266.857574462891 266.840301513672 266.884918212891 267.136627197266 267.439880371094 267.551879882812 267.709808349609 267.809783935547 267.749633789062 267.935150146484 -3.4e+38 268.500244140625 268.627349853516 268.442016601562 268.353637695312 268.333679199219 268.259429931641 268.206665039062 268.246887207031 268.278045654297 268.279296875 268.385284423828 268.341674804688 268.195434570312 268.044494628906 268.141937255859 268.326934814453 268.435516357422 268.321380615234
261.786376953125 261.902435302734 261.503845214844 260.04296875 259.554351806641 258.784729003906 259.250457763672 262.390045166016 263.637756347656 264.512420654297 265.098876953125 265.158843994141 265.237121582031 265.598907470703 265.877014160156 266.193023681641 266.710754394531 266.974670410156 267.101165771484 267.111053466797 266.923126220703 266.870025634766 266.981903076172 267.094940185547 267.174621582031 267.399047851562 267.663513183594 267.886413574219 267.870178222656 268.148895263672 268.286407470703 268.157287597656 268.221984863281 268.429107666016 268.436187744141 268.376434326172 268.204223632812 268.104339599609 268.171478271484 268.256683349609 268.216186523438 268.249389648438 268.308990478516 268.319946289062 268.230926513672 267.913940429688 268.131439208984 268.275695800781 268.311248779297
261.704132080078 261.504150390625 261.531768798828 260.234893798828 259.031951904297 257.011108398438 257.420776367188 261.691680908203 263.705383300781 264.550598144531 265.099395751953 265.006713867188 265.051330566406 265.407745361328 265.801177978516 266.083587646484 266.404541015625 266.814544677734 -3.4e+38 267.308654785156 267.187683105469 267.054809570312 267.118804931641 267.212493896484 267.166107177734 267.188903808594 267.323516845703 267.522308349609 267.755462646484 268.113677978516 268.193817138672 267.992584228516 267.982727050781 268.492980957031 268.433868408203 268.302032470703 268.179840087891 268.020904541016 268.054412841797 268.141754150391 268.207122802734 268.21337890625 268.246643066406 268.340911865234 268.383331298828 267.980651855469 268.013061523438 268.172729492188 266.596435546875
261.232727050781 261.041015625 261.345642089844 260.580047607422 259.496978759766 257.988830566406 259.253173828125 262.1962890625 264.015319824219 264.598785400391 265.164825439453 265.102020263672 265.183471679688 265.355865478516 265.642822265625 266.093688964844 266.214874267578 266.539947509766 267.101287841797 267.314697265625 -3.4e+38 267.172729492188 267.167053222656 267.2255859375 -3.4e+38 267.168640136719 267.145629882812 267.266845703125 267.718017578125 267.9697265625 267.870910644531 267.655639648438 267.848114013672 -3.4e+38 268.370727539062 268.190460205078 268.191558837891 268.070373535156 267.950561523438 267.967590332031 268.197937011719 268.135894775391 268.093139648438 268.271270751953 268.376953125 268.179718017578 266.640106201172 264.167907714844 262.883087158203
260.964172363281 260.71826171875 261.042846679688 261.059936523438 259.819000244141 259.424957275391 262.236419677734 262.959045410156 264.010559082031 264.470184326172 265.203002929688 265.253570556641 265.70458984375 265.800476074219 265.769805908203 266.057342529297 266.329162597656 266.844818115234 267.080017089844 267.245880126953 267.236297607422 -3.4e+38 267.082427978516 267.338134765625 267.58984375 267.567413330078 267.363586425781 267.286834716797 267.57470703125 267.411926269531 267.407775878906 267.464019775391 267.827789306641 -3.4e+38 268.301147460938 268.186889648438 268.22021484375 268.074340820312 267.862030029297 267.821685791016 267.977935791016 267.979858398438 267.863891601562 267.987182617188 268.030975341797 266.765625 263.114685058594 261.077423095703 261.055755615234
261.223175048828 261.637390136719 261.378753662109 261.326812744141 260.896179199219 260.186798095703 262.137145996094 262.933258056641 263.435760498047 262.977355957031 264.816711425781 265.315277099609 265.939605712891 -3.4e+38 266.016754150391 266.180786132812 266.090545654297 266.29638671875 266.844085693359 267.163543701172 267.25439453125 267.182861328125 266.997589111328 266.971984863281 267.158630371094 267.540283203125 267.68798828125 267.578277587891 267.682189941406 267.619384765625 267.688873291016 267.752532958984 268.004730224609 -3.4e+38 268.17333984375 268.026214599609 268.087554931641 268.053558349609 268.088592529297 267.923675537109 267.863525390625 267.76123046875 267.538970947266 266.251831054688 262.867462158203 261.174957275391 261.439605712891 261.486541748047 261.204376220703
261.89697265625 262.244262695312 261.338500976562 261.140808105469 261.960144042969 262.011627197266 262.365936279297 263.364990234375 263.805572509766 263.865264892578 265.042510986328 265.435607910156 265.947509765625 266.006164550781 265.904663085938 265.915649414062 265.956604003906 266.097717285156 266.444152832031 266.819732666016 266.885803222656 267.115020751953 267.109313964844 266.977661132812 266.9580078125 267.161926269531 267.460113525391 267.65625 267.778686523438 267.611206054688 267.856292724609 268.140289306641 -3.4e+38 -3.4e+38 268.255218505859 267.97607421875 267.952819824219 268.10498046875 267.932708740234 267.760803222656 267.827087402344 266.347564697266 263.857360839844 262.908203125 260.988922119141 261.165466308594 261.336334228516 261.450408935547 261.28857421875
262.177337646484 262.683685302734 261.926513671875 261.424896240234 262.137725830078 262.623382568359 262.454833984375 263.964996337891 264.240356445312 264.821624755859 265.099151611328 265.446563720703 265.797546386719 265.496765136719 265.681365966797 265.47021484375 265.937133789062 265.943450927734 266.124114990234 266.738983154297 266.896911621094 267.138397216797 267.157104492188 266.939514160156 266.896026611328 267.103973388672 267.309265136719 267.597717285156 267.908325195312 267.713775634766 267.904571533203 268.0966796875 268.15380859375 -3.4e+38 -3.4e+38 268.125091552734 268.036651611328 268.068237304688 267.815460205078 267.611175537109 266.398193359375 262.928466796875 260.954772949219 260.964691162109 260.978912353516 -3.4e+38 -3.4e+38 -3.4e+38 261.188262939453
