rcp4.5models/CNRM_CM5/sc1gr1.9
NCOLS 261 
NROWS 433 
XLLCORNER 336357.134 
YLLCORNER 654653.479 
CELLSIZE 1000 
NODATA_value -3.4e+38 
[rows 308 to 329 of 433, columns 147 to 195 of 261]
61.5642318725586 61.7753601074219 63.1303443908691 65.3243026733398 68.0586929321289 69.0946884155273 69.195556640625 69.5505523681641 69.5631637573242 69.3691558837891 69.0609436035156 69.2391815185547 69.2028579711914 69.2999496459961 69.6272583007812 69.1197891235352 68.4619293212891 68.4713973999023 68.2218399047852 68.3191146850586 68.5815658569336 68.9171829223633 68.9737243652344 69.1785125732422 69.8269271850586 69.7056503295898 69.1043167114258 68.8289031982422 69.4086685180664 69.5280914306641 69.0884857177734 69.0333251953125 68.5972137451172 68.0839996337891 66.9379196166992 67.4009780883789 68.6949691772461 69.1593017578125 69.0136489868164 68.768424987793 68.6507263183594 68.9993438720703 69.1056213378906 68.9695663452148 68.0553588867188 67.2219924926758 66.9967727661133 66.8386917114258 66.6603851318359
61.2759170532227 62.434684753418 63.5687866210938 64.6030960083008 67.1653518676758 69.0521469116211 69.238655090332 69.6179656982422 69.6181411743164 68.941276550293 68.6923599243164 69.7011260986328 69.4699935913086 69.4651412963867 69.6346740722656 69.2944412231445 68.2578201293945 67.1872177124023 66.7561569213867 67.5627288818359 68.4577178955078 68.9060287475586 69.079963684082 68.9757461547852 69.9181137084961 69.9772262573242 69.099723815918 68.820556640625 69.1079864501953 69.7209167480469 69.4300079345703 69.3215789794922 69.0398788452148 67.7697982788086 66.5989379882812 66.9466323852539 68.3348846435547 68.7447814941406 69.1470642089844 68.8217010498047 68.7165603637695 69.0066604614258 68.7638854980469 68.6135940551758 68.4167022705078 67.12255859375 66.8441696166992 66.776969909668 66.9212875366211
61.8073463439941 63.1327590942383 63.6888542175293 64.3431243896484 66.6732177734375 68.7158126831055 69.3346405029297 69.6332015991211 69.1343002319336 68.3381500244141 68.5672378540039 69.770378112793 69.686279296875 69.6432952880859 69.3943176269531 69.0879440307617 67.8358535766602 66.2191696166992 66.2400970458984 67.7609939575195 68.9365005493164 69.528205871582 69.6514511108398 69.487419128418 70.1720275878906 70.0853500366211 69.4509048461914 69.1626815795898 68.9767379760742 69.4666061401367 69.6288452148438 69.2108764648438 69.0181655883789 67.9360809326172 67.0167617797852 66.8486328125 67.8308563232422 68.5345077514648 69.1552810668945 68.7949447631836 68.7285232543945 68.8555603027344 68.5696487426758 68.3335723876953 68.3410263061523 67.2886810302734 66.815299987793 66.6508407592773 67.0898513793945
62.2422752380371 63.0259437561035 63.6295204162598 64.8583374023438 66.024787902832 67.5016860961914 69.3783340454102 69.4605865478516 68.8197555541992 68.3769073486328 68.7438583374023 69.8390884399414 69.7992248535156 69.562744140625 69.2521896362305 68.7332992553711 68.0890960693359 67.3050765991211 67.7470169067383 68.7392654418945 69.1949462890625 69.8042602539062 69.7256011962891 69.88720703125 69.9392395019531 69.6535186767578 69.4575805664062 68.9617767333984 68.5684585571289 68.8379516601562 69.3728713989258 69.5316162109375 69.251838684082 68.1001968383789 66.713005065918 66.7051162719727 67.6440887451172 68.5314483642578 69.1839141845703 68.8372955322266 68.7406234741211 68.9961013793945 68.6580963134766 68.7802047729492 68.6116256713867 67.3538055419922 67.0504989624023 66.9066848754883 67.3763656616211
62.6424140930176 63.0574493408203 63.595890045166 65.032470703125 65.7885665893555 67.1584701538086 69.0227890014648 68.1516189575195 67.6817474365234 68.8354415893555 69.2437896728516 69.9539566040039 69.7980422973633 69.5638656616211 69.1783142089844 68.8230285644531 68.8837051391602 68.8009033203125 69.008415222168 69.0286865234375 69.2644805908203 69.7688827514648 69.6645812988281 69.979866027832 69.6706924438477 68.8677978515625 68.8833160400391 68.5698394775391 68.478630065918 68.5324172973633 69.1654663085938 69.9684371948242 69.4308395385742 68.1210098266602 67.1334457397461 67.2404632568359 68.0347213745117 68.4017639160156 69.1742477416992 69.2955169677734 68.8103713989258 68.8877182006836 68.5153656005859 68.7384262084961 68.4253997802734 67.3784027099609 67.1964874267578 67.1793365478516 67.2020111083984
62.3788070678711 62.9721336364746 62.7421951293945 63.7741241455078 65.9257125854492 66.1326065063477 65.4221801757812 64.482421875 64.5328674316406 66.2740097045898 67.5645446777344 68.2123641967773 69.4855575561523 70.0266189575195 70.0672454833984 69.971076965332 69.7716751098633 69.0793609619141 68.8539657592773 68.6950607299805 68.9025344848633 68.7729110717773 70.5355529785156 70.0787963867188 69.1993713378906 68.8705139160156 68.9456253051758 68.4525527954102 68.6779861450195 68.4962921142578 68.4168548583984 69.1273498535156 69.753791809082 68.8197860717773 67.9200286865234 67.5274505615234 68.413459777832 68.6851806640625 69.0645370483398 69.0653381347656 68.7643508911133 68.9096145629883 68.9204559326172 68.6973190307617 68.1684417724609 67.4580688476562 67.520881652832 67.4045104980469 67.2050323486328
61.3864860534668 62.2053108215332 62.8719673156738 64.2058410644531 65.2496185302734 64.6550598144531 64.3399353027344 63.6235046386719 63.7624244689941 64.6448364257812 65.5738143920898 68.2005844116211 69.4711608886719 69.8774108886719 69.8711090087891 69.9109573364258 69.7642288208008 69.3837432861328 69.2181777954102 68.9423980712891 68.9388961791992 69.2833404541016 70.3534393310547 70.2237243652344 69.8310928344727 69.5241622924805 68.9607849121094 68.7546157836914 68.6191024780273 68.4154739379883 68.1580657958984 68.6423645019531 69.4106063842773 69.2463912963867 68.1939697265625 68.14404296875 68.2949066162109 68.4448623657227 68.8813323974609 69.2016906738281 68.9999084472656 68.8367004394531 68.7811813354492 68.8870620727539 68.1745452880859 67.7209167480469 67.5135040283203 67.3324279785156 67.1894226074219
60.7595977783203 61.8537483215332 63.0796089172363 63.9812278747559 63.891773223877 63.5813331604004 63.8172912597656 64.3770370483398 64.4357376098633 64.912727355957 65.9566421508789 69.1542892456055 69.3450088500977 69.652473449707 69.9689483642578 69.7304000854492 69.6542587280273 69.7001571655273 69.5637664794922 69.1778259277344 68.8765182495117 69.4600219726562 70.3667907714844 70.2863311767578 70.0528564453125 69.7259902954102 69.5218887329102 69.0983657836914 68.6781311035156 68.4949798583984 67.9120483398438 68.0991516113281 69.0546340942383 69.6702651977539 68.5645217895508 68.4261093139648 68.3024978637695 68.1550064086914 68.7622756958008 69.1790313720703 68.986198425293 68.6185073852539 68.2619247436523 68.5884475708008 68.2405700683594 67.6952438354492 67.4409255981445 67.2190399169922 67.2956314086914
61.4519004821777 62.7146415710449 63.683032989502 63.847713470459 63.9004859924316 64.0866394042969 64.764892578125 66.2544021606445 66.6400756835938 66.5891342163086 66.7286682128906 69.0402374267578 69.284797668457 69.6030578613281 69.9599380493164 69.5257949829102 69.2393417358398 69.3334121704102 69.3630828857422 69.4740524291992 69.2292098999023 69.4086532592773 69.9572830200195 70.2579727172852 69.754035949707 69.1664123535156 69.6072540283203 69.2879104614258 69.1058807373047 68.6884460449219 67.9160537719727 67.6615905761719 68.9975357055664 69.7141571044922 68.9681015014648 68.6144943237305 68.5283660888672 68.6542892456055 69.0278854370117 69.1161193847656 68.9847259521484 68.3974761962891 67.9705429077148 68.4052886962891 68.5136489868164 67.5349349975586 67.4756851196289 67.4331436157227 67.3930587768555
63.537052154541 64.6052017211914 65.0371246337891 65.0403289794922 65.2557983398438 65.2654342651367 65.9580764770508 67.5487518310547 68.1894607543945 68.1742630004883 67.8680191040039 69.4937744140625 69.837532043457 69.8931045532227 69.7960586547852 69.4805450439453 68.7908248901367 68.683479309082 69.0043334960938 69.7226791381836 69.6516342163086 69.5631637573242 69.5864181518555 70.024772644043 69.7734909057617 68.9101257324219 69.0985870361328 69.1391067504883 69.1627197265625 68.7067947387695 68.2114944458008 67.8791198730469 68.6606063842773 69.6645660400391 69.3385162353516 68.7482452392578 68.5556793212891 68.9653244018555 69.1965255737305 69.0012664794922 69.0705490112305 68.5824737548828 68.2149200439453 68.4084625244141 68.2686080932617 67.5658798217773 67.7186660766602 67.4099960327148 67.1393127441406
65.4808654785156 66.3153991699219 66.4683227539062 66.8460311889648 66.8959274291992 66.8522186279297 67.3085098266602 68.2079696655273 68.3041839599609 68.6919174194336 68.8875732421875 69.9651565551758 70.0920715332031 69.8353042602539 69.5155715942383 68.9448699951172 68.0513916015625 68.0937347412109 68.8621444702148 69.8111038208008 69.6088638305664 69.3713760375977 69.8552398681641 69.7830123901367 69.70751953125 69.1613082885742 68.536262512207 68.1471633911133 68.513542175293 68.2408065795898 68.5560989379883 68.5121765136719 68.8473434448242 69.5718612670898 69.3960113525391 68.6003646850586 68.3868408203125 68.7592163085938 69.1415786743164 68.9436416625977 69.2452392578125 68.7974090576172 68.3182907104492 68.2249145507812 67.8783874511719 67.4634475708008 67.7320098876953 67.4290924072266 67.0005035400391
65.9256439208984 67.0959014892578 67.3386917114258 67.8588409423828 67.8973693847656 68.1242523193359 68.2617340087891 68.2345428466797 68.3592758178711 68.5080413818359 68.7600250244141 69.4502563476562 69.3308792114258 69.0115509033203 68.7204208374023 68.1827621459961 67.7175521850586 67.9092788696289 68.8662719726562 69.603630065918 69.5890960693359 69.1741409301758 69.5553588867188 69.7736129760742 69.68603515625 69.1424331665039 68.1931762695312 66.9941711425781 66.0330429077148 66.1422729492188 68.3393020629883 68.5431289672852 68.8257598876953 69.2442016601562 68.8046340942383 68.6533050537109 68.5807800292969 68.9623565673828 69.176628112793 68.7714309692383 69.1156158447266 68.9376602172852 68.439567565918 68.2304916381836 67.7255401611328 67.0525665283203 67.4691314697266 67.6476211547852 67.2567749023438
65.6566848754883 66.8435134887695 67.1899490356445 67.4196319580078 67.6707229614258 68.1143493652344 68.1385345458984 67.6497573852539 68.0925827026367 68.2961044311523 68.2537689208984 69.3634185791016 68.8320770263672 68.3827667236328 67.8494491577148 67.6758270263672 67.5803146362305 68.1538162231445 69.1828994750977 69.0424499511719 69.4804382324219 69.5660247802734 69.0108337402344 69.4883728027344 69.8929595947266 69.5009231567383 68.6259002685547 66.8326950073242 64.0763702392578 64.1660385131836 67.411735534668 68.4282531738281 68.5143890380859 69.2243499755859 68.8115997314453 69.0815505981445 69.0805892944336 69.3419036865234 69.0967788696289 68.9875869750977 69.1411285400391 69.0772171020508 68.8069381713867 68.350830078125 67.7458419799805 67.1270446777344 67.283821105957 67.3929061889648 67.0337600708008
65.8510131835938 66.7650756835938 67.2578659057617 67.3037185668945 67.4087829589844 67.9108428955078 67.7038497924805 67.0541229248047 67.5065383911133 67.9906463623047 67.8402862548828 69.5699462890625 68.8381652832031 68.2710571289062 67.5204315185547 67.4546203613281 67.4077529907227 68.0346069335938 68.762565612793 68.2599945068359 68.9949722290039 69.6141586303711 68.7487182617188 68.9644088745117 69.4471130371094 69.1063003540039 68.6597518920898 67.1740570068359 64.4967956542969 63.500659942627 65.9040145874023 67.8772048950195 68.4636993408203 69.0672302246094 69.4604187011719 69.4548187255859 69.3127822875977 69.4260635375977 69.2680892944336 69.4999313354492 69.4015426635742 68.9810256958008 68.7541198730469 68.4297790527344 68.1213073730469 67.2638320922852 67.4839553833008 67.4298400878906 67.118782043457
66.2990875244141 67.2991027832031 67.6626739501953 67.7041549682617 67.5833511352539 67.7532424926758 67.4297027587891 67.1922225952148 67.777214050293 68.1330490112305 68.3396453857422 69.6017837524414 68.9072494506836 67.7224578857422 67.074333190918 67.3181838989258 67.7361907958984 67.704963684082 67.7400436401367 67.4998397827148 68.2601089477539 69.3573379516602 68.7166442871094 68.6547622680664 68.6030502319336 68.3177490234375 68.1682968139648 67.073127746582 65.8368377685547 64.182746887207 64.7680282592773 67.0383453369141 68.6416778564453 68.6355209350586 69.0782012939453 69.4796524047852 69.4207077026367 69.437255859375 69.3484954833984 69.4452896118164 69.3527069091797 68.9996490478516 68.521858215332 68.3174743652344 68.2372665405273 67.3621215820312 67.7368621826172 67.6973419189453 67.2198638916016
66.350830078125 67.2731781005859 67.5985641479492 67.7567443847656 67.6752777099609 67.6539993286133 67.8130416870117 67.6983947753906 68.4254608154297 68.7275619506836 69.0590972900391 69.4534225463867 68.7339324951172 67.2751312255859 66.7612457275391 67.3699417114258 67.8746490478516 67.4200057983398 67.2485427856445 67.0115966796875 67.3389358520508 68.5620803833008 68.825927734375 68.7471008300781 68.3192977905273 68.0225219726562 66.7738647460938 65.5851593017578 65.6934280395508 65.4326705932617 65.8520202636719 67.7806243896484 68.9501037597656 68.5460968017578 69.1136016845703 69.4518814086914 69.4408798217773 69.5725631713867 69.6358413696289 69.4519805908203 69.2800064086914 69.2109603881836 68.8144149780273 68.223388671875 68.0693588256836 67.8355255126953 67.80859375 67.667610168457 67.2023086547852
65.4898300170898 66.4917907714844 66.9221878051758 67.2514495849609 67.2939910888672 67.6294097900391 68.2236404418945 68.2050399780273 68.5683517456055 68.6221313476562 68.764274597168 69.1721496582031 68.6775588989258 67.3003234863281 66.9614486694336 67.2383193969727 67.451057434082 67.1920700073242 66.931755065918 66.4645385742188 66.8471221923828 67.4935455322266 68.9010925292969 69.0357208251953 68.7145004272461 68.1791152954102 66.5547714233398 65.0067443847656 64.732292175293 66.1492919921875 67.8105773925781 68.8834838867188 68.8505859375 68.7884674072266 69.7364196777344 69.78515625 69.4488983154297 69.249153137207 69.3160400390625 69.3239898681641 69.0644683837891 68.9396743774414 68.8958511352539 68.3206100463867 68.0886001586914 67.8856811523438 67.8735656738281 67.4165954589844 67.1944198608398
64.680061340332 65.8687744140625 66.3923187255859 66.9029312133789 67.4035415649414 67.4904708862305 67.4287185668945 67.3124313354492 67.3026962280273 66.6869430541992 66.8069305419922 69.1332397460938 68.5635757446289 67.6388931274414 66.8979187011719 66.7153549194336 66.7676773071289 67.7858428955078 68.7581176757812 68.8546752929688 68.4370880126953 68.6473236083984 68.9839172363281 69.211669921875 68.811637878418 68.8423767089844 68.5137100219727 67.4890670776367 65.9074325561523 65.8468627929688 67.9375076293945 68.8440628051758 69.0555267333984 69.8044128417969 69.7193984985352 69.7972717285156 69.5338363647461 69.1259536743164 69.1063461303711 69.1025924682617 68.9044570922852 68.4095764160156 69.0331192016602 68.5418701171875 68.4929885864258 68.0729827880859 67.7315902709961 67.3666076660156 67.2259368896484
65.6748504638672 65.8834991455078 66.5114135742188 66.8665618896484 66.9392395019531 67.2919158935547 67.2236480712891 66.8581848144531 66.7700500488281 66.808349609375 66.7591323852539 68.5501403808594 68.0233840942383 67.7031173706055 66.9680709838867 66.4002380371094 65.907829284668 66.4371795654297 67.7410659790039 68.2820510864258 69.0436782836914 69.4829788208008 69.1232604980469 69.0980453491211 68.662956237793 68.5893478393555 68.7899932861328 67.9200592041016 66.2411346435547 65.9362106323242 66.7416534423828 67.8338775634766 68.3595428466797 70.0864181518555 69.9326019287109 69.6627578735352 69.4988327026367 69.1010513305664 68.9818801879883 68.9264831542969 68.7415313720703 68.2839508056641 68.7321701049805 68.7251815795898 68.3162460327148 68.055534362793 67.7617263793945 67.587287902832 67.1811599731445
65.6152725219727 65.9119415283203 66.2472076416016 66.2459945678711 66.2820739746094 66.6789627075195 66.5062026977539 66.2928848266602 66.2020874023438 66.7787094116211 67.1126098632812 68.2572250366211 67.5921630859375 67.4265823364258 66.7108612060547 65.9909057617188 65.4554138183594 65.476318359375 66.3417510986328 67.4990158081055 68.8100280761719 69.0553665161133 68.8999710083008 68.824951171875 68.6315078735352 68.5141677856445 68.6384353637695 68.2048873901367 66.7229690551758 66.2784805297852 66.8866806030273 67.4598007202148 68.3033828735352 70.0791931152344 69.8284225463867 69.4247741699219 69.4757461547852 69.2520141601562 68.8955230712891 68.9659271240234 68.5625610351562 68.3322830200195 68.4724197387695 68.4004745483398 68.2080841064453 67.9950942993164 67.7897567749023 67.9691925048828 67.3431549072266
64.5767059326172 65.3329162597656 65.6479110717773 65.6002578735352 65.6872024536133 65.8058090209961 65.6828994750977 65.6602325439453 66.0536804199219 66.6816635131836 67.495964050293 68.2180328369141 68.1439361572266 67.6354293823242 66.7871704101562 66.2646026611328 65.6835327148438 65.312744140625 66.216552734375 67.9536895751953 68.5839233398438 68.6178207397461 69.3846130371094 69.2242965698242 69.2861709594727 68.9839019775391 68.3517684936523 67.8337554931641 66.4601898193359 66.5417709350586 67.9878158569336 68.4374160766602 69.3697052001953 69.9975357055664 69.9023590087891 69.833984375 69.2721557617188 68.8530807495117 68.8125686645508 68.8188323974609 68.6335067749023 68.3912887573242 68.5294799804688 68.2330551147461 68.2275009155273 67.8641052246094 67.8671875 68.0050277709961 67.5790176391602
64.2119522094727 64.9798736572266 65.3033981323242 65.5106887817383 65.2681503295898 65.1442108154297 65.4568252563477 65.4722595214844 66.0058441162109 66.4652709960938 67.491325378418 67.6418151855469 68.1295700073242 68.0293045043945 67.4005813598633 67.2297058105469 66.0713119506836 65.7031478881836 67.1253509521484 68.8911209106445 68.4980316162109 68.4560775756836 69.77099609375 70.3873748779297 70.1270599365234 69.2842864990234 68.4080047607422 68.147216796875 66.9595794677734 66.7106170654297 68.8616561889648 68.9003753662109 69.6063385009766 69.9494857788086 69.8712158203125 69.5544815063477 69.3306884765625 68.9542541503906 69.2331619262695 68.9197235107422 68.6537094116211 68.2888717651367 68.3487014770508 68.0829849243164 68.2051315307617 68.2546234130859 68.1736297607422 68.2492065429688 67.8470153808594
