rcp4.5models/CNRM_CM5/sc1gr2.27
NCOLS 261 
NROWS 433 
XLLCORNER 336357.134 
YLLCORNER 654653.479 
CELLSIZE 1000 
NODATA_value -3.4e+38 
[rows 66 to 87 of 433, columns 49 to 97 of 261]
-3.4e+38 -3.4e+38 -3.4e+38 -3.4e+38 -3.4e+38 -3.4e+38 -3.4e+38 -3.4e+38 -3.4e+38 -3.4e+38 -3.4e+38 -3.4e+38 -3.4e+38 -3.4e+38 -3.4e+38 -3.4e+38 -3.4e+38 -3.4e+38 334.373229980469 334.998199462891 -3.4e+38 335.01611328125 335.591644287109 335.595245361328 334.920074462891 335.018798828125 335.441864013672 335.426391601562 335.386627197266 336.053100585938 336.053100585938 336.8935546875 336.882904052734 336.292358398438 337.119171142578 337.227813720703 338.062652587891 338.040740966797 338.011138916016 337.982421875 -3.4e+38 338.566986083984 338.875854492188 338.851257324219 -3.4e+38 -3.4e+38 338.801940917969 339.352783203125 339.388580322266
-3.4e+38 -3.4e+38 -3.4e+38 -3.4e+38 -3.4e+38 -3.4e+38 -3.4e+38 -3.4e+38 -3.4e+38 -3.4e+38 -3.4e+38 -3.4e+38 -3.4e+38 -3.4e+38 -3.4e+38 -3.4e+38 -3.4e+38 -3.4e+38 334.597412109375 335.467437744141 335.661773681641 -3.4e+38 335.564453125 335.105041503906 334.836120605469 335.222320556641 335.403533935547 335.374145507812 335.512390136719 336.251861572266 335.985565185547 337.154693603516 336.610687255859 336.2900390625 337.741516113281 337.772186279297 -3.4e+38 -3.4e+38 337.968505859375 338.606964111328 338.586578369141 338.851654052734 338.178558349609 338.171997070312 338.818023681641 339.757659912109 339.411010742188 339.726348876953 339.678497314453
-3.4e+38 -3.4e+38 -3.4e+38 -3.4e+38 -3.4e+38 -3.4e+38 -3.4e+38 -3.4e+38 -3.4e+38 -3.4e+38 -3.4e+38 -3.4e+38 -3.4e+38 -3.4e+38 -3.4e+38 -3.4e+38 -3.4e+38 -3.4e+38 335.373321533203 334.65625 335.218444824219 335.495147705078 335.470764160156 335.428253173828 335.386779785156 335.346313476562 334.841003417969 335.247833251953 335.528839111328 335.4150390625 335.339752197266 337.049713134766 337.176330566406 336.761596679688 336.716796875 337.080902099609 337.933807373047 337.909210205078 338.550811767578 338.855865478516 338.822814941406 338.762969970703 337.759429931641 337.762298583984 338.652069091797 339.042907714844 339.050048828125 339.641815185547 339.272186279297
-3.4e+38 -3.4e+38 -3.4e+38 -3.4e+38 -3.4e+38 -3.4e+38 -3.4e+38 -3.4e+38 -3.4e+38 -3.4e+38 -3.4e+38 -3.4e+38 -3.4e+38 -3.4e+38 -3.4e+38 -3.4e+38 -3.4e+38 -3.4e+38 335.591003417969 334.615478515625 334.772705078125 335.411987304688 335.413513183594 335.371734619141 335.330993652344 335.291259765625 335.710693359375 335.420654296875 335.185180664062 335.192565917969 335.808410644531 337.015106201172 337.182525634766 337.648986816406 337.045776367188 337.03515625 337.890106201172 338.534149169922 338.838287353516 338.806518554688 338.122314453125 -3.4e+38 -3.4e+38 338.363220214844 338.638793945312 338.658538818359 338.679992675781 339.621368408203 339.555755615234
-3.4e+38 -3.4e+38 -3.4e+38 -3.4e+38 -3.4e+38 -3.4e+38 -3.4e+38 -3.4e+38 -3.4e+38 -3.4e+38 -3.4e+38 -3.4e+38 -3.4e+38 -3.4e+38 -3.4e+38 -3.4e+38 -3.4e+38 -3.4e+38 335.794281005859 334.572448730469 334.690856933594 335.353515625 335.355804443359 335.314758300781 335.274749755859 335.442901611328 335.697662353516 335.263793945312 335.304229736328 335.743194580078 336.016082763672 337.640350341797 337.694458007812 337.927307128906 337.621917724609 337.583160400391 337.236785888672 338.816986083984 338.158294677734 338.116241455078 337.746734619141 337.731994628906 -3.4e+38 338.659545898438 338.639953613281 338.621124267578 338.617767333984 338.996887207031 340.165832519531
-3.4e+38 -3.4e+38 -3.4e+38 -3.4e+38 -3.4e+38 -3.4e+38 -3.4e+38 -3.4e+38 -3.4e+38 -3.4e+38 -3.4e+38 -3.4e+38 -3.4e+38 -3.4e+38 -3.4e+38 -3.4e+38 -3.4e+38 335.559143066406 335.841918945312 335.438262939453 334.797119140625 335.302886962891 335.297668457031 335.257354736328 335.218109130859 335.936248779297 335.927154541016 335.800842285156 335.173034667969 336.655456542969 336.654388427734 337.918823242188 -3.4e+38 337.881500244141 337.853210449219 337.825897216797 338.171112060547 338.768371582031 337.793914794922 337.733459472656 337.702972412109 338.326995849609 338.639556884766 338.620056152344 338.601318359375 338.609436035156 339.215759277344 339.231109619141 339.869201660156
-3.4e+38 -3.4e+38 -3.4e+38 -3.4e+38 -3.4e+38 -3.4e+38 -3.4e+38 -3.4e+38 -3.4e+38 -3.4e+38 -3.4e+38 -3.4e+38 -3.4e+38 -3.4e+38 -3.4e+38 -3.4e+38 -3.4e+38 335.496398925781 335.802886962891 335.756164550781 335.173187255859 335.269439697266 335.239044189453 335.42724609375 335.171600341797 335.415985107422 335.394256591797 336.028686523438 335.714935302734 335.727081298828 336.898193359375 337.334259033203 -3.4e+38 337.832244873047 337.221588134766 337.181121826172 338.750152587891 338.101379394531 337.746795654297 337.693603515625 337.672332763672 338.618255615234 338.598785400391 338.580108642578 338.587097167969 339.210723876953 339.528717041016 339.513031005859 339.498016357422
-3.4e+38 -3.4e+38 -3.4e+38 -3.4e+38 -3.4e+38 -3.4e+38 -3.4e+38 -3.4e+38 -3.4e+38 -3.4e+38 -3.4e+38 -3.4e+38 -3.4e+38 -3.4e+38 -3.4e+38 -3.4e+38 335.460388183594 335.434295654297 335.732086181641 335.697052001953 335.283294677734 335.219879150391 335.179992675781 335.468536376953 335.785369873047 335.093444824219 335.031036376953 335.96533203125 335.962829589844 335.795806884766 336.992340087891 337.572265625 337.807861328125 337.782562255859 336.887878417969 337.439300537109 338.092346191406 337.745849609375 337.699432373047 -3.4e+38 338.278900146484 338.576171875 338.557586669922 338.539794921875 338.558319091797 339.403839111328 339.490936279297 339.476104736328 339.4619140625
-3.4e+38 -3.4e+38 -3.4e+38 -3.4e+38 -3.4e+38 -3.4e+38 -3.4e+38 -3.4e+38 -3.4e+38 -3.4e+38 -3.4e+38 -3.4e+38 -3.4e+38 -3.4e+38 -3.4e+38 -3.4e+38 335.415130615234 335.371795654297 335.412078857422 335.620941162109 335.888702392578 335.863006591797 335.821502685547 335.211853027344 335.562316894531 335.697845458984 335.666442871094 335.931732177734 335.237670898438 336.078369140625 337.013549804688 337.778747558594 337.202606201172 337.159851074219 337.422882080078 338.350036621094 337.743804931641 337.697814941406 337.652099609375 337.620849609375 338.568725585938 338.533660888672 338.538330078125 339.152709960938 339.142303466797 339.307922363281 339.452728271484 339.438720703125 339.425384521484
-3.4e+38 -3.4e+38 -3.4e+38 -3.4e+38 -3.4e+38 -3.4e+38 -3.4e+38 -3.4e+38 -3.4e+38 -3.4e+38 -3.4e+38 -3.4e+38 -3.4e+38 -3.4e+38 -3.4e+38 -3.4e+38 335.350372314453 335.595275878906 335.520141601562 335.571716308594 336.107025146484 336.098937988281 336.302490234375 335.977081298828 336.011932373047 336.622741699219 336.609039306641 336.573760986328 336.233795166016 337.234069824219 337.507171630859 -3.4e+38 337.441162109375 337.405548095703 337.746887207031 -3.4e+38 337.695068359375 337.649658203125 337.616119384766 338.220977783203 338.526916503906 338.490692138672 338.509826660156 339.457733154297 339.439880371094 339.371765136719 339.4140625 339.400909423828 339.425994873047
-3.4e+38 -3.4e+38 -3.4e+38 -3.4e+38 -3.4e+38 -3.4e+38 -3.4e+38 -3.4e+38 -3.4e+38 -3.4e+38 -3.4e+38 -3.4e+38 -3.4e+38 -3.4e+38 -3.4e+38 335.310852050781 335.582824707031 335.669250488281 335.571258544922 335.918670654297 336.067718505859 336.037780761719 336.103881835938 336.303588867188 336.709075927734 336.887023925781 336.860137939453 337.020782470703 336.800689697266 337.730377197266 337.709136962891 337.682006835938 338.330230712891 338.304840087891 338.322662353516 338.580993652344 338.257476806641 338.226623535156 338.203063964844 338.508666992188 338.481750488281 338.4248046875 337.839141845703 339.416015625 339.401580810547 339.387908935547 339.408966064453 340.008575439453 340.0166015625
-3.4e+38 -3.4e+38 -3.4e+38 -3.4e+38 -3.4e+38 -3.4e+38 -3.4e+38 -3.4e+38 -3.4e+38 -3.4e+38 -3.4e+38 -3.4e+38 -3.4e+38 -3.4e+38 -3.4e+38 -3.4e+38 335.639312744141 335.616027832031 335.511047363281 336.023590087891 336.014221191406 335.976135253906 335.939147949219 336.677215576172 336.861968994141 336.834838867188 336.80224609375 336.858215332031 336.924926757812 337.679779052734 337.655151367188 337.760437011719 338.603210449219 338.010559082031 338.555999755859 338.533660888672 338.521728515625 339.146087646484 338.496826171875 338.466064453125 338.436126708984 338.41455078125 338.724182128906 339.373809814453 339.360260009766 339.380310058594 339.966583251953 339.715759277344 340.313110351562
-3.4e+38 -3.4e+38 -3.4e+38 -3.4e+38 -3.4e+38 -3.4e+38 -3.4e+38 -3.4e+38 -3.4e+38 -3.4e+38 -3.4e+38 -3.4e+38 -3.4e+38 -3.4e+38 335.222351074219 335.507598876953 335.598999023438 335.554565429688 335.839019775391 335.981536865234 336.218688964844 335.925628662109 336.550506591797 336.832275390625 336.808654785156 336.775726318359 336.743896484375 337.387329101562 336.778656005859 337.621002197266 337.600738525391 337.770904541016 338.55029296875 338.252319335938 338.592529296875 338.491668701172 339.13525390625 339.436859130859 339.100128173828 339.072204589844 339.069580078125 338.396759033203 339.371734619141 339.953796386719 339.318420410156 339.324859619141 339.701049804688 340.596130371094 340.87744140625
-3.4e+38 -3.4e+38 -3.4e+38 -3.4e+38 -3.4e+38 -3.4e+38 -3.4e+38 -3.4e+38 -3.4e+38 -3.4e+38 -3.4e+38 -3.4e+38 -3.4e+38 335.199768066406 335.175048828125 335.567199707031 335.545043945312 335.492980957031 335.956481933594 335.925842285156 336.001007080078 336.117828369141 336.790008544922 336.107421875 336.728546142578 336.716125488281 336.220672607422 336.95361328125 336.630615234375 336.888305664062 337.543487548828 337.719085693359 338.497467041016 338.475128173828 338.496917724609 338.520446777344 339.469482421875 339.39404296875 339.376220703125 339.359344482422 339.375854492188 339.638244628906 339.940734863281 339.650451660156 339.893157958984 339.335144042969 340.588317871094 341.205322265625 340.569549560547
-3.4e+38 -3.4e+38 -3.4e+38 -3.4e+38 -3.4e+38 -3.4e+38 -3.4e+38 -3.4e+38 -3.4e+38 -3.4e+38 -3.4e+38 -3.4e+38 -3.4e+38 335.109832763672 335.223785400391 335.454772949219 335.779357910156 335.904296875 335.833923339844 336.082702636719 336.5634765625 336.718780517578 336.690887451172 336.657958984375 336.626190185547 336.595520019531 336.565979003906 337.214996337891 336.516876220703 337.892791748047 338.434539794922 338.411437988281 338.389373779297 338.376037597656 339.023651123047 339.367370605469 339.399658203125 339.357635498047 339.303680419922 339.288726806641 339.919128417969 340.222564697266 340.210845947266 340.232788085938 340.857879638672 341.180419921875 341.171752929688 341.1220703125 340.51416015625
-3.4e+38 -3.4e+38 -3.4e+38 -3.4e+38 -3.4e+38 -3.4e+38 -3.4e+38 -3.4e+38 -3.4e+38 -3.4e+38 -3.4e+38 -3.4e+38 -3.4e+38 -3.4e+38 335.104522705078 335.388793945312 335.857604980469 335.844818115234 335.767791748047 336.141662597656 336.675018310547 336.660949707031 336.627624511719 336.595458984375 336.564422607422 336.534484863281 336.505706787109 336.788360595703 336.453857421875 338.401184082031 338.378173828125 338.355865478516 338.334625244141 338.327880859375 339.295166015625 339.278839111328 339.364837646484 339.911041259766 339.288208007812 339.88525390625 340.200347900391 340.176055908203 340.228790283203 341.440307617188 341.145843505859 341.137329101562 341.129516601562 341.141479492188 341.399658203125
-3.4e+38 -3.4e+38 -3.4e+38 -3.4e+38 -3.4e+38 -3.4e+38 -3.4e+38 -3.4e+38 -3.4e+38 -3.4e+38 -3.4e+38 -3.4e+38 -3.4e+38 -3.4e+38 335.27783203125 335.008728027344 335.772918701172 335.77685546875 336.004180908203 336.093566894531 336.611389160156 336.596496582031 336.563903808594 336.532470703125 336.502166748047 336.472991943359 336.444976806641 336.418060302734 336.392242431641 337.664825439453 337.803161621094 338.2998046875 338.287445068359 338.936004638672 339.241516113281 339.224822998047 339.246246337891 339.558837890625 340.524749755859 340.799407958984 340.177947998047 340.128997802734 -3.4e+38 -3.4e+38 341.101318359375 341.093658447266 341.086700439453 341.104736328125 341.479309082031
-3.4e+38 -3.4e+38 -3.4e+38 -3.4e+38 -3.4e+38 -3.4e+38 -3.4e+38 -3.4e+38 -3.4e+38 -3.4e+38 -3.4e+38 -3.4e+38 -3.4e+38 334.86962890625 335.304260253906 335.4921875 335.733551025391 335.708435058594 336.080596923828 336.418029785156 336.559387207031 336.531585693359 335.819885253906 336.454772949219 336.439453125 336.411041259766 336.383758544922 336.357574462891 336.533660888672 337.96484375 338.017120361328 338.250396728516 338.892883300781 338.645355224609 338.532867431641 339.170776367188 339.155151367188 339.183563232422 340.518218994141 341.101043701172 340.773681640625 340.081390380859 -3.4e+38 341.0234375 341.056243896484 341.049407958984 341.128845214844 342.278472900391 341.74755859375
-3.4e+38 -3.4e+38 -3.4e+38 -3.4e+38 -3.4e+38 -3.4e+38 -3.4e+38 -3.4e+38 -3.4e+38 -3.4e+38 -3.4e+38 -3.4e+38 -3.4e+38 334.798553466797 335.155334472656 335.688781738281 335.677764892578 335.639526367188 336.012634277344 336.5146484375 336.498504638672 336.466217041016 336.137725830078 336.399505615234 336.376281738281 336.348571777344 336.322052001953 336.296630859375 337.047943115234 338.224090576172 337.702453613281 338.864532470703 339.162872314453 338.874053955078 338.808410644531 339.134521484375 339.766235351562 339.762298583984 340.102813720703 340.405090332031 340.39599609375 340.686065673828 340.69482421875 341.017303466797 341.010559082031 341.046295166016 341.691802978516 342.326782226562 342.017761230469
-3.4e+38 -3.4e+38 -3.4e+38 -3.4e+38 -3.4e+38 -3.4e+38 -3.4e+38 -3.4e+38 -3.4e+38 -3.4e+38 -3.4e+38 -3.4e+38 334.768493652344 335.409118652344 335.507354736328 335.638336181641 335.607727050781 335.903778076172 336.322540283203 336.4599609375 336.431945800781 336.400329589844 336.369934082031 336.340667724609 336.312591552734 336.968231201172 336.946502685547 337.602508544922 337.212799072266 338.166015625 337.907562255859 338.464752197266 339.110473632812 339.093444824219 339.07958984375 339.154724121094 339.405914306641 340.035461425781 340.023406982422 340.012329101562 340.002136230469 340.984497070312 -3.4e+38 340.931640625 340.398590087891 341.628021240234 341.954681396484 341.950927734375 341.947845458984
-3.4e+38 -3.4e+38 -3.4e+38 -3.4e+38 -3.4e+38 -3.4e+38 -3.4e+38 -3.4e+38 -3.4e+38 -3.4e+38 -3.4e+38 -3.4e+38 -3.4e+38 335.621154785156 335.614654541016 335.575317382812 335.537231445312 335.976501464844 336.425506591797 336.396942138672 336.364868164062 336.62890625 336.992767333984 336.968719482422 336.939086914062 337.220123291016 337.435638427734 338.173217773438 337.833404541016 338.110015869141 338.263580322266 338.749389648438 339.053161621094 339.039398193359 339.142517089844 339.716461181641 339.7392578125 340.033599853516 339.997711181641 340.589111328125 339.982391357422 340.318603515625 340.928436279297 340.940704345703 341.256469726562 341.913055419922 341.909454345703 341.906524658203 341.954406738281
-3.4e+38 -3.4e+38 -3.4e+38 -3.4e+38 -3.4e+38 -3.4e+38 -3.4e+38 -3.4e+38 -3.4e+38 -3.4e+38 -3.4e+38 -3.4e+38 335.135070800781 335.558868408203 335.542388916016 335.503723144531 335.466278076172 335.914642333984 336.361328125 336.328765869141 336.607452392578 336.701416015625 337.229949951172 337.21044921875 337.183807373047 337.158355712891 337.486480712891 338.110900878906 338.0888671875 338.241607666016 338.789093017578 339.011901855469 338.998138427734 339.119079589844 339.695251464844 340.062438964844 340.63818359375 340.591094970703 339.969909667969 340.254760742188 339.949127197266 339.941467285156 340.918060302734 341.54443359375 341.869903564453 341.821380615234 341.220703125 341.269439697266 341.940032958984
