rcp4.5models/CNRM_CM5/sc1gr2.14
NCOLS 261 
NROWS 433 
XLLCORNER 336357.134 
YLLCORNER 654653.479 
CELLSIZE 1000 
NODATA_value -3.4e+38 
[rows 242 to 263 of 433, columns 49 to 97 of 261]
342.280395507812 342.217346191406 342.413055419922 342.592041015625 342.297302246094 342.640228271484 342.570434570312 342.449279785156 342.514373779297 342.873657226562 342.52978515625 342.178955078125 342.225036621094 342.097045898438 341.893310546875 341.702758789062 341.525268554688 341.683563232422 341.588134765625 341.157958984375 340.990844726562 340.700897216797 340.796173095703 340.872009277344 340.340942382812 340.224304199219 340.462188720703 340.734954833984 340.238647460938 340.243469238281 340.097290039062 339.722686767578 339.129089355469 339.427062988281 339.966156005859 340.081420898438 340.18994140625 339.565002441406 339.020965576172 339.470336914062 339.703948974609 338.800018310547 338.579833984375 338.369598388672 338.736328125 338.376953125 337.158996582031 335.198120117188 333.881713867188
342.307006835938 342.010925292969 342.011108398438 342.094329833984 342.272552490234 342.410491943359 342.127014160156 342.413177490234 342.422729492188 342.492828369141 342.618621826172 342.718963623047 342.156311035156 341.873840332031 341.801727294922 341.855590820312 341.399780273438 341.347106933594 341.137756347656 341.139953613281 341.212890625 340.682525634766 340.561920166016 340.440490722656 340.318267822266 340.200225830078 340.247100830078 340.319305419922 339.842315673828 339.810638427734 339.767974853516 339.490905761719 339.171813964844 339.029510498047 339.323394775391 339.956512451172 339.936126708984 339.915649414062 339.552490234375 339.013580322266 339.261749267578 339.08251953125 338.790832519531 338.628326416016 338.332824707031 338.310089111328 338.089233398438 337.255432128906 335.808074951172
342.102722167969 342.254699707031 342.359252929688 342.072082519531 342.526733398438 342.528228759766 342.332122802734 342.351806640625 342.25 342.146545410156 342.164245605469 342.234100341797 341.960021972656 341.943695068359 342.356384277344 342.109710693359 341.398162841797 341.350616455078 341.269500732422 341.285125732422 341.220123291016 340.892364501953 340.959594726562 340.430419921875 340.307495117188 340.198944091797 340.146697998047 340.080444335938 339.661193847656 339.434143066406 339.578552246094 339.301666259766 339.161071777344 339.030822753906 339.119934082031 339.569305419922 339.941802978516 339.716003417969 338.347930908203 337.119812011719 338.471374511719 338.817932128906 338.796997070312 338.775939941406 338.754821777344 338.733612060547 338.370178222656 337.690948486328 336.249206542969
342.783721923828 342.569213867188 342.381072998047 342.625518798828 342.744903564453 342.649597167969 342.552459716797 342.352935791016 342.250579833984 342.146545410156 342.040893554688 341.933685302734 342.053649902344 342.433776855469 342.509857177734 342.36328125 341.810150146484 341.354248046875 341.236907958984 341.151000976562 341.303649902344 341.422882080078 341.411956787109 341.043182373047 340.917633056641 340.800750732422 340.490112304688 339.815826416016 339.433654785156 339.413146972656 339.413543701172 339.285430908203 339.157073974609 339.046020507812 339.196350097656 339.705932617188 339.947570800781 339.581207275391 337.318176269531 335.739776611328 338.598052978516 338.824188232422 338.803283691406 338.782318115234 338.76123046875 338.539916992188 337.994049072266 337.697540283203 336.952117919922
342.916931152344 342.906860351562 342.723571777344 342.60205078125 342.082061767578 341.988586425781 342.130249023438 342.176025390625 341.697937011719 341.726989746094 342.040588378906 341.932769775391 341.949310302734 342.040069580078 341.906555175781 341.846801757812 341.839721679688 341.73974609375 341.599792480469 341.182830810547 341.649566650391 341.657623291016 341.535003662109 341.192535400391 340.885131835938 340.966949462891 340.325958251953 339.883575439453 339.824462890625 339.876037597656 339.652923583984 339.269744873047 339.140625 339.036987304688 339.132873535156 339.583251953125 339.953491210938 339.684539794922 338.056304931641 336.930969238281 338.871917724609 338.83056640625 338.809722900391 338.788787841797 338.566223144531 338.020446777344 337.725524902344 337.704254150391 337.483947753906
342.34912109375 342.356597900391 342.511047363281 342.484771728516 341.751983642578 341.655731201172 341.679718017578 341.671539306641 341.305877685547 341.506378173828 342.040557861328 341.932159423828 341.822204589844 341.710815429688 341.597961425781 341.483734130859 341.497436523438 341.507965087891 341.5400390625 341.539184570312 341.563018798828 341.581573486328 341.181457519531 340.867095947266 341.031860351562 340.837921142578 340.097412109375 340.157958984375 340.520660400391 340.169952392578 340.155303955078 339.859924316406 339.5166015625 339.217163085938 339.513153076172 339.565948486328 339.832550048828 339.751556396484 338.852386474609 338.25927734375 338.992645263672 338.837036132812 338.816284179688 338.79541015625 338.629791259766 338.334991455078 338.312438964844 338.089508056641 337.543640136719
342.123657226562 342.034576416016 342.063812255859 342.062042236328 341.755889892578 341.6591796875 341.560577392578 341.392333984375 341.25390625 341.273895263672 341.62548828125 341.931793212891 341.8212890625 341.709259033203 341.595794677734 341.251495361328 340.956176757812 341.28955078125 341.344970703125 341.572479248047 341.641876220703 341.601684570312 341.309844970703 341.150268554688 341.268524169922 340.831848144531 340.314910888672 340.714111328125 340.897277832031 340.318634033203 340.031188964844 339.635040283203 339.369689941406 339.336975097656 339.687042236328 339.421417236328 339.744293212891 339.747924804688 339.180816650391 337.019348144531 335.324188232422 338.843658447266 338.822967529297 338.802185058594 338.781311035156 338.760314941406 338.7392578125 338.370544433594 337.496520996094
342.129364013672 341.793243408203 341.524475097656 341.855285644531 341.760040283203 341.662872314453 341.563781738281 341.360046386719 341.255523681641 341.149230957031 341.289520263672 341.730895996094 341.820617675781 341.7080078125 341.593963623047 341.348114013672 341.129516601562 341.083648681641 340.929443359375 341.269104003906 341.133148193359 341.011474609375 341.111846923828 341.386199951172 341.259857177734 341.01416015625 340.846435546875 341.026000976562 340.721313476562 340.282012939453 339.921295166016 339.011627197266 338.494049072266 338.751678466797 339.393981933594 339.501831054688 339.736022949219 339.869964599609 339.5341796875 337.849548339844 335.398559570312 338.850372314453 338.829772949219 338.80908203125 338.788269042969 338.564270019531 338.166870117188 337.999969482422 336.953338623047
341.461334228516 341.252563476562 341.32275390625 341.860046386719 341.764373779297 341.666748046875 341.567199707031 341.362457275391 341.337036132812 341.526184082031 341.756805419922 341.822692871094 341.820220947266 341.707061767578 341.825286865234 341.882965087891 341.128204345703 340.545379638672 340.081726074219 340.972015380859 340.754119873047 340.793151855469 341.153747558594 341.378601074219 341.262969970703 341.144073486328 341.090667724609 341.036773681641 340.55322265625 339.763946533203 339.59765625 339.071563720703 338.695373535156 338.947998046875 338.166564941406 337.094268798828 339.620666503906 339.762847900391 339.681884765625 339.15380859375 338.287384033203 336.19873046875 338.836730957031 338.610870361328 338.213348388672 338.046691894531 337.956695556641 338.310272216797 337.842864990234
341.141326904297 341.051208496094 341.082092285156 341.198547363281 341.350830078125 341.6708984375 341.588165283203 341.778717041016 341.54248046875 342.004852294922 342.043029785156 341.932342529297 341.820129394531 341.706359863281 341.722778320312 341.704345703125 341.223846435547 340.898132324219 340.524261474609 340.872589111328 340.748779296875 340.722778320312 340.809875488281 340.975494384766 341.250915527344 341.128051757812 341.087432861328 341.036041259766 340.5478515625 339.681854248047 339.937652587891 339.587432861328 339.290588378906 339.477569580078 338.240783691406 337.542724609375 339.534851074219 339.628021240234 339.6787109375 338.925842285156 338.622619628906 336.198974609375 338.087951660156 338.675994873047 338.179016113281 337.781799316406 337.909240722656 338.365692138672 338.516510009766
341.147552490234 341.057098388672 340.964660644531 341.118774414062 341.562805175781 341.675231933594 341.600830078125 341.828002929688 342.043060302734 342.015991210938 341.810119628906 341.933044433594 341.820281982422 341.705963134766 341.590209960938 341.473052978516 341.354553222656 341.234771728516 340.991577148438 340.868225097656 340.743835449219 340.618408203125 340.492034912109 340.502899169922 340.842987060547 341.149627685547 341.158233642578 341.035491943359 340.647613525391 340.201690673828 340.320434570312 340.044891357422 339.603637695312 339.429351806641 339.385620117188 339.180786132812 339.137145996094 339.691497802734 339.801879882812 338.972076416016 338.722229003906 338.21435546875 338.225982666016 338.830535888672 338.66162109375 338.163909912109 337.768432617188 337.918579101562 338.040802001953
341.153900146484 341.063140869141 340.970336914062 341.251098632812 341.778686523438 341.679748535156 341.587707519531 341.910186767578 341.612213134766 341.673217773438 341.804016113281 341.500518798828 341.415771484375 341.705841064453 341.589538574219 341.471832275391 341.352813720703 341.232482910156 340.988128662109 340.8642578125 340.510040283203 340.218292236328 340.486328125 340.584808349609 340.761535644531 340.735260009766 341.058258056641 340.913024902344 340.707397460938 340.391815185547 340.220306396484 340.175933837891 339.911956787109 339.726257324219 339.861541748047 339.494049072266 339.245208740234 339.729217529297 340.089385986328 339.480285644531 338.976287841797 338.601928710938 337.586639404297 337.237030029297 338.635559082031 338.441436767578 337.776092529297 337.771209716797 337.763519287109
340.743194580078 341.069305419922 340.976226806641 341.258941650391 341.783813476562 341.684478759766 341.583038330078 341.998931884766 341.26708984375 341.289337158203 341.579193115234 341.696594238281 341.597534179688 341.705963134766 341.589141845703 341.470916748047 341.586853027344 341.628814697266 341.217437744141 341.256103515625 340.596832275391 340.370330810547 340.481079101562 340.492553710938 340.465789794922 340.459625244141 340.811340332031 340.569610595703 340.599700927734 340.051635742188 339.856231689453 340.164978027344 340.030548095703 339.929168701172 340.036193847656 339.791107177734 339.110931396484 339.71630859375 340.007690429688 339.348449707031 338.757202148438 338.67724609375 337.602386474609 335.718414306641 336.081268310547 338.447723388672 337.609924316406 337.449554443359 337.742279052734
341.173614501953 341.338592529297 341.399597167969 340.892486572266 340.794525146484 340.946014404297 340.999114990234 340.788940429688 340.588775634766 340.541870117188 341.051513671875 341.072540283203 341.423309326172 341.465911865234 340.951080322266 340.833892822266 340.953155517578 341.365325927734 341.118988037109 341.089050292969 340.72802734375 340.831909179688 340.861694335938 340.342407226562 340.212066650391 340.113067626953 340.004058837891 340.185455322266 340.458618164062 340.414978027344 340.280181884766 340.144958496094 340.031341552734 339.950805664062 339.805755615234 339.601470947266 339.100982666016 338.692840576172 339.556213378906 339.694000244141 338.78369140625 337.852661132812 338.056640625 338.007049560547 337.95361328125 338.290893554688 337.943115234375 337.42333984375 337.122009277344
341.180328369141 341.21630859375 341.199554443359 340.898345947266 340.545806884766 340.423736572266 340.808135986328 340.41748046875 340.329284667969 340.052947998047 340.007263183594 340.540649414062 340.960571289062 340.931732177734 340.589660644531 340.709991455078 340.881713867188 340.594879150391 340.586120605469 340.617492675781 340.334930419922 340.738433837891 340.706115722656 340.342590332031 340.4443359375 340.461273193359 340.170471191406 340.338500976562 339.922485351562 340.025268554688 340.271667480469 340.135955810547 339.999908447266 339.9296875 340.059631347656 339.967468261719 339.304931640625 339.057952880859 339.329772949219 339.306640625 338.936584472656 338.431976318359 338.283050537109 337.588745117188 336.960357666016 336.509765625 337.742736816406 336.880004882812 336.552642822266
341.187103271484 341.094848632812 340.742431640625 340.497528076172 340.674621582031 340.495178222656 340.601348876953 340.450042724609 340.279724121094 340.282196044922 340.236358642578 340.324096679688 340.581726074219 340.069702148438 340.195373535156 340.608673095703 340.816467285156 340.857086181641 340.1171875 340.083526611328 340.098937988281 340.593963623047 340.464447021484 340.343780517578 340.36279296875 340.541748046875 340.694458007812 340.658752441406 340.0517578125 339.770690917969 340.263793945312 340.127593994141 339.813354492188 339.445556640625 339.685333251953 339.836151123047 339.224853515625 338.931182861328 339.168487548828 339.038330078125 338.956207275391 338.986602783203 338.678009033203 337.421447753906 337.292266845703 337.135681152344 338.153839111328 336.822387695312 335.929473876953
341.193908691406 341.101318359375 340.876220703125 340.704315185547 340.81103515625 340.709686279297 340.367156982422 340.677154541016 340.682220458984 340.557220458984 340.922607421875 340.724670410156 340.444732666016 339.710510253906 339.730133056641 340.0888671875 340.542144775391 340.653350830078 340.602111816406 340.473266601562 340.250305175781 340.204956054688 340.227813720703 339.950012207031 340.205810546875 340.211212158203 340.550384521484 340.798614501953 340.289947509766 339.540252685547 339.878143310547 339.91748046875 339.347290039062 339.244934082031 339.313690185547 339.195831298828 339.063720703125 338.663787841797 339.157562255859 339.034057617188 338.964019775391 338.761840820312 338.373016357422 337.702758789062 338.202850341797 338.432678222656 338.354461669922 336.723205566406 335.992156982422
340.125 340.702728271484 340.751922607422 340.512634277344 340.816375732422 340.714660644531 340.484741210938 340.532104492188 340.50146484375 340.562622070312 340.812377929688 340.552307128906 340.444702148438 339.712188720703 339.592590332031 339.861572265625 340.417785644531 340.319946289062 340.347900390625 340.222564697266 339.952545166016 339.733245849609 339.695465087891 339.705993652344 340.195159912109 340.293518066406 340.455718994141 340.413604736328 340.282897949219 338.253021240234 339.398620605469 339.377014160156 339.031005859375 339.264007568359 339.327941894531 338.712463378906 338.680053710938 338.65576171875 339.147521972656 339.233581542969 339.279052734375 338.597717285156 338.307708740234 338.27197265625 337.660186767578 336.869476318359 338.192016601562 336.459503173828 335.948455810547
340.007751464844 340.509582519531 340.886535644531 340.716766357422 340.821685791016 340.719635009766 340.615386962891 340.400756835938 340.290588378906 340.316223144531 340.282073974609 340.088409423828 340.052795410156 339.714111328125 339.594146728516 339.626525878906 339.798461914062 339.757354736328 339.973907470703 339.846160888672 339.717346191406 339.587463378906 339.456604003906 339.705261230469 339.958648681641 339.825134277344 340.397491455078 340.316101074219 339.898284912109 338.639953613281 339.244323730469 339.332305908203 339.397186279297 339.294830322266 339.541046142578 339.147491455078 338.786865234375 338.428985595703 338.768005371094 339.170684814453 339.15283203125 338.587036132812 338.4501953125 338.468505859375 338.001708984375 337.218200683594 337.658172607422 337.001220703125 336.119873046875
339.812042236328 340.25341796875 340.360870361328 340.265289306641 340.167449951172 340.327026367188 340.620178222656 340.404937744141 340.294464111328 340.182189941406 340.068145751953 340.203155517578 340.225616455078 339.468048095703 339.207183837891 339.481475830078 339.425109863281 339.120239257812 339.589202880859 339.845642089844 339.716400146484 339.586120605469 339.218200683594 339.324432373047 339.807861328125 339.436828613281 339.836883544922 339.650756835938 339.649749755859 339.376129150391 339.238830566406 339.282196044922 339.299530029297 339.120483398438 339.340576171875 339.359466552734 339.033599853516 338.489135742188 338.871978759766 339.003875732422 338.874176025391 338.944061279297 338.440216064453 338.517730712891 338.901458740234 338.083740234375 336.697784423828 337.046813964844 335.937805175781
339.354278564453 339.461303710938 339.367492675781 339.535186767578 339.83251953125 339.866149902344 339.970367431641 340.409271240234 340.042785644531 339.794403076172 340.071563720703 340.096221923828 340.307739257812 339.964935302734 339.375854492188 339.475891113281 339.375701904297 339.120300292969 339.361389160156 339.845520019531 339.715881347656 339.346405029297 338.926483154297 339.249084472656 339.688323974609 339.813903808594 339.769226074219 339.540435791016 339.646148681641 339.142639160156 338.632446289062 338.743286132812 339.050994873047 339.199676513672 339.334533691406 339.230651855469 339.025146484375 338.415374755859 338.754455566406 338.983612060547 338.844940185547 338.682067871094 338.580596923828 337.871246337891 338.002716064453 337.400360107422 336.837707519531 336.949615478516 335.526092529297
339.228454589844 339.134033203125 339.037536621094 339.074798583984 339.442993164062 339.735137939453 339.630065917969 340.022186279297 339.905975341797 339.330230712891 339.686218261719 339.958892822266 339.983093261719 339.941558837891 339.600372314453 339.477905273438 339.354034423828 339.228820800781 339.502288818359 339.222717285156 339.335693359375 339.197357177734 338.839477539062 339.330474853516 339.35205078125 339.674987792969 339.915924072266 339.779846191406 339.643096923828 339.216461181641 338.610229492188 338.293060302734 338.680816650391 339.033233642578 339.121551513672 339.233856201172 339.017486572266 338.255249023438 338.491821289062 338.784759521484 338.518890380859 337.425598144531 337.15283203125 336.559539794922 337.364593505859 337.162902832031 336.675598144531 336.883178710938 334.699523925781
