rcp4.5models/CNRM_CM5/sc1gr10.27
NCOLS 261 
NROWS 433 
XLLCORNER 336357.134 
YLLCORNER 654653.479 
CELLSIZE 1000 
NODATA_value -3.4e+38 
[rows 330 to 351 of 433, columns 49 to 97 of 261]
85.3144912719727 86.0948486328125 86.8950805664062 87.8938140869141 88.8163909912109 89.8018188476562 90.7778167724609 92.5541229248047 93.5944290161133 120.034797668457 116.393585205078 96.1133804321289 136.316223144531 170.466369628906 155.876586914062 135.202011108398 151.896148681641 172.833190917969 176.089447021484 175.762344360352 175.742599487305 177.347351074219 177.595077514648 177.049911499023 -3.4e+38 -3.4e+38 176.447998046875 -3.4e+38 175.28498840332 174.096832275391 169.843688964844 166.068984985352 164.293609619141 163.142547607422 165.285461425781 169.044281005859 170.002838134766 168.809875488281 166.186340332031 163.362915039062 164.438217163086 164.592056274414 164.160995483398 162.606109619141 160.29931640625 159.040466308594 142.475112915039 139.610397338867 156.830337524414
85.4951400756836 86.200439453125 87.1371307373047 88.1316986083984 89.0368423461914 90.1139755249023 91.0762405395508 93.0177383422852 93.8908996582031 110.749145507812 135.063171386719 118.681343078613 112.807167053223 150.522613525391 171.762557983398 156.97200012207 159.325790405273 172.327682495117 174.13215637207 174.894744873047 176.407409667969 176.884506225586 177.749176025391 178.858261108398 -3.4e+38 178.704666137695 177.101089477539 -3.4e+38 176.54508972168 172.847076416016 168.131729125977 165.580810546875 163.902481079102 162.90104675293 163.158813476562 165.004837036133 167.198822021484 166.36540222168 162.954620361328 160.758346557617 163.318817138672 165.016525268555 164.669952392578 163.896591186523 161.556396484375 160.638397216797 147.829315185547 144.788711547852 158.949523925781
85.8169784545898 86.4915466308594 87.3217544555664 88.2931365966797 89.4274063110352 90.220588684082 90.9663238525391 93.2539978027344 121.136680603027 117.00528717041 112.778633117676 111.130157470703 97.8258972167969 113.661415100098 151.609268188477 172.510009765625 173.158401489258 172.948272705078 173.357055664062 173.924194335938 175.070785522461 175.078048706055 177.825790405273 179.808135986328 -3.4e+38 179.589691162109 177.974456787109 177.273971557617 177.158294677734 172.34309387207 168.974853515625 167.368911743164 164.630737304688 163.831451416016 163.166595458984 162.785827636719 164.127426147461 163.738891601562 160.882400512695 161.000946044922 164.227249145508 165.942947387695 165.252197265625 163.969039916992 162.185287475586 161.422622680664 160.925308227539 159.999420166016 159.784973144531
86.0733184814453 86.8406677246094 87.5240859985352 88.649772644043 89.7833709716797 90.3480758666992 91.2218780517578 93.4347229003906 111.355125427246 109.052253723145 123.085250854492 145.023513793945 144.194549560547 119.219276428223 139.401779174805 173.532043457031 174.153411865234 174.381790161133 174.656494140625 174.745529174805 174.661865234375 175.536209106445 179.34049987793 181.083267211914 -3.4e+38 180.166854858398 179.475494384766 177.792083740234 177.290969848633 174.652160644531 171.896041870117 168.7470703125 165.902587890625 164.90119934082 163.900177001953 162.768737792969 162.588516235352 162.107330322266 160.435928344727 160.199172973633 163.580291748047 166.217926025391 165.944778442383 163.293685913086 162.179397583008 162.107940673828 161.497772216797 160.734008789062 158.906173706055
86.1147308349609 86.9692764282227 87.7146301269531 88.8114852905273 89.7741317749023 90.5246658325195 91.7085113525391 94.0621566772461 95.2503890991211 96.0641784667969 113.522933959961 153.314422607422 173.718841552734 158.198394775391 161.434127807617 174.719970703125 177.135299682617 177.512939453125 175.762390136719 175.135238647461 174.752548217773 177.635040283203 181.41064453125 182.273559570312 181.042404174805 180.529632568359 180.125289916992 178.352416992188 177.463592529297 176.885772705078 173.543106079102 171.35090637207 170.744369506836 166.941253662109 164.066513061523 164.101852416992 163.078704833984 161.956420898438 162.332122802734 161.156951904297 160.528244018555 166.55029296875 166.432403564453 163.762649536133 161.460006713867 161.489944458008 161.829330444336 146.005752563477 127.184478759766
86.2338790893555 87.1469268798828 87.8518753051758 88.7836608886719 89.7216949462891 90.7701797485352 92.1218719482422 94.3529739379883 95.4523239135742 96.2579879760742 96.9450073242188 114.130065917969 154.062240600586 150.34602355957 154.53694152832 175.394378662109 177.484664916992 178.160751342773 175.861740112305 175.224914550781 175.593276977539 178.998977661133 182.204071044922 182.945343017578 181.713485717773 180.938430786133 180.590393066406 178.552871704102 178.011535644531 177.691528320312 174.670059204102 173.991683959961 175.23698425293 169.633392333984 164.386260986328 163.635467529297 162.676116943359 161.989624023438 163.669616699219 162.376754760742 158.709671020508 165.580581665039 164.548355102539 161.863647460938 160.85075378418 160.496917724609 161.955688476562 134.330688476562 102.64803314209
86.4894561767578 87.3168334960938 88.1282653808594 89.2880096435547 90.4051742553711 91.3966293334961 92.543342590332 94.6973342895508 95.4559783935547 96.4125442504883 114.871795654297 112.01318359375 125.662162780762 164.441024780273 177.865814208984 160.742431640625 122.720207214355 143.781051635742 176.653900146484 176.32292175293 177.320495605469 178.790023803711 181.563934326172 183.935195922852 183.962203979492 182.517059326172 181.439437866211 176.369186401367 175.668151855469 176.898040771484 176.953750610352 174.338088989258 175.152526855469 172.462036132812 166.016555786133 162.932754516602 161.716751098633 161.391082763672 160.94059753418 161.198272705078 160.149642944336 158.706268310547 158.813385009766 156.003814697266 154.418106079102 156.233627319336 161.780853271484 151.387969970703 135.776504516602
86.5636901855469 87.3760375976562 88.4263381958008 89.6639862060547 90.8129959106445 91.9055404663086 92.8528289794922 94.5518341064453 95.3890151977539 96.4828338623047 97.7200775146484 125.859855651855 165.056625366211 178.922943115234 178.804412841797 177.963928222656 136.638442993164 143.430099487305 176.971481323242 177.043045043945 177.641220092773 178.316207885742 181.337387084961 184.014312744141 184.163192749023 182.657165527344 181.915298461914 178.906555175781 174.962356567383 175.877792358398 176.936172485352 174.789627075195 175.916091918945 172.873962402344 165.787841796875 163.56982421875 162.630081176758 161.546737670898 160.520919799805 159.792861938477 159.065673828125 156.485687255859 156.190216064453 155.26091003418 154.011978149414 155.314361572266 160.638793945312 164.184753417969 148.36799621582
86.6472091674805 87.5768966674805 88.7014770507812 89.9543991088867 91.0321350097656 92.0214538574219 92.872802734375 123.97737121582 147.012268066406 118.815093994141 97.6643600463867 144.071914672852 179.983932495117 179.291595458984 179.046356201172 178.339431762695 161.218811035156 163.70051574707 177.515335083008 177.943572998047 178.820297241211 178.775207519531 181.208557128906 183.04866027832 183.19709777832 182.784149169922 182.085784912109 179.149597167969 173.581390380859 174.873611450195 177.061080932617 175.434051513672 176.353378295898 174.994140625 167.379699707031 163.817001342773 162.971969604492 161.969497680664 161.260971069336 159.864120483398 158.869003295898 157.138336181641 155.932891845703 155.027694702148 154.04020690918 153.805252075195 156.738388061523 161.982192993164 152.267669677734
86.9920043945312 88.0223541259766 88.9498291015625 89.8352966308594 90.7740097045898 91.8724365234375 92.9425735473633 113.087310791016 127.854370117188 110.523284912109 97.6033172607422 116.754814147949 158.855010986328 179.548858642578 179.338073730469 179.14192199707 178.179244995117 178.128692626953 179.875885009766 179.849670410156 179.925979614258 180.188430786133 179.415267944336 180.257186889648 181.608871459961 182.349945068359 181.991409301758 177.78727722168 172.663665771484 178.144409179688 159.067535400391 158.890197753906 177.162033081055 177.461486816406 171.002288818359 164.330902099609 162.840133666992 162.089904785156 161.355102539062 160.197738647461 159.238464355469 157.759414672852 156.648025512695 155.247406005859 154.067565917969 153.416473388672 154.424194335938 158.221099853516 162.698379516602
87.1495590209961 88.1290664672852 88.9515914916992 89.7100296020508 90.956657409668 92.1344757080078 93.1318435668945 94.9131088256836 124.767478942871 118.57901763916 97.8495330810547 99.1396713256836 145.308013916016 180.541000366211 179.83073425293 179.715698242188 179.285919189453 179.567611694336 181.417709350586 181.836044311523 182.285736083984 180.242156982422 177.330139160156 179.93342590332 182.280914306641 182.992401123047 183.074111938477 178.22200012207 173.438217163086 182.01318359375 165.944931030273 164.814254760742 174.838562011719 175.180358886719 171.816879272461 165.145889282227 163.609115600586 162.143096923828 161.198257446289 161.345413208008 160.435272216797 157.959289550781 156.848770141602 155.426025390625 154.67497253418 153.910873413086 154.036499023438 156.214736938477 161.325073242188
87.5046844482422 88.4060287475586 89.0475921630859 89.7915344238281 91.3691024780273 92.5644912719727 93.5272445678711 95.1430282592773 114.041091918945 110.568862915039 98.0733337402344 99.2007751464844 145.817352294922 181.146026611328 180.650650024414 154.110717773438 159.135726928711 180.391662597656 181.132568359375 183.341949462891 184.371887207031 180.757263183594 177.458145141602 178.352584838867 180.191345214844 183.278137207031 184.293212890625 181.087493896484 175.71565246582 177.940658569336 178.362426757812 177.601593017578 172.296157836914 169.918823242188 171.151931762695 167.279357910156 163.758453369141 162.38981628418 161.504760742188 162.865676879883 162.528762817383 157.885299682617 156.906799316406 155.730453491211 154.543807983398 153.720397949219 153.14729309082 155.853118896484 162.355422973633
87.6300811767578 88.7198333740234 89.503791809082 90.2759552001953 91.5025253295898 92.6505279541016 93.7194671630859 125.657699584961 118.127563476562 126.02458190918 149.630233764648 121.575981140137 117.999382019043 160.252655029297 181.602432250977 163.532348632812 166.577835083008 180.586654663086 180.200561523438 180.77375793457 181.859222412109 180.213775634766 177.715255737305 176.987213134766 177.22021484375 178.639236450195 180.858459472656 181.4833984375 177.611358642578 172.249282836914 172.815032958984 172.55143737793 169.735748291016 167.152877807617 169.517929077148 167.775604248047 163.562149047852 162.896423339844 162.291107177734 162.653533935547 162.183746337891 158.584671020508 157.660629272461 156.054794311523 154.341384887695 153.503524780273 152.976257324219 155.982833862305 163.133331298828
87.550666809082 88.5839691162109 89.6505584716797 90.6087875366211 91.4848175048828 92.5067443847656 93.7117004394531 114.168518066406 109.754104614258 144.96223449707 153.332855224609 113.787666320801 99.8007659912109 146.230377197266 154.377655029297 160.154205322266 180.751525878906 180.887313842773 180.347732543945 179.416381835938 179.337707519531 181.883712768555 180.171524047852 177.95654296875 177.30908203125 175.698348999023 176.24543762207 176.842864990234 175.360214233398 170.947204589844 170.320343017578 169.488250732422 168.155212402344 167.126586914062 167.808883666992 166.818176269531 164.136871337891 163.620666503906 162.87028503418 161.582138061523 160.547302246094 160.0615234375 158.837661743164 156.839996337891 154.884094238281 154.178131103516 153.370574951172 155.031494140625 162.246856689453
87.5199203491211 88.2708282470703 89.451057434082 90.5624542236328 91.5810623168945 92.4956893920898 93.3096008300781 95.0421447753906 95.8445281982422 115.722465515137 141.674957275391 121.274772644043 100.041404724121 118.853210449219 142.87255859375 141.013153076172 160.664352416992 181.774230957031 181.118286132812 180.155456542969 179.195983886719 180.594543457031 179.75 177.880554199219 177.208129882812 176.132385253906 175.906280517578 177.742553710938 179.115798950195 173.892333984375 173.386825561523 174.259170532227 172.033187866211 172.817138671875 170.478164672852 166.662322998047 165.12907409668 163.858963012695 162.902130126953 161.561706542969 160.394866943359 161.347045898438 160.914154052734 157.658004760742 154.996154785156 154.336959838867 153.604629516602 154.122955322266 161.046630859375
87.5501556396484 88.1599273681641 89.4295959472656 90.5785522460938 91.4109649658203 92.2783508300781 93.1656265258789 94.9785232543945 127.438247680664 150.22819519043 139.193984985352 142.893600463867 151.312835693359 151.079727172852 141.581665039062 144.242645263672 142.295486450195 162.206176757812 181.897109985352 180.706024169922 180.013137817383 181.599655151367 182.732543945312 179.479873657227 177.475738525391 178.937530517578 178.350296020508 180.039001464844 184.135391235352 178.505004882812 174.325180053711 177.853607177734 177.24089050293 176.959991455078 173.206665039062 166.760040283203 166.672576904297 165.258819580078 163.234115600586 162.183715820312 160.741500854492 159.940734863281 161.30339050293 158.857406616211 155.149765014648 154.37321472168 154.032730102539 155.334945678711 161.613800048828
87.5738220214844 88.2325973510742 89.4384002685547 90.6281127929688 91.2462539672852 92.0379180908203 93.130729675293 95.0495071411133 115.979446411133 131.551696777344 143.203460693359 140.836181640625 162.482650756836 183.927841186523 137.73356628418 148.703857421875 165.374877929688 169.141143798828 182.006225585938 182.057342529297 181.493621826172 181.905197143555 182.634857177734 180.275588989258 181.249099731445 183.670883178711 183.138900756836 183.543365478516 185.119277954102 182.213424682617 176.520141601562 180.324432373047 181.960556030273 178.880065917969 175.663299560547 169.491271972656 168.284484863281 166.906692504883 164.308044433594 164.604248046875 164.046630859375 158.690124511719 159.136764526367 157.875839233398 155.283355712891 154.464340209961 154.571533203125 155.17268371582 158.526260375977
87.5969848632812 88.2593078613281 89.4370803833008 90.5013732910156 91.1612854003906 91.9463958740234 92.9618911743164 95.4026718139648 96.3163604736328 97.9828567504883 149.474166870117 166.254455566406 170.029541015625 184.048278808594 166.031509399414 170.052307128906 183.875381469727 183.559066772461 182.634948730469 183.855712890625 182.830612182617 180.920806884766 180.473937988281 182.567245483398 184.162933349609 185.245483398438 187.178451538086 186.963424682617 186.342834472656 186.246765136719 181.597244262695 182.909027099609 185.522994995117 181.777114868164 179.219863891602 173.548034667969 171.295318603516 173.373031616211 170.211761474609 166.207778930664 167.290802001953 159.602600097656 158.012710571289 156.792053222656 155.638229370117 154.821762084961 155.473648071289 154.480606079102 153.469085693359
87.5573654174805 88.3219680786133 89.1261825561523 90.0984191894531 91.0239334106445 91.8407287597656 92.8154067993164 95.1797714233398 96.3457717895508 130.522003173828 142.453582763672 164.378570556641 185.984893798828 185.703491210938 185.455856323242 185.809814453125 185.705520629883 185.563629150391 185.308578491211 184.68913269043 184.108047485352 183.085815429688 181.70491027832 182.970092773438 183.091339111328 184.093170166016 188.061416625977 190.189361572266 189.127136230469 189.247131347656 187.924728393555 185.586669921875 186.140914916992 185.421401977539 181.862838745117 179.964019775391 175.206207275391 175.517852783203 178.975433349609 172.690551757812 167.003204345703 166.317184448242 159.919525146484 157.655914306641 158.991271972656 161.573806762695 158.139663696289 153.461135864258 152.605438232422
87.4560317993164 88.2596054077148 89.0627899169922 89.940185546875 91.0058746337891 92.0505523681641 93.0973587036133 128.459838867188 119.333114624023 151.401214599609 170.283157348633 173.847137451172 186.277770996094 186.461151123047 186.040451049805 185.988403320312 186.388442993164 186.502548217773 186.537796020508 184.346939086914 183.591567993164 183.455612182617 182.222274780273 181.812225341797 185.406814575195 186.14811706543 186.769393920898 188.218765258789 188.018035888672 188.157180786133 188.095428466797 186.456069946289 187.215744018555 188.004440307617 184.402069091797 182.583526611328 178.493515014648 175.068862915039 179.410949707031 178.405853271484 169.59016418457 166.540313720703 162.256607055664 158.487777709961 157.883163452148 159.180603027344 159.55094909668 156.005065917969 153.293472290039
87.4993209838867 88.2106323242188 89.0864486694336 90.1025238037109 91.3734741210938 92.2594299316406 93.1481857299805 116.171661376953 110.531517028809 118.262916564941 134.958389282227 165.398620605469 186.622665405273 186.932144165039 186.66487121582 186.645614624023 187.16276550293 187.353927612305 188.641647338867 185.829238891602 183.528060913086 183.168762207031 182.197463989258 181.701187133789 184.370666503906 187.251663208008 187.043716430664 187.309295654297 188.652496337891 188.768020629883 188.954330444336 188.610931396484 167.11262512207 169.51969909668 186.548446655273 182.564407348633 181.652465820312 176.723114013672 177.17204284668 182.272003173828 176.858093261719 164.211715698242 162.651382446289 159.278991699219 158.136108398438 156.820281982422 158.763885498047 158.235778808594 155.609176635742
87.8930130004883 88.2819137573242 88.9664077758789 89.9603652954102 90.9679183959961 92.0502243041992 93.1484527587891 94.9745483398438 95.9020767211914 96.9315032958984 130.217407226562 141.478881835938 165.260665893555 187.555923461914 187.308410644531 187.213104248047 187.223495483398 187.315002441406 189.650161743164 187.472930908203 184.278167724609 183.741317749023 183.036209106445 181.99577331543 181.631332397461 186.36799621582 185.836502075195 187.601715087891 191.41716003418 189.947525024414 189.425674438477 188.583145141602 172.58171081543 174.791152954102 188.304443359375 182.26025390625 177.605010986328 176.026611328125 176.101287841797 180.951614379883 182.597640991211 167.42919921875 162.964019775391 161.175247192383 158.928833007812 157.868270874023 157.927658081055 159.196853637695 159.619140625
