rcp4.5models/CNRM_CM5/sc1gr2.15
NCOLS 261 
NROWS 433 
XLLCORNER 336357.134 
YLLCORNER 654653.479 
CELLSIZE 1000 
NODATA_value -3.4e+38 
[rows 154 to 175 of 433, columns 98 to 146 of 261]
337.527252197266 337.369049072266 336.612579345703 336.697052001953 336.738922119141 336.780548095703 336.821929931641 336.863006591797 336.990447998047 337.348083496094 337.300842285156 337.024230957031 337.063720703125 337.011169433594 336.180267333984 336.218536376953 336.120727539062 335.708923339844 335.670074462891 335.546905517578 335.870971679688 335.778625488281 335.340667724609 334.936584472656 334.946685791016 334.921478271484 334.9208984375 334.67822265625 334.626770019531 334.673217773438 334.7431640625 333.833129882812 334.040832519531 334.539367675781 334.628204345703 334.960357666016 335.131896972656 335.462341308594 335.81689453125 334.060607910156 331.186157226562 335.648834228516 336.093322753906 335.975067138672 335.660064697266 335.50146484375 334.995666503906 334.721008300781 335.669555664062
336.968963623047 337.010070800781 337.214477539062 336.69140625 336.733032226562 336.647338867188 336.343505859375 336.856414794922 336.89697265625 336.937225341797 -3.4e+38 337.016845703125 337.05615234375 337.095184326172 336.172332763672 336.141937255859 335.788391113281 335.286010742188 335.323394775391 335.360565185547 335.397521972656 -3.4e+38 335.363433837891 335.048309326172 334.924041748047 334.651428222656 334.779113769531 334.613403320312 335.163665771484 335.117401123047 334.753692626953 333.610626220703 333.385131835938 334.509490966797 334.879364013672 334.861785888672 334.951293945312 335.485931396484 335.631500244141 334.855163574219 333.644439697266 335.559814453125 335.722839355469 335.599914550781 335.323394775391 335.237060546875 334.844482421875 334.166717529297 335.224700927734
337.162933349609 -3.4e+38 336.995025634766 336.685028076172 336.726379394531 336.554779052734 335.894287109375 336.380187988281 336.889373779297 336.929443359375 336.969207763672 337.008697509766 337.0478515625 337.086730957031 336.163665771484 336.153259277344 335.845275878906 335.277069091797 335.314361572266 335.351470947266 335.388336181641 335.433715820312 335.34228515625 334.892028808594 334.93017578125 334.926300048828 334.534210205078 334.764007568359 334.756286621094 335.135559082031 334.653533935547 333.438354492188 333.538146972656 333.793579101562 334.772338867188 334.508239746094 334.834625244141 335.698822021484 335.6484375 335.597717285156 335.479034423828 335.322021484375 335.443756103516 335.391876220703 335.307830810547 335.192596435547 334.905029296875 334.181793212891 335.089904785156
337.511383056641 337.47265625 337.075622558594 336.677856445312 336.718933105469 336.674285888672 336.270294189453 335.928375244141 336.306091308594 336.53369140625 336.828155517578 336.540222167969 337.038818359375 337.077545166016 336.605926513672 336.192199707031 335.994934082031 335.322845458984 335.482757568359 335.341644287109 335.37841796875 335.42138671875 335.367797851562 335.065673828125 335.187561035156 335.253112792969 334.399505615234 334.709899902344 334.882385253906 335.004821777344 334.161926269531 333.321716308594 333.746063232422 333.49560546875 334.691497802734 334.259887695312 334.815338134766 335.210327148438 335.414245605469 335.456817626953 335.035034179688 335.038726806641 335.004913330078 335.232421875 335.060913085938 334.843017578125 335.106781005859 334.555541992188 334.756317138672
337.504486083984 337.546112060547 337.505310058594 336.669891357422 336.710754394531 336.751373291016 336.574584960938 335.831970214844 335.886596679688 336.053619384766 336.266387939453 336.215911865234 337.028991699219 337.067626953125 336.460662841797 336.124572753906 335.93505859375 335.801513671875 335.661468505859 335.487091064453 335.367828369141 335.404388427734 335.440734863281 335.33349609375 334.936096191406 335.010986328125 334.736145019531 334.290191650391 334.336181640625 334.225799560547 333.693725585938 333.18896484375 333.495147705078 333.778106689453 334.265533447266 334.357177734375 335.243316650391 334.933563232422 335.397613525391 335.117736816406 334.647003173828 334.701599121094 334.559112548828 334.725036621094 334.598937988281 334.445922851562 -3.4e+38 334.494323730469 334.449066162109
337.496826171875 337.41162109375 336.973815917969 336.661163330078 336.701782226562 336.742156982422 336.563781738281 335.822326660156 335.862060546875 335.901519775391 335.940765380859 336.072387695312 336.427825927734 336.603363037109 336.133209228516 -3.4e+38 -3.4e+38 336.11376953125 335.711791992188 335.600463867188 335.388671875 335.513397216797 335.494018554688 335.360137939453 335.077789306641 335.219818115234 335.216217041016 334.643035888672 333.854187011719 333.419250488281 333.330261230469 333.091613769531 333.309844970703 334.147247314453 334.513275146484 334.698669433594 335.162811279297 334.867340087891 335.219757080078 335.184875488281 334.593872070312 334.542297363281 334.433166503906 334.295318603516 334.385894775391 334.333251953125 334.280364990234 334.216949462891 334.261199951172
337.488403320312 337.446868896484 337.047485351562 336.651672363281 336.561859130859 336.132720947266 336.217224121094 336.276428222656 335.718475341797 335.430267333984 335.929809570312 335.970336914062 336.012908935547 336.140747070312 -3.4e+38 -3.4e+38 336.057403564453 335.596588134766 335.513214111328 335.610168457031 335.367858886719 335.468383789062 335.464324951172 335.453308105469 335.344116210938 334.949829101562 334.915496826172 335.184997558594 334.709228515625 334.12646484375 333.384521484375 332.956176757812 332.757781982422 333.864196777344 334.80810546875 334.500030517578 334.8623046875 334.761779785156 334.832824707031 334.974395751953 334.608612060547 334.556945800781 334.299774169922 333.780242919922 333.840179443359 333.950775146484 334.131011962891 333.674591064453 333.750183105469
337.469207763672 337.296752929688 336.550109863281 336.630401611328 336.450836181641 335.709991455078 335.74951171875 335.655151367188 335.152587890625 335.039398193359 335.45556640625 335.489715576172 335.982513427734 336.020599365234 335.755584716797 -3.4e+38 335.487030029297 335.208038330078 335.169860839844 334.963317871094 334.955230712891 334.946838378906 334.95166015625 334.969635009766 335.066009521484 335.338256835938 333.533111572266 333.635620117188 334.086120605469 333.852874755859 333.554107666016 333.236175537109 333.745300292969 334.355560302734 333.990386962891 334.095550537109 334.575531005859 334.790130615234 334.739227294922 334.688049316406 334.477264404297 334.183685302734 334.532684326172 334.191802978516 333.427795410156 333.374969482422 332.864410400391 332.005676269531 332.995025634766
336.851348876953 336.808532714844 336.538818359375 336.618621826172 336.569885253906 336.163055419922 335.603302001953 335.089263916016 334.815155029297 334.947052001953 335.206604003906 335.162963867188 335.969024658203 336.007019042969 335.942657470703 -3.4e+38 335.156982421875 335.194030761719 335.176574707031 334.95458984375 334.645050048828 334.503143310547 334.582397460938 334.470520019531 334.584594726562 334.810974121094 334.317993164062 333.431610107422 333.489501953125 333.850433349609 333.505279541016 333.946655273438 334.407806396484 334.053283691406 334.004028320312 334.228729248047 334.904479980469 334.803527832031 334.752563476562 334.701293945312 334.365631103516 333.723449707031 333.985595703125 333.806457519531 333.440826416016 333.224609375 332.352752685547 331.5771484375 332.484802246094
336.446899414062 336.486877441406 336.395416259766 336.005187988281 336.046020507812 335.996734619141 335.632965087891 335.358215332031 335.272186279297 334.881622314453 334.878601074219 334.874725341797 335.053649902344 335.992706298828 335.828155517578 335.105194091797 335.097534179688 335.040344238281 335.216094970703 335.048950195312 334.4765625 334.51513671875 334.445556640625 334.397705078125 334.444458007812 334.500885009766 334.6572265625 333.923034667969 333.570678710938 334.145446777344 333.743988037109 333.864654541016 334.584564208984 334.324920654297 333.606231689453 334.242523193359 334.91748046875 334.658874511719 334.203186035156 334.311462402344 334.377777099609 333.610626220703 333.558471679688 333.506042480469 333.290649414062 332.549255371094 331.659240722656 331.259918212891 332.186645507812
336.4345703125 336.474334716797 336.427062988281 336.059906005859 335.631988525391 335.671051025391 335.709930419922 335.748687744141 335.702362060547 335.309417724609 334.863952636719 334.805816650391 334.861907958984 335.838012695312 335.952667236328 335.532165527344 335.054016113281 334.795623779297 334.763519287109 334.988403320312 334.371337890625 334.601898193359 334.346069335938 334.259399414062 334.067108154297 334.323394775391 334.284790039062 333.892730712891 333.852874755859 333.613464355469 333.141479492188 332.878540039062 333.678741455078 333.710571289062 333.303894042969 334.10009765625 334.5224609375 334.548278808594 333.777740478516 333.850860595703 333.988708496094 333.622833251953 333.570648193359 333.356018066406 332.778167724609 332.119293212891 331.359405517578 331.174743652344 332.198608398438
336.424255371094 336.470825195312 336.500366210938 336.355163574219 335.617706298828 335.656555175781 335.695251464844 335.733825683594 335.772216796875 335.577697753906 334.848571777344 334.886535644531 335.161712646484 335.863220214844 336.036682128906 335.830200195312 335.081512451172 334.906280517578 334.579345703125 334.53662109375 334.300018310547 334.420837402344 334.223236083984 333.992584228516 334.236694335938 334.231384277344 333.891815185547 333.944549560547 333.737335205078 333.064666748047 332.365325927734 332.459045410156 333.140258789062 333.245819091797 333.726318359375 333.992034912109 334.219909667969 334.559509277344 333.789581298828 333.738189697266 333.6865234375 333.634582519531 333.420715332031 332.842864990234 332.314025878906 331.900360107422 331.763763427734 331.317596435547 331.654083251953
336.464691162109 336.453338623047 336.352264404297 336.338958740234 335.738220214844 336.238372802734 336.138793945312 335.718200683594 335.756439208984 335.698974609375 335.283813476562 334.870269775391 334.164398193359 332.694549560547 335.436340332031 335.371826171875 335.093963623047 335.096160888672 334.812927246094 334.203918457031 334.240295410156 334.276550292969 334.233947753906 334.025604248047 334.127716064453 334.208740234375 333.423858642578 333.203735351562 332.841979980469 332.612701416016 332.554718017578 333.298095703125 333.151885986328 333.221893310547 333.644317626953 334.003509521484 334.232025146484 334.166687011719 333.800933837891 333.74951171875 333.697814941406 333.645843505859 333.465881347656 333.099578857422 332.753662109375 331.959045410156 331.694122314453 331.328765869141 330.83251953125
336.365478515625 335.830688476562 335.922912597656 336.457672119141 336.140289306641 336.028656005859 335.974914550781 335.701843261719 335.739929199219 335.638671875 335.128448486328 334.853302001953 334.297302246094 333.053283691406 334.860382080078 334.600036621094 335.076446533203 334.968627929688 334.464904785156 334.186218261719 334.222595214844 334.319458007812 334.471466064453 334.24560546875 333.998229980469 333.961151123047 333.773498535156 332.876434326172 332.419860839844 332.308013916016 332.800476074219 333.940002441406 333.47216796875 334.088653564453 333.7490234375 334.014495849609 334.086395263672 333.862915039062 333.971069335938 334.320709228516 334.107727050781 333.656616210938 333.604370117188 333.389099121094 -3.4e+38 332.315643310547 331.949676513672 331.730163574219 331.08837890625
336.201324462891 335.424774169922 335.573516845703 336.532043457031 336.478149414062 336.067352294922 335.646759033203 335.684783935547 335.722686767578 335.523773193359 334.798095703125 334.835632324219 334.873016357422 334.910308837891 334.882263183594 334.707092285156 335.058197021484 334.989929199219 334.663879394531 334.461120605469 334.204162597656 334.28515625 334.460357666016 334.508728027344 334.256774902344 333.795806884766 333.775787353516 333.316375732422 332.862915039062 332.557922363281 333.226104736328 333.949829101562 333.721557617188 335.004455566406 334.326354980469 333.618560791016 333.974731445312 333.873321533203 333.947174072266 334.210632324219 333.871887207031 333.108032226562 333.056304931641 332.875152587891 -3.4e+38 -3.4e+38 332.238189697266 331.661437988281 331.543609619141
336.157928466797 335.608734130859 335.921356201172 335.916198730469 335.955749511719 335.9013671875 335.629119873047 335.666961669922 335.704681396484 335.644897460938 335.228118896484 334.817230224609 334.8544921875 334.891662597656 334.965667724609 334.994018554688 334.868530273438 334.610504150391 334.83984375 334.362579345703 334.18505859375 334.143157958984 334.072357177734 334.438995361328 334.329132080078 334.113098144531 333.470336914062 333.423614501953 333.131744384766 332.511322021484 333.139984130859 333.959106445312 333.502075195312 334.214782714844 333.871643066406 333.719909667969 333.984649658203 333.883209228516 333.83203125 333.6201171875 333.203765869141 333.073638916016 332.624572753906 332.572052001953 332.519317626953 332.466339111328 332.116027832031 331.359741210938 331.553894042969
336.132781982422 335.533386230469 335.789245605469 335.497192382812 335.535125732422 335.572967529297 335.610717773438 335.508239746094 335.235015869141 335.582183837891 335.072814941406 334.798065185547 334.835235595703 334.728881835938 334.946136474609 334.831665039062 334.460845947266 334.572998046875 334.340118408203 334.128936767578 334.165222167969 333.9951171875 333.645874023438 334.175018310547 333.920593261719 333.910675048828 333.480102539062 333.433319091797 333.139282226562 332.400146484375 332.112335205078 332.199554443359 333.663696289062 333.617797851562 334.185729980469 334.044372558594 333.994079589844 333.331970214844 333.441467285156 333.502716064453 332.704254150391 332.441436767578 332.238922119141 332.418121337891 331.972015380859 332.084228515625 332.125030517578 331.369232177734 331.563812255859
336.365814208984 335.840423583984 335.452850341797 335.622772216797 335.973754882812 335.554046630859 335.591613769531 335.391387939453 334.764251708984 335.015197753906 334.741058349609 334.778228759766 334.671752929688 334.165008544922 334.343170166016 334.421844482422 334.5390625 334.349761962891 334.038208007812 334.009704589844 334.144683837891 334.001159667969 333.554077148438 333.662109375 333.626861572266 333.581512451172 333.489318847656 333.595489501953 333.574645996094 332.475250244141 332.219207763672 332.209045410156 333.517242431641 333.395172119141 334.012329101562 334.053314208984 334.003021240234 333.302215576172 332.976470947266 333.112884521484 332.457885742188 331.695220947266 331.772277832031 332.066986083984 331.929992675781 331.616516113281 331.743682861328 331.212066650391 331.01904296875
336.392822265625 336.393218994141 336.330688476562 335.576690673828 335.805755615234 335.393798828125 334.978149414062 335.060943603516 335.2373046875 335.130615234375 334.720611572266 334.614013671875 334.106781005859 333.976104736328 333.9208984375 334.099456787109 334.306121826172 334.014495849609 334.026062011719 333.866516113281 333.643371582031 333.806549072266 333.363372802734 333.273498535156 333.466400146484 333.590270996094 333.420654296875 333.383941650391 333.065002441406 332.454895019531 332.490997314453 332.74755859375 332.941711425781 333.161315917969 333.234100341797 333.657836914062 334.011505126953 333.624420166016 333.019439697266 333.205047607422 -3.4e+38 332.494171142578 331.488403320312 331.009094238281 331.239929199219 331.884033203125 331.440307617188 331.253448486328 330.582427978516
336.807708740234 335.525695800781 336.301574707031 336.324066162109 335.912078857422 335.492828369141 335.529876708984 335.56689453125 -3.4e+38 335.496765136719 334.988494873047 334.714324951172 334.648010253906 334.475677490234 334.770050048828 334.388549804688 333.977569580078 333.869720458984 333.583648681641 333.469390869141 333.259033203125 333.785186767578 333.683471679688 333.415985107422 333.281188964844 333.418609619141 332.769348144531 332.584228515625 332.896209716797 332.95654296875 333.008575439453 332.997741699219 332.526672363281 333.234649658203 333.127136230469 333.325225830078 333.655883789062 333.290374755859 332.50244140625 331.950958251953 -3.4e+38 332.346221923828 331.536956787109 330.711547851562 329.858825683594 330.509399414062 330.589691162109 331.048187255859 330.599517822266
336.924133300781 335.807250976562 335.615844726562 335.810485839844 335.774566650391 335.472137451172 335.507843017578 335.544677734375 -3.4e+38 335.517150878906 335.097229003906 334.691589355469 334.728210449219 334.764739990234 334.837738037109 334.777282714844 334.380279541016 333.973724365234 333.833618164062 333.455108642578 333.629974365234 333.904571533203 333.74853515625 333.651245117188 333.51318359375 333.57861328125 332.831848144531 332.473785400391 332.700347900391 333.067230224609 332.227020263672 332.257720947266 332.277648925781 332.579650878906 333.134124755859 333.084197998047 333.033966064453 333.119964599609 332.278656005859 331.668212890625 331.383697509766 331.889739990234 331.739562988281 330.247955322266 330.031585693359 331.071533203125 330.851898193359 330.846099853516 330.992462158203
335.930267333984 335.595458984375 335.5263671875 335.601959228516 336.028717041016 335.899261474609 335.485076904297 -3.4e+38 -3.4e+38 -3.4e+38 335.529052734375 335.253936767578 335.289215087891 335.177337646484 334.700561523438 334.520080566406 334.646423339844 333.823760986328 333.273559570312 333.236145019531 333.973236083984 334.028717041016 333.947174072266 333.875885009766 333.66552734375 333.564422607422 333.301086425781 -3.4e+38 332.396545410156 332.022796630859 331.53564453125 332.026489257812 332.287811279297 332.595489501953 333.140625 333.090728759766 333.040496826172 332.38037109375 332.202026367188 331.708129882812 331.634399414062 332.093383789062 331.340545654297 330.575317382812 330.396301269531 330.969299316406 330.94921875 331.105865478516 331.863525390625
