rcp4.5models/CNRM_CM5/sc1gr0.36
NCOLS 261 
NROWS 433 
XLLCORNER 336357.134 
YLLCORNER 654653.479 
CELLSIZE 1000 
NODATA_value -3.4e+38 
[rows 198 to 219 of 433, columns 196 to 244 of 261]
67.3639755249023 67.0305633544922 66.6352996826172 66.4478378295898 66.3924026489258 66.2876892089844 66.0533218383789 65.6511001586914 65.4876251220703 65.1291656494141 -3.4e+38 64.7847595214844 64.6448440551758 64.5288162231445 64.3025054931641 64.1795501708984 64.0500717163086 63.8129997253418 63.487117767334 63.4168739318848 -3.4e+38 -3.4e+38 -3.4e+38 -3.4e+38 -3.4e+38 -3.4e+38 -3.4e+38 -3.4e+38 -3.4e+38 -3.4e+38 -3.4e+38 -3.4e+38 -3.4e+38 -3.4e+38 -3.4e+38 -3.4e+38 -3.4e+38 -3.4e+38 -3.4e+38 -3.4e+38 -3.4e+38 -3.4e+38 -3.4e+38 -3.4e+38 -3.4e+38 -3.4e+38 -3.4e+38 -3.4e+38 -3.4e+38
67.5830154418945 67.1917114257812 66.8400955200195 66.6580123901367 66.5515441894531 66.47607421875 66.2647857666016 65.6554183959961 65.4968032836914 65.1716918945312 -3.4e+38 64.8367462158203 64.6758041381836 64.5793151855469 64.422119140625 64.2001037597656 64.0446472167969 63.7914619445801 -3.4e+38 63.4436950683594 -3.4e+38 -3.4e+38 -3.4e+38 -3.4e+38 -3.4e+38 -3.4e+38 -3.4e+38 -3.4e+38 -3.4e+38 -3.4e+38 -3.4e+38 -3.4e+38 -3.4e+38 -3.4e+38 -3.4e+38 -3.4e+38 -3.4e+38 -3.4e+38 -3.4e+38 -3.4e+38 -3.4e+38 -3.4e+38 -3.4e+38 -3.4e+38 -3.4e+38 -3.4e+38 -3.4e+38 -3.4e+38 -3.4e+38
67.7198257446289 67.3580932617188 -3.4e+38 66.8182067871094 66.6158905029297 66.5119171142578 66.3698806762695 65.8457412719727 -3.4e+38 65.431999206543 65.191047668457 64.8711013793945 64.7811508178711 64.6987838745117 64.5378799438477 64.3443908691406 64.125862121582 63.8865280151367 63.6420440673828 63.4771347045898 63.3425674438477 -3.4e+38 -3.4e+38 -3.4e+38 -3.4e+38 -3.4e+38 -3.4e+38 -3.4e+38 -3.4e+38 -3.4e+38 -3.4e+38 -3.4e+38 -3.4e+38 -3.4e+38 -3.4e+38 -3.4e+38 -3.4e+38 -3.4e+38 -3.4e+38 -3.4e+38 -3.4e+38 -3.4e+38 -3.4e+38 -3.4e+38 -3.4e+38 -3.4e+38 -3.4e+38 -3.4e+38 -3.4e+38
67.7521133422852 67.3479995727539 67.1410293579102 66.9627532958984 66.8310165405273 66.6888122558594 66.5115127563477 66.1854019165039 65.9405975341797 65.7750625610352 65.5276947021484 65.2550659179688 65.1018829345703 64.8214797973633 64.5409088134766 64.4135208129883 64.2388610839844 64.0190811157227 63.6532821655273 63.5133590698242 63.3319625854492 -3.4e+38 -3.4e+38 -3.4e+38 -3.4e+38 -3.4e+38 -3.4e+38 -3.4e+38 -3.4e+38 -3.4e+38 -3.4e+38 -3.4e+38 -3.4e+38 -3.4e+38 -3.4e+38 -3.4e+38 -3.4e+38 -3.4e+38 -3.4e+38 -3.4e+38 -3.4e+38 -3.4e+38 -3.4e+38 -3.4e+38 -3.4e+38 -3.4e+38 -3.4e+38 -3.4e+38 -3.4e+38
67.7561416625977 67.3578567504883 67.2701034545898 67.0882797241211 67.0265808105469 66.9679565429688 66.6794738769531 66.4394378662109 66.1871871948242 65.859016418457 65.6349945068359 65.5019302368164 65.23046875 64.9442138671875 64.6763534545898 64.4659576416016 64.3513641357422 64.1427917480469 63.7470779418945 -3.4e+38 63.4481239318848 63.2601470947266 -3.4e+38 -3.4e+38 -3.4e+38 -3.4e+38 -3.4e+38 -3.4e+38 -3.4e+38 -3.4e+38 -3.4e+38 -3.4e+38 -3.4e+38 -3.4e+38 -3.4e+38 -3.4e+38 -3.4e+38 -3.4e+38 -3.4e+38 -3.4e+38 -3.4e+38 -3.4e+38 -3.4e+38 -3.4e+38 -3.4e+38 -3.4e+38 -3.4e+38 -3.4e+38 -3.4e+38
67.9256820678711 67.6346206665039 67.4812316894531 67.200080871582 67.097526550293 66.9679489135742 66.7515716552734 66.5181732177734 66.2391357421875 65.8881378173828 65.7092971801758 65.4531936645508 65.1907272338867 65.11181640625 64.8665390014648 -3.4e+38 64.511116027832 64.2880554199219 63.7734298706055 63.6372337341309 -3.4e+38 -3.4e+38 63.1478881835938 -3.4e+38 -3.4e+38 -3.4e+38 -3.4e+38 -3.4e+38 -3.4e+38 -3.4e+38 -3.4e+38 -3.4e+38 -3.4e+38 -3.4e+38 -3.4e+38 -3.4e+38 -3.4e+38 -3.4e+38 -3.4e+38 -3.4e+38 -3.4e+38 -3.4e+38 -3.4e+38 -3.4e+38 -3.4e+38 -3.4e+38 -3.4e+38 -3.4e+38 -3.4e+38
67.9536285400391 67.8617935180664 67.6987915039062 67.2688751220703 67.0649261474609 66.8650665283203 66.7205123901367 66.5067443847656 66.4411087036133 66.0786895751953 65.8209609985352 65.5760879516602 65.3175354003906 65.2747344970703 65.1380004882812 64.8141479492188 64.6517868041992 64.4081878662109 -3.4e+38 63.8205833435059 63.7285957336426 63.5978889465332 -3.4e+38 63.0021820068359 62.8970222473145 -3.4e+38 -3.4e+38 -3.4e+38 -3.4e+38 -3.4e+38 -3.4e+38 -3.4e+38 -3.4e+38 -3.4e+38 -3.4e+38 -3.4e+38 -3.4e+38 -3.4e+38 -3.4e+38 -3.4e+38 -3.4e+38 -3.4e+38 -3.4e+38 -3.4e+38 -3.4e+38 -3.4e+38 -3.4e+38 -3.4e+38 -3.4e+38
67.8662414550781 67.8804168701172 67.7554626464844 67.3377838134766 67.1186447143555 66.9531173706055 66.8114624023438 66.5299377441406 66.4528961181641 66.214111328125 66.0166091918945 65.8630294799805 65.4558639526367 65.376823425293 65.2373580932617 64.8762817382812 64.682991027832 64.5213470458984 -3.4e+38 64.0832061767578 63.8164520263672 63.5931091308594 63.4309425354004 -3.4e+38 62.9841575622559 62.9616584777832 -3.4e+38 -3.4e+38 -3.4e+38 -3.4e+38 -3.4e+38 -3.4e+38 -3.4e+38 -3.4e+38 -3.4e+38 -3.4e+38 -3.4e+38 -3.4e+38 -3.4e+38 -3.4e+38 -3.4e+38 -3.4e+38 -3.4e+38 -3.4e+38 -3.4e+38 -3.4e+38 -3.4e+38 -3.4e+38 -3.4e+38
68.1215591430664 68.0711135864258 67.7998199462891 67.459358215332 67.2938690185547 67.1116943359375 66.9400863647461 66.6494140625 66.3600158691406 66.1456832885742 66.0956573486328 65.9287719726562 65.6570739746094 65.4575271606445 65.1763534545898 64.8937530517578 64.6063766479492 64.548957824707 64.2729339599609 64.0804901123047 63.802677154541 63.625244140625 63.480281829834 -3.4e+38 63.112865447998 62.9877090454102 -3.4e+38 -3.4e+38 -3.4e+38 -3.4e+38 -3.4e+38 -3.4e+38 -3.4e+38 -3.4e+38 -3.4e+38 -3.4e+38 -3.4e+38 -3.4e+38 -3.4e+38 -3.4e+38 -3.4e+38 -3.4e+38 -3.4e+38 -3.4e+38 -3.4e+38 -3.4e+38 -3.4e+38 -3.4e+38 -3.4e+38
68.3894958496094 68.2538833618164 67.8920974731445 67.564453125 67.4556427001953 67.3035888671875 67.0287322998047 66.5450439453125 66.2765426635742 66.082633972168 65.9715118408203 65.8558349609375 65.7879791259766 65.6098785400391 65.2814331054688 65.0273208618164 64.8012466430664 64.6877593994141 64.3667984008789 64.1728134155273 63.921932220459 63.7512817382812 63.6155319213867 63.4261360168457 63.2432327270508 -3.4e+38 62.9080200195312 -3.4e+38 -3.4e+38 -3.4e+38 -3.4e+38 -3.4e+38 -3.4e+38 -3.4e+38 -3.4e+38 -3.4e+38 -3.4e+38 -3.4e+38 -3.4e+38 -3.4e+38 -3.4e+38 -3.4e+38 -3.4e+38 -3.4e+38 -3.4e+38 -3.4e+38 -3.4e+38 -3.4e+38 -3.4e+38
68.4052963256836 68.0590591430664 67.8176040649414 67.7080383300781 67.593132019043 67.457405090332 67.2454223632812 66.6342391967773 66.3787155151367 66.2129135131836 -3.4e+38 66.0226211547852 65.8538131713867 65.6464920043945 65.4005661010742 65.1913909912109 65.1031723022461 64.9296188354492 64.5279922485352 64.3750610351562 64.2398147583008 64.0211944580078 63.7444152832031 63.5863723754883 63.4371070861816 63.2141571044922 63.0476837158203 -3.4e+38 -3.4e+38 -3.4e+38 -3.4e+38 -3.4e+38 -3.4e+38 -3.4e+38 -3.4e+38 -3.4e+38 -3.4e+38 -3.4e+38 -3.4e+38 -3.4e+38 -3.4e+38 -3.4e+38 -3.4e+38 -3.4e+38 -3.4e+38 -3.4e+38 -3.4e+38 -3.4e+38 -3.4e+38
68.379280090332 68.1197128295898 67.898551940918 67.827278137207 67.6877212524414 67.5400619506836 67.3475952148438 66.79296875 66.5934906005859 66.3644943237305 66.1720123291016 66.0732116699219 65.9752578735352 -3.4e+38 -3.4e+38 65.2897186279297 65.1279525756836 64.972412109375 64.6005554199219 64.4348526000977 64.2103271484375 64.0252914428711 63.8302116394043 63.6847801208496 63.5982398986816 63.3176879882812 63.1347579956055 -3.4e+38 -3.4e+38 -3.4e+38 -3.4e+38 -3.4e+38 -3.4e+38 -3.4e+38 -3.4e+38 -3.4e+38 -3.4e+38 -3.4e+38 -3.4e+38 -3.4e+38 -3.4e+38 -3.4e+38 -3.4e+38 -3.4e+38 -3.4e+38 -3.4e+38 -3.4e+38 -3.4e+38 -3.4e+38
68.5394973754883 68.2063522338867 67.9744110107422 67.8862228393555 67.7769546508789 67.6574401855469 67.4721755981445 66.9491958618164 66.8891143798828 66.550048828125 66.2711639404297 66.0573959350586 65.8997573852539 -3.4e+38 -3.4e+38 -3.4e+38 65.1353302001953 65.0246810913086 64.5707321166992 64.3634948730469 64.146598815918 63.9958457946777 63.899959564209 63.8186111450195 63.7242317199707 63.4704971313477 63.2978820800781 -3.4e+38 -3.4e+38 -3.4e+38 -3.4e+38 -3.4e+38 -3.4e+38 -3.4e+38 -3.4e+38 -3.4e+38 -3.4e+38 -3.4e+38 -3.4e+38 -3.4e+38 -3.4e+38 -3.4e+38 -3.4e+38 -3.4e+38 -3.4e+38 -3.4e+38 -3.4e+38 -3.4e+38 -3.4e+38
68.7343902587891 68.4443054199219 68.2353134155273 68.0654525756836 67.9615020751953 67.7694320678711 67.6153411865234 67.0769577026367 67.0380096435547 66.738655090332 66.4159393310547 66.1672058105469 65.934684753418 65.7789001464844 -3.4e+38 65.4332275390625 65.240478515625 65.1158905029297 64.5900115966797 64.4128952026367 64.2837448120117 64.1125030517578 63.9103164672852 63.8664398193359 63.7189445495605 -3.4e+38 63.3333549499512 63.1484909057617 63.0497360229492 62.780029296875 -3.4e+38 -3.4e+38 -3.4e+38 -3.4e+38 -3.4e+38 -3.4e+38 -3.4e+38 -3.4e+38 -3.4e+38 -3.4e+38 -3.4e+38 -3.4e+38 -3.4e+38 -3.4e+38 -3.4e+38 -3.4e+38 -3.4e+38 -3.4e+38 -3.4e+38
68.9032287597656 68.7345123291016 68.4910354614258 68.2556838989258 68.093391418457 67.8348083496094 67.6602249145508 67.1801681518555 67.0287399291992 66.7547225952148 66.4766311645508 66.325553894043 66.0423355102539 65.8604507446289 65.7280502319336 65.566764831543 65.3612747192383 65.21044921875 64.758903503418 64.5641555786133 64.449348449707 64.2286071777344 63.9482231140137 63.8609771728516 -3.4e+38 63.4924697875977 63.371223449707 63.1995429992676 63.1181602478027 62.9404487609863 -3.4e+38 -3.4e+38 -3.4e+38 -3.4e+38 -3.4e+38 -3.4e+38 -3.4e+38 -3.4e+38 -3.4e+38 -3.4e+38 -3.4e+38 -3.4e+38 -3.4e+38 -3.4e+38 -3.4e+38 -3.4e+38 -3.4e+38 -3.4e+38 -3.4e+38
69.1516647338867 68.9374008178711 68.6402206420898 68.33203125 68.1961441040039 67.9872512817383 67.7964019775391 67.2088088989258 67.1041564941406 66.7793197631836 66.5498809814453 66.5205078125 66.1821746826172 65.8541259765625 65.7526473999023 65.6210021972656 65.486701965332 65.3175964355469 64.8954696655273 64.704460144043 64.502815246582 64.283332824707 64.0739364624023 63.9468803405762 63.7465705871582 63.5430641174316 63.4610252380371 63.3430938720703 63.2161636352539 63.0394439697266 -3.4e+38 -3.4e+38 -3.4e+38 -3.4e+38 -3.4e+38 -3.4e+38 -3.4e+38 -3.4e+38 -3.4e+38 -3.4e+38 -3.4e+38 -3.4e+38 -3.4e+38 -3.4e+38 -3.4e+38 -3.4e+38 -3.4e+38 -3.4e+38 -3.4e+38
69.1347732543945 69.0182342529297 68.7562103271484 68.4707489013672 68.2492599487305 68.0831985473633 67.9161834716797 67.3572006225586 67.1772613525391 67.1137313842773 66.786262512207 66.5180969238281 66.2603530883789 66.0034942626953 65.814338684082 65.684944152832 65.5670623779297 65.3720245361328 65.0203399658203 64.7752532958984 64.5580139160156 64.3981246948242 64.2615966796875 64.0432662963867 63.823787689209 63.6689453125 63.5551223754883 63.40771484375 63.2454681396484 63.0292167663574 -3.4e+38 -3.4e+38 -3.4e+38 -3.4e+38 -3.4e+38 -3.4e+38 -3.4e+38 -3.4e+38 -3.4e+38 -3.4e+38 -3.4e+38 -3.4e+38 -3.4e+38 -3.4e+38 -3.4e+38 -3.4e+38 -3.4e+38 -3.4e+38 -3.4e+38
69.0051040649414 69.0000991821289 68.8543548583984 68.6880187988281 68.3538818359375 68.0918579101562 67.9247055053711 67.6389007568359 67.3567504882812 67.2716674804688 67.0012054443359 66.5939865112305 66.3586959838867 66.3217468261719 66.0315475463867 65.6720809936523 65.6220626831055 65.4270477294922 65.0978469848633 64.7957458496094 64.5676879882812 64.3884048461914 64.3028564453125 64.0428619384766 63.8564453125 63.7639122009277 63.638370513916 63.4148979187012 63.2524719238281 63.1110382080078 -3.4e+38 -3.4e+38 -3.4e+38 -3.4e+38 -3.4e+38 -3.4e+38 -3.4e+38 -3.4e+38 -3.4e+38 -3.4e+38 -3.4e+38 -3.4e+38 -3.4e+38 -3.4e+38 -3.4e+38 -3.4e+38 -3.4e+38 -3.4e+38 -3.4e+38
69.2109298706055 69.0290756225586 68.989387512207 68.8434295654297 68.5540084838867 68.2689361572266 68.0396728515625 67.6390609741211 67.4310073852539 67.1531372070312 66.9703063964844 66.7560958862305 66.5133743286133 66.4450149536133 66.1612854003906 65.7837448120117 65.7133026123047 65.5016250610352 65.1559524536133 64.9121322631836 64.6144027709961 64.3646621704102 64.2133560180664 64.0444717407227 63.9116363525391 63.8145561218262 63.651195526123 63.3910980224609 63.2594833374023 63.1805114746094 -3.4e+38 -3.4e+38 -3.4e+38 -3.4e+38 -3.4e+38 -3.4e+38 -3.4e+38 -3.4e+38 -3.4e+38 -3.4e+38 -3.4e+38 -3.4e+38 -3.4e+38 -3.4e+38 -3.4e+38 -3.4e+38 -3.4e+38 -3.4e+38 -3.4e+38
69.5783615112305 69.3828964233398 69.2103881835938 68.8579330444336 68.57861328125 68.3977355957031 68.1358489990234 67.656005859375 67.4570999145508 67.2382659912109 67.0137481689453 66.8529663085938 66.6297912597656 66.4438323974609 66.1874618530273 65.8683471679688 65.7575454711914 65.5827026367188 65.2630844116211 65.0024185180664 64.6706924438477 64.4099578857422 64.2393341064453 64.1430816650391 64.0192184448242 -3.4e+38 -3.4e+38 63.3584671020508 63.2526054382324 63.2184944152832 -3.4e+38 -3.4e+38 -3.4e+38 -3.4e+38 -3.4e+38 -3.4e+38 -3.4e+38 -3.4e+38 -3.4e+38 -3.4e+38 -3.4e+38 -3.4e+38 -3.4e+38 -3.4e+38 -3.4e+38 -3.4e+38 -3.4e+38 -3.4e+38 -3.4e+38
69.7399520874023 69.6531753540039 69.3421783447266 68.9360427856445 68.7508544921875 68.5016632080078 68.236328125 67.6734771728516 67.5139465332031 67.419921875 67.1674957275391 66.9431838989258 66.7465438842773 66.3994674682617 66.1339797973633 65.9440383911133 65.7819366455078 65.6592025756836 65.3342514038086 65.0576629638672 64.7091979980469 64.4469451904297 64.3090057373047 64.1950607299805 -3.4e+38 -3.4e+38 63.8205261230469 63.446418762207 63.2493286132812 63.2651100158691 63.1152420043945 -3.4e+38 -3.4e+38 -3.4e+38 -3.4e+38 -3.4e+38 -3.4e+38 -3.4e+38 -3.4e+38 -3.4e+38 -3.4e+38 -3.4e+38 -3.4e+38 -3.4e+38 -3.4e+38 -3.4e+38 -3.4e+38 -3.4e+38 -3.4e+38
70.0988540649414 69.8726043701172 69.4300003051758 69.1883697509766 69.0098876953125 68.7200775146484 68.3943557739258 67.8216018676758 67.6302185058594 67.433464050293 67.2704849243164 66.991096496582 66.8047561645508 66.4826583862305 66.2232437133789 66.0700988769531 65.8330917358398 65.7069854736328 65.4184494018555 65.1961975097656 64.8850250244141 64.7212829589844 64.5959854125977 64.3632736206055 64.1329727172852 -3.4e+38 -3.4e+38 63.4938125610352 63.301456451416 63.2531433105469 63.1219139099121 -3.4e+38 -3.4e+38 -3.4e+38 -3.4e+38 -3.4e+38 -3.4e+38 -3.4e+38 -3.4e+38 -3.4e+38 -3.4e+38 -3.4e+38 -3.4e+38 -3.4e+38 -3.4e+38 -3.4e+38 -3.4e+38 -3.4e+38 -3.4e+38
