rcp4.5models/CNRM_CM5/sc1gr21.13
NCOLS 261 
NROWS 433 
XLLCORNER 336357.134 
YLLCORNER 654653.479 
CELLSIZE 1000 
NODATA_value -9999 
[rows 242 to 263 of 433, columns 50 to 99 of 261]
242.294387817383 320.424652099609 308.376739501953 274.432220458984 246.461044311523 200.755554199219 186.835556030273 203.460952758789 237.008316040039 283.78271484375 282.4013671875 219.06169128418 184.274520874023 306.719085693359 326.918304443359 335.182250976562 407.394653320312 418.073364257812 336.653411865234 312.200500488281 368.808868408203 400.187072753906 356.254211425781 317.852142333984 326.378387451172 370.330780029297 373.086059570312 369.112670898438 393.886352539062 417.424865722656 400.181884765625 346.788421630859 268.035705566406 234.251449584961 287.678161621094 358.154388427734 335.896514892578 300.651031494141 289.431427001953 282.654296875 319.666839599609 405.493316650391 458.715545654297 524.717651367188 619.628051757812 626.837463378906 501.78076171875 183.615417480469 200.796600341797 264.007904052734
223.855819702148 264.956481933594 210.675231933594 184.512329101562 173.693710327148 164.833343505859 171.585510253906 205.756683349609 263.585144042969 307.528594970703 298.141937255859 260.584930419922 270.661956787109 495.909088134766 437.352722167969 361.802825927734 436.302276611328 457.975006103516 358.145751953125 305.574096679688 350.207824707031 369.607696533203 344.378936767578 325.997344970703 340.509155273438 408.71728515625 422.540374755859 472.256774902344 535.292785644531 526.662231445312 477.952667236328 419.467620849609 318.35302734375 261.189575195312 316.897552490234 381.857635498047 403.447601318359 357.675170898438 288.626556396484 222.706298828125 192.565444946289 228.487213134766 270.078948974609 323.518035888672 383.053131103516 395.741607666016 349.344543457031 195.798797607422 218.347473144531 273.31005859375
304.659301757812 321.156951904297 223.101898193359 254.39680480957 325.895050048828 358.532440185547 337.405944824219 324.861999511719 337.017364501953 372.889099121094 405.329498291016 407.197143554688 391.275421142578 386.167938232422 369.123626708984 384.361419677734 419.005340576172 410.994476318359 406.298370361328 528.766235351562 799.696533203125 955.217041015625 807.184814453125 588.315002441406 488.704406738281 495.929840087891 509.7802734375 550.802551269531 638.208374023438 678.2041015625 595.399597167969 446.564514160156 333.977172851562 302.180969238281 339.920684814453 377.643585205078 304.368865966797 251.305374145508 196.34814453125 186.104293823242 186.669998168945 173.227996826172 165.427612304688 174.790725708008 194.145797729492 220.091659545898 222.151947021484 215.703765869141 246.59065246582 277.594665527344
328.182922363281 333.529022216797 267.476165771484 279.861450195312 314.860687255859 337.938568115234 338.863250732422 332.764831542969 344.710876464844 392.285736083984 462.616577148438 537.660888671875 578.112609863281 512.642456054688 439.951019287109 381.426544189453 376.883728027344 369.564086914062 392.309997558594 516.769775390625 732.6240234375 881.501892089844 815.490783691406 625.198425292969 528.008239746094 606.834655761719 573.66357421875 524.05615234375 548.730590820312 594.929809570312 544.922485351562 439.839965820312 364.890502929688 346.596252441406 346.980590820312 337.507507324219 260.966461181641 197.237442016602 171.164337158203 218.60205078125 252.504119873047 211.127700805664 192.594573974609 255.93701171875 320.321472167969 329.274932861328 271.994781494141 226.800598144531 268.401428222656 302.204406738281
316.359252929688 390.261077880859 583.448425292969 457.887969970703 385.409729003906 415.702545166016 426.134490966797 383.937164306641 383.617309570312 446.057983398438 507.290161132812 581.468933105469 664.214416503906 647.222595214844 519.835021972656 388.434539794922 346.196472167969 339.395141601562 350.697967529297 385.901702880859 444.441955566406 512.665344238281 543.962646484375 499.418243408203 454.855346679688 511.296264648438 508.938995361328 470.123718261719 449.260070800781 453.558868408203 443.602661132812 442.592529296875 430.328002929688 368.690368652344 283.1220703125 250.240768432617 268.587615966797 212.749252319336 185.744201660156 228.529998779297 254.156814575195 215.467056274414 219.94108581543 315.929962158203 384.574401855469 378.61474609375 315.465728759766 225.532760620117 290.484588623047 348.315979003906
322.319732666016 344.383026123047 477.980682373047 408.875701904297 406.926727294922 471.833251953125 492.923919677734 447.009063720703 431.397888183594 481.175354003906 530.024291992188 553.333374023438 567.914916992188 575.377868652344 479.1103515625 367.751892089844 332.148803710938 320.413696289062 319.598571777344 330.167816162109 328.384582519531 342.978302001953 379.314788818359 394.408477783203 389.516174316406 400.237823486328 419.421173095703 424.415496826172 405.262268066406 400.630798339844 426.9404296875 487.91162109375 488.982666015625 369.975006103516 240.88818359375 214.193939208984 280.372039794922 246.365295410156 225.743667602539 246.370849609375 245.499740600586 202.428756713867 208.239761352539 301.713653564453 360.014007568359 345.633453369141 311.536102294922 251.269683837891 290.745758056641 344.091979980469
424.969970703125 458.063262939453 401.185760498047 340.636260986328 346.452972412109 374.015441894531 397.123504638672 453.357330322266 538.701538085938 572.021118164062 549.601989746094 489.541656494141 424.288482666016 437.93359375 411.574584960938 375.875244140625 342.951782226562 298.611968994141 273.187591552734 284.917694091797 285.263366699219 289.549194335938 321.417144775391 368.466766357422 403.733428955078 347.115905761719 344.114715576172 360.640197753906 371.157867431641 392.006591796875 424.880584716797 474.854583740234 491.574859619141 429.929107666016 338.845367431641 296.851104736328 293.921325683594 266.827819824219 246.327270507812 240.951950073242 231.952194213867 208.724166870117 212.1708984375 262.2255859375 282.725982666016 254.561157226562 257.463348388672 308.975952148438 309.318054199219 319.903137207031
534.886352539062 547.064514160156 419.276916503906 387.325805664062 410.525756835938 391.170837402344 367.585510253906 409.573791503906 464.952545166016 460.953704833984 412.173706054688 339.8916015625 290.732757568359 380.121185302734 405.555694580078 401.434265136719 354.871856689453 280.10498046875 239.838180541992 249.640502929688 266.856262207031 285.070251464844 310.683258056641 369.763702392578 450.315734863281 364.222259521484 309.308502197266 313.679260253906 349.097717285156 386.542297363281 416.989654541016 454.186309814453 471.934539794922 466.662078857422 454.895233154297 424.166717529297 308.999603271484 274.397094726562 261.834564208984 248.604537963867 242.602310180664 244.218734741211 259.873077392578 306.95068359375 329.522521972656 260.776611328125 210.489761352539 301.030639648438 316.119750976562 316.640686035156
586.650939941406 544.713928222656 424.608428955078 430.648803710938 475.808074951172 462.025756835938 403.813018798828 388.304840087891 397.659484863281 382.841827392578 336.736785888672 269.635681152344 231.634246826172 327.234313964844 395.785064697266 409.22265625 351.364807128906 267.809783935547 226.64990234375 243.603073120117 270.177917480469 286.001495361328 298.631927490234 359.037353515625 457.803680419922 399.512756347656 320.867828369141 311.117065429688 346.021484375 388.180511474609 449.577606201172 525.754943847656 508.056213378906 450.882568359375 466.001983642578 467.340301513672 336.900329589844 290.219299316406 301.832672119141 333.078155517578 347.530151367188 329.784240722656 334.664245605469 404.073913574219 453.798034667969 380.386962890625 311.520965576172 326.568145751953 334.615325927734 339.787017822266
654.033447265625 608.039978027344 416.425720214844 430.369537353516 473.469573974609 481.832183837891 437.216491699219 399.227233886719 392.461303710938 396.806030273438 367.422027587891 300.129577636719 259.796905517578 274.982299804688 332.884704589844 358.730651855469 312.442108154297 233.670715332031 197.745040893555 213.132965087891 231.232711791992 238.718826293945 272.772644042969 409.712738037109 552.265869140625 357.757080078125 310.304138183594 304.905792236328 336.593322753906 399.661590576172 500.957641601562 571.442993164062 482.127288818359 381.631164550781 414.752807617188 454.567474365234 378.873870849609 341.930511474609 370.031860351562 430.408813476562 449.79345703125 401.689147949219 392.215118408203 459.941223144531 512.969787597656 479.549438476562 457.69189453125 350.348541259766 381.750732421875 414.851043701172
447.277008056641 473.176361083984 405.272125244141 393.809295654297 413.849182128906 431.484069824219 401.421203613281 354.106079101562 363.552093505859 414.467346191406 406.832153320312 345.774841308594 324.79833984375 287.8681640625 305.575225830078 326.878692626953 287.839294433594 249.187484741211 255.820266723633 246.154327392578 217.171142578125 208.363861083984 257.309906005859 389.814605712891 502.313018798828 314.586547851562 294.20361328125 329.436676025391 401.270812988281 448.374847412109 512.94482421875 581.612976074219 486.7109375 367.489349365234 394.291381835938 461.1689453125 518.580200195312 471.154876708984 444.479034423828 478.932952880859 513.762390136719 475.451507568359 435.788421630859 483.157501220703 573.562072753906 571.441223144531 482.96044921875 318.816192626953 364.535339355469 468.622833251953
351.649871826172 407.675994873047 392.634368896484 375.960418701172 382.576049804688 399.253448486328 379.828735351562 326.535736083984 318.791381835938 379.859283447266 420.970916748047 416.233703613281 394.649078369141 320.222290039062 322.634185791016 326.929656982422 295.723114013672 285.274536132812 300.754852294922 282.014007568359 248.719329833984 237.416702270508 279.053680419922 336.290588378906 375.991577148438 346.234283447266 289.612426757812 268.040008544922 325.67236328125 425.118835449219 541.340576171875 605.60888671875 517.118286132812 416.933410644531 442.947479248047 514.560729980469 646.598022460938 609.748657226562 554.581237792969 600.750122070312 693.908935546875 665.849365234375 552.450317382812 495.536071777344 601.433349609375 763.867614746094 760.727600097656 399.963623046875 380.051452636719 513.918273925781
519.138488769531 524.687072753906 370.923065185547 339.488891601562 295.200775146484 299.098114013672 357.673736572266 401.613891601562 426.135162353516 450.986999511719 436.305999755859 399.2197265625 367.186401367188 310.758026123047 320.286834716797 319.974914550781 316.134246826172 320.714019775391 338.903381347656 350.928283691406 337.552490234375 329.069671630859 382.724731445312 407.704315185547 368.158355712891 368.656097412109 298.378295898438 249.601119995117 290.844268798828 397.441497802734 507.525695800781 543.965270996094 487.612274169922 462.842407226562 490.902465820312 512.981872558594 649.748474121094 718.009521484375 762.627746582031 804.455139160156 772.461853027344 620.682739257812 497.634338378906 462.667022705078 581.814697265625 890.244140625 1125.095703125 501.356170654297 421.326904296875 545.401062011719
450.966125488281 398.033050537109 375.341339111328 417.882141113281 389.316711425781 345.878967285156 384.636352539062 438.249816894531 452.349212646484 447.644805908203 398.585632324219 336.548675537109 297.631591796875 290.553894042969 387.825073242188 438.527252197266 402.852142333984 368.490081787109 380.040740966797 404.551055908203 404.013397216797 395.541900634766 430.152679443359 462.206481933594 434.632904052734 368.212738037109 327.460998535156 313.294067382812 352.87451171875 415.127349853516 466.166625976562 488.696350097656 466.310760498047 455.860076904297 466.227569580078 446.509735107422 510.801910400391 711.957763671875 940.797912597656 1055.32531738281 947.757934570312 700.605163574219 536.557312011719 491.585693359375 564.059326171875 706.51904296875 785.221618652344 463.317718505859 382.443450927734 476.805297851562
406.206115722656 369.336120605469 385.725921630859 427.062591552734 413.29638671875 392.173919677734 418.374328613281 419.649261474609 381.397918701172 364.563903808594 392.217529296875 411.520812988281 389.402984619141 354.869598388672 405.440460205078 408.559234619141 360.933532714844 363.111328125 406.092254638672 470.282012939453 560.218383789062 735.777038574219 875.266357421875 788.886291503906 563.739135742188 374.806884765625 351.720916748047 313.351928710938 293.559112548828 313.602111816406 405.607147216797 564.134704589844 605.306762695312 486.431976318359 375.654449462891 266.710876464844 320.200531005859 586.326354980469 882.804931640625 1114.56420898438 1198.82946777344 1080.30676269531 903.194396972656 828.590515136719 791.1875 629.711975097656 524.041687011719 614.436706542969 562.526489257812 531.016540527344
378.161865234375 396.332611083984 402.958038330078 406.350646972656 416.155944824219 438.726837158203 483.417816162109 496.786254882812 444.529144287109 381.897369384766 362.543975830078 387.504760742188 443.494873046875 444.712860107422 407.983489990234 368.539825439453 340.975067138672 367.742797851562 431.645294189453 489.581604003906 619.563842773438 926.025817871094 1132.93347167969 1031.04602050781 823.527648925781 406.979583740234 349.297760009766 316.69873046875 287.255737304688 278.715209960938 313.174194335938 417.310882568359 508.481689453125 479.943572998047 403.935180664062 333.445281982422 360.307403564453 535.652404785156 739.942443847656 945.47119140625 1153.44775390625 1301.43896484375 1317.70947265625 1288.44067382812 1158.92883300781 892.126037597656 783.551452636719 704.663696289062 670.163940429688 624.578796386719
435.173126220703 444.681182861328 409.878692626953 398.506103515625 410.384063720703 472.658660888672 598.327392578125 660.808166503906 559.862182617188 418.646667480469 358.719116210938 387.730377197266 474.808502197266 484.133728027344 428.657073974609 369.338989257812 319.429718017578 318.964447021484 360.81591796875 405.853240966797 553.797790527344 901.840393066406 1158.66235351562 1187.04382324219 1210.06457519531 536.587219238281 342.780853271484 320.227325439453 310.579437255859 319.309112548828 310.84228515625 310.286346435547 357.251953125 388.689880371094 381.003234863281 364.621551513672 442.798187255859 520.548400878906 755.9580078125 1309.88024902344 1966.0673828125 2291.58422851562 2061.8291015625 1585.78247070312 1329.15661621094 1235.94323730469 1167.06420898438 681.709899902344 755.104736328125 815.774963378906
473.6640625 448.611938476562 405.8134765625 375.615142822266 407.438934326172 564.052856445312 789.991577148438 860.050720214844 750.363037109375 607.545715332031 489.601409912109 453.293640136719 492.902160644531 511.324676513672 485.920501708984 432.78955078125 341.378631591797 317.729888916016 408.287811279297 492.692901611328 572.216491699219 793.890197753906 1005.76751708984 1040.24584960938 1094.1943359375 589.0126953125 356.85205078125 316.234832763672 319.982635498047 377.949890136719 370.906433105469 309.270324707031 305.903533935547 319.735687255859 339.923706054688 426.921478271484 607.996948242188 588.088806152344 732.26904296875 1201.72058105469 2043.4794921875 3009.51831054688 3181.90063476562 2283.45263671875 1635.46704101562 1657.68469238281 1684.03576660156 971.280395507812 922.94970703125 904.982604980469
483.181884765625 434.512359619141 461.421203613281 446.960754394531 461.696960449219 624.903198242188 915.214050292969 1055.16064453125 942.109069824219 761.396911621094 605.009582519531 477.998413085938 430.038024902344 463.671295166016 468.513793945312 455.554229736328 413.511566162109 377.464019775391 436.668823242188 538.681518554688 601.715576171875 715.730041503906 798.239868164062 775.081115722656 784.893371582031 505.551544189453 341.691528320312 297.546630859375 321.383972167969 400.704681396484 413.333435058594 353.915374755859 339.405517578125 343.460693359375 359.471160888672 472.656158447266 701.072814941406 707.183349609375 797.509643554688 1118.95922851562 2078.76831054688 3299.32885742188 3315.8955078125 2421.884765625 2202.27758789062 2481.09497070312 2585.60278320312 1592.20922851562 1222.0078125 896.167053222656
495.098327636719 436.084167480469 558.565185546875 665.639526367188 755.706909179688 875.42724609375 1006.7412109375 1165.56384277344 1326.10961914062 1203.92077636719 860.218994140625 580.11279296875 439.526824951172 412.954864501953 424.999725341797 436.261505126953 445.795532226562 421.656433105469 400.417785644531 402.331695556641 414.078643798828 526.601623535156 728.090576171875 842.707824707031 802.5205078125 483.744232177734 344.545623779297 296.020385742188 326.208709716797 398.180023193359 419.150939941406 388.250701904297 395.423553466797 414.085418701172 439.135711669922 527.420227050781 705.9423828125 765.114868164062 823.959777832031 1007.33117675781 1649.74243164062 2429.55859375 2464.9833984375 2025.236328125 2023.29943847656 2247.09765625 2281.6455078125 1567.19616699219 1189.13562011719 829.999816894531
482.209747314453 426.285522460938 608.212524414062 813.122131347656 978.690307617188 1018.90386962891 939.075622558594 878.698791503906 932.073059082031 914.5849609375 746.011962890625 573.801025390625 470.195678710938 469.244140625 492.218505859375 496.174346923828 494.252990722656 468.153991699219 435.519592285156 410.409515380859 391.793182373047 467.544036865234 662.730163574219 769.863403320312 713.8125 542.789978027344 462.919891357422 394.554565429688 372.493865966797 402.777801513672 409.270568847656 394.533538818359 410.064636230469 459.068939208984 563.343383789062 661.7236328125 678.150939941406 762.010437011719 839.902954101562 857.738098144531 1055.79248046875 1411.21154785156 1608.66003417969 1551.48767089844 1453.22473144531 1313.18200683594 1169.1806640625 1082.001953125 1054.47509765625 903.795349121094
417.797821044922 398.335968017578 535.404724121094 768.685791015625 1053.87951660156 1159.755859375 969.048950195312 751.72509765625 710.348937988281 698.649658203125 636.254455566406 555.646301269531 501.637939453125 479.595825195312 423.529479980469 404.929168701172 437.84375 436.467498779297 427.028228759766 486.69970703125 626.340759277344 786.260803222656 812.000427246094 736.377136230469 674.069885253906 666.49853515625 665.059326171875 544.220825195312 449.876831054688 476.354278564453 462.318084716797 432.929260253906 445.582763671875 466.455963134766 545.830688476562 599.720947265625 583.311096191406 677.309143066406 761.160888671875 733.312683105469 803.416870117188 1002.626953125 1143.14819335938 1152.91613769531 1009.58062744141 759.085266113281 612.11767578125 718.166809082031 810.369934082031 833.258422851562
