rcp4.5models/CNRM_CM5/sc1gr2.9
NCOLS 261 
NROWS 433 
XLLCORNER 336357.134 
YLLCORNER 654653.479 
CELLSIZE 1000 
NODATA_value -3.4e+38 
[rows 44 to 65 of 433, columns 49 to 97 of 261]
-3.4e+38 -3.4e+38 -3.4e+38 -3.4e+38 -3.4e+38 -3.4e+38 -3.4e+38 -3.4e+38 -3.4e+38 -3.4e+38 -3.4e+38 -3.4e+38 -3.4e+38 -3.4e+38 -3.4e+38 -3.4e+38 -3.4e+38 -3.4e+38 -3.4e+38 -3.4e+38 -3.4e+38 328.321502685547 329.184051513672 -3.4e+38 -3.4e+38 329.323364257812 329.482421875 330.125244140625 329.542419433594 330.129119873047 330.105926513672 330.082641601562 330.059326171875 -3.4e+38 -3.4e+38 330.988983154297 330.965423583984 330.941864013672 330.918273925781 330.894683837891 330.871063232422 330.823913574219 331.773284912109 331.776916503906 331.753479003906 331.730102539062 331.706817626953 331.683654785156 331.660614013672
-3.4e+38 -3.4e+38 -3.4e+38 -3.4e+38 -3.4e+38 -3.4e+38 -3.4e+38 -3.4e+38 -3.4e+38 -3.4e+38 -3.4e+38 -3.4e+38 -3.4e+38 -3.4e+38 -3.4e+38 -3.4e+38 -3.4e+38 -3.4e+38 -3.4e+38 328.553161621094 329.199279785156 329.271209716797 329.24951171875 329.227691650391 330.093566894531 329.551696777344 330.088531494141 330.13916015625 330.116760253906 330.071655273438 -3.4e+38 330.026214599609 -3.4e+38 330.933807373047 330.957550048828 330.9345703125 330.911560058594 330.888488769531 330.865417480469 330.842315673828 330.819244384766 331.773101806641 331.750091552734 331.727142333984 331.704223632812 331.681396484375 331.658660888672 332.294830322266 332.613494873047
-3.4e+38 -3.4e+38 -3.4e+38 -3.4e+38 -3.4e+38 -3.4e+38 -3.4e+38 -3.4e+38 -3.4e+38 -3.4e+38 -3.4e+38 -3.4e+38 -3.4e+38 -3.4e+38 -3.4e+38 -3.4e+38 -3.4e+38 -3.4e+38 328.341735839844 328.910217285156 329.226379394531 329.240783691406 329.219360351562 329.197784423828 329.434112548828 329.185028076172 329.397064208984 329.407073974609 329.387145996094 330.043518066406 330.021087646484 330.639129638672 330.0244140625 330.887664794922 330.930725097656 330.907989501953 330.885223388672 330.862396240234 330.839599609375 331.466033935547 331.467742919922 331.748352050781 331.7255859375 331.702911376953 331.680267333984 331.65771484375 332.293609619141 332.612854003906 332.590637207031
-3.4e+38 -3.4e+38 -3.4e+38 -3.4e+38 -3.4e+38 -3.4e+38 -3.4e+38 -3.4e+38 -3.4e+38 -3.4e+38 -3.4e+38 -3.4e+38 -3.4e+38 -3.4e+38 -3.4e+38 -3.4e+38 328.709167480469 328.35302734375 328.99755859375 329.216705322266 329.231781005859 329.210723876953 329.189575195312 329.168243408203 329.146789550781 329.759643554688 329.173126220703 329.081756591797 329.059875488281 330.015777587891 330.634216308594 330.307403564453 329.970184326172 330.863098144531 -3.4e+38 330.881805419922 330.859283447266 331.484741210938 331.491485595703 331.779571533203 331.769073486328 331.070556640625 331.033905029297 331.669006347656 331.65673828125 332.292449951172 332.611602783203 332.590148925781 332.563659667969
-3.4e+38 -3.4e+38 -3.4e+38 -3.4e+38 -3.4e+38 -3.4e+38 -3.4e+38 -3.4e+38 -3.4e+38 -3.4e+38 -3.4e+38 -3.4e+38 328.535064697266 328.354309082031 328.565216064453 328.589691162109 328.342315673828 328.910339355469 329.243011474609 329.222503662109 329.201873779297 329.181091308594 329.16015625 329.139099121094 329.117919921875 329.995880126953 329.171569824219 329.053649902344 329.670684814453 329.988433837891 330.250274658203 -3.4e+38 329.922515869141 330.838928222656 330.232421875 330.173156738281 -3.4e+38 331.118560791016 331.112396240234 331.092071533203 331.071716308594 330.707427978516 330.677917480469 330.985931396484 330.970092773438 331.286590576172 331.929626464844 331.90966796875 331.886749267578
-3.4e+38 -3.4e+38 -3.4e+38 -3.4e+38 -3.4e+38 -3.4e+38 -3.4e+38 -3.4e+38 -3.4e+38 -3.4e+38 -3.4e+38 329.367218017578 328.508850097656 328.331024169922 328.311798095703 328.918670654297 -3.4e+38 329.215667724609 329.212982177734 329.192718505859 329.172332763672 329.151794433594 329.131134033203 329.110321044922 329.089416503906 329.333068847656 329.712890625 329.0888671875 329.919128417969 329.961517333984 329.939849853516 329.918121337891 329.896362304688 -3.4e+38 329.869964599609 -3.4e+38 -3.4e+38 330.758209228516 330.764678955078 330.742614746094 -3.4e+38 330.676635742188 330.654693603516 330.632781982422 330.610961914062 330.589233398438 331.567596435547 331.546051025391 331.524658203125
-3.4e+38 -3.4e+38 -3.4e+38 -3.4e+38 -3.4e+38 -3.4e+38 -3.4e+38 -3.4e+38 -3.4e+38 -3.4e+38 -3.4e+38 329.335571289062 329.099731445312 -3.4e+38 328.389312744141 329.118377685547 329.242309570312 329.222778320312 329.183288574219 329.163299560547 329.143188476562 329.122894287109 329.102508544922 329.081939697266 329.061279296875 329.678619384766 329.992401123047 329.726043701172 329.952453613281 329.934967041016 329.91357421875 329.892120361328 -3.4e+38 329.849029541016 329.827392578125 -3.4e+38 329.783996582031 330.722290039062 330.740509033203 330.71875 330.696990966797 330.653564453125 330.631866455078 330.610260009766 330.588745117188 330.567260742188 330.886749267578 330.867248535156 330.847839355469
-3.4e+38 -3.4e+38 -3.4e+38 -3.4e+38 -3.4e+38 -3.4e+38 -3.4e+38 -3.4e+38 -3.4e+38 -3.4e+38 -3.4e+38 329.304260253906 329.287567138672 329.268981933594 -3.4e+38 329.090637207031 329.212219238281 329.192962646484 329.153991699219 329.134246826172 329.114379882812 329.094390869141 329.07421875 329.053924560547 329.033538818359 329.279937744141 329.929473876953 329.971618652344 329.950775146484 329.908782958984 329.8876953125 329.866485595703 329.84521484375 329.823913574219 329.802551269531 329.781127929688 330.410522460938 330.726013183594 330.716735839844 330.695251464844 330.673767089844 330.630889892578 330.609497070312 330.588165283203 330.56689453125 330.545684814453 -3.4e+38 330.503631591797 330.482788085938
-3.4e+38 -3.4e+38 -3.4e+38 -3.4e+38 -3.4e+38 -3.4e+38 -3.4e+38 -3.4e+38 -3.4e+38 -3.4e+38 -3.4e+38 329.273345947266 329.2568359375 328.609558105469 328.8876953125 329.164337158203 329.182525634766 329.163543701172 329.125061035156 329.105590820312 329.085968017578 329.066223144531 329.046325683594 329.026306152344 329.006195068359 328.985900878906 329.878387451172 329.945068359375 329.924468994141 329.883026123047 329.862152099609 329.841217041016 329.820251464844 329.799224853516 329.778106689453 330.407806396484 330.722900390625 330.714599609375 330.693389892578 330.672180175781 330.650970458984 330.598968505859 330.587524414062 -3.4e+38 -3.4e+38 330.524566650391 330.503723144531 330.483032226562 330.472686767578
-3.4e+38 -3.4e+38 -3.4e+38 -3.4e+38 -3.4e+38 -3.4e+38 -3.4e+38 -3.4e+38 -3.4e+38 -3.4e+38 -3.4e+38 -3.4e+38 329.229827880859 328.982849121094 329.153015136719 329.171783447266 329.153228759766 329.134460449219 329.096496582031 329.077301025391 329.057952880859 329.038452148438 329.018859863281 328.999084472656 328.979187011719 328.959197998047 329.854248046875 329.918853759766 329.898559570312 329.857635498047 329.837036132812 329.816375732422 329.795654296875 329.774871826172 329.754058837891 330.690765380859 330.712310791016 330.691375732422 330.670440673828 330.649505615234 330.628540039062 330.574188232422 330.565948486328 330.545135498047 330.5244140625 -3.4e+38 330.483276367188 330.454315185547 329.794097900391
-3.4e+38 -3.4e+38 -3.4e+38 -3.4e+38 -3.4e+38 -3.4e+38 -3.4e+38 -3.4e+38 -3.4e+38 -3.4e+38 -3.4e+38 -3.4e+38 329.195373535156 -3.4e+38 329.160736083984 329.142578125 329.124267578125 329.105773925781 329.068359375 329.049407958984 329.030303955078 329.011077880859 328.99169921875 328.972229003906 328.952606201172 329.575897216797 329.888397216797 329.89306640625 329.872985839844 329.832611083984 -3.4e+38 329.791900634766 329.771453857422 329.750946044922 330.382263183594 330.696899414062 330.689178466797 330.668518066406 330.647888183594 330.627197265625 330.606536865234 329.895172119141 330.540466308594 -3.4e+38 330.503814697266 330.483459472656 330.456298828125 329.7822265625 329.435485839844
-3.4e+38 -3.4e+38 -3.4e+38 -3.4e+38 -3.4e+38 -3.4e+38 -3.4e+38 -3.4e+38 -3.4e+38 -3.4e+38 -3.4e+38 -3.4e+38 329.802764892578 329.251312255859 329.131622314453 329.113739013672 329.095672607422 329.077453613281 329.04052734375 329.021850585938 329.003021240234 328.984039306641 328.323211669922 -3.4e+38 329.63232421875 329.881866455078 329.887298583984 329.867614746094 329.847839355469 329.807983398438 329.787933349609 329.767822265625 329.747650146484 329.727416992188 330.664611816406 330.686798095703 330.666473388672 330.646087646484 329.969177246094 330.590881347656 329.926544189453 330.210357666016 329.861206054688 330.503479003906 329.822967529297 329.809997558594 -3.4e+38 330.734283447266 330.718292236328
-3.4e+38 -3.4e+38 -3.4e+38 -3.4e+38 -3.4e+38 -3.4e+38 -3.4e+38 -3.4e+38 -3.4e+38 -3.4e+38 -3.4e+38 -3.4e+38 -3.4e+38 -3.4e+38 -3.4e+38 329.077575683594 329.042083740234 329.021911621094 -3.4e+38 329.221343994141 329.621002197266 328.999755859375 328.912567138672 329.160705566406 329.815856933594 329.856109619141 329.837036132812 329.817901611328 329.798645019531 329.759887695312 330.685424804688 -3.4e+38 330.654510498047 330.681488037109 330.006866455078 329.963043212891 329.945251464844 330.268218994141 329.597106933594 330.545104980469 330.542846679688 329.503265380859 329.81982421875 329.467163085938 330.444274902344 330.436401367188 331.399871826172 331.034301757812 330.729797363281
-3.4e+38 -3.4e+38 -3.4e+38 -3.4e+38 -3.4e+38 -3.4e+38 -3.4e+38 -3.4e+38 -3.4e+38 -3.4e+38 -3.4e+38 -3.4e+38 -3.4e+38 -3.4e+38 -3.4e+38 -3.4e+38 -3.4e+38 328.996978759766 329.601898193359 -3.4e+38 329.895385742188 329.643981933594 329.59619140625 329.575408935547 329.825836181641 329.831268310547 329.8125 329.793609619141 329.774627685547 330.38818359375 330.700744628906 330.399932861328 330.664459228516 330.004058837891 329.651214599609 329.6201171875 329.6005859375 330.557159423828 330.240478515625 329.876647949219 330.514709472656 329.485443115234 329.463897705078 329.449645996094 330.431274414062 331.068115234375 331.375213623047 330.706085205078 330.357818603516
-3.4e+38 -3.4e+38 -3.4e+38 -3.4e+38 -3.4e+38 -3.4e+38 -3.4e+38 -3.4e+38 -3.4e+38 -3.4e+38 -3.4e+38 -3.4e+38 -3.4e+38 -3.4e+38 -3.4e+38 -3.4e+38 -3.4e+38 -3.4e+38 329.90380859375 329.915405273438 329.897613525391 329.879699707031 329.861663818359 329.843505859375 329.8251953125 329.806793212891 329.788299560547 329.769683837891 329.750946044922 330.005676269531 330.005798339844 329.988922119141 329.971923828125 329.649230957031 329.617858886719 329.5986328125 329.579376220703 329.87890625 329.868713378906 329.526031494141 330.492736816406 330.128662109375 330.107208251953 330.088623046875 330.417541503906 331.37744140625 330.706512451172 330.349792480469 330.331146240234
-3.4e+38 -3.4e+38 -3.4e+38 -3.4e+38 -3.4e+38 -3.4e+38 -3.4e+38 -3.4e+38 -3.4e+38 -3.4e+38 -3.4e+38 -3.4e+38 -3.4e+38 -3.4e+38 -3.4e+38 -3.4e+38 -3.4e+38 -3.4e+38 329.908966064453 329.889678955078 329.872161865234 329.854522705078 329.836761474609 329.81884765625 329.151275634766 -3.4e+38 329.764465332031 329.74609375 329.727661132812 329.726776123047 -3.4e+38 329.653076171875 329.63427734375 329.615386962891 328.938629150391 329.558532714844 329.558532714844 330.199798583984 330.192199707031 329.509368896484 -3.4e+38 -3.4e+38 -3.4e+38 330.412689208984 331.042541503906 330.706787109375 330.350769042969 330.332244873047 330.313873291016
-3.4e+38 -3.4e+38 -3.4e+38 -3.4e+38 -3.4e+38 -3.4e+38 -3.4e+38 -3.4e+38 -3.4e+38 -3.4e+38 -3.4e+38 -3.4e+38 -3.4e+38 -3.4e+38 -3.4e+38 -3.4e+38 -3.4e+38 -3.4e+38 -3.4e+38 329.864349365234 329.847106933594 329.829711914062 329.812225341797 329.794586181641 329.502197265625 329.737854003906 329.740966796875 329.722900390625 329.704742431641 329.683776855469 328.993927001953 328.945739746094 328.929321289062 329.570861816406 328.605529785156 329.530792236328 329.5380859375 329.84033203125 329.829376220703 329.485107421875 -3.4e+38 -3.4e+38 330.407196044922 330.392211914062 330.706939697266 330.351684570312 330.333312988281 330.315093994141 330.296966552734
-3.4e+38 -3.4e+38 -3.4e+38 -3.4e+38 -3.4e+38 -3.4e+38 -3.4e+38 -3.4e+38 -3.4e+38 -3.4e+38 -3.4e+38 -3.4e+38 -3.4e+38 -3.4e+38 -3.4e+38 -3.4e+38 -3.4e+38 -3.4e+38 329.855529785156 329.839385986328 329.822418212891 329.805267333984 329.788055419922 329.770660400391 -3.4e+38 329.082946777344 329.019683837891 329.658142089844 329.682189941406 329.646118164062 329.328979492188 329.294830322266 328.616119384766 329.541168212891 329.242614746094 329.528686523438 329.518005371094 329.499542236328 329.481079101562 329.462615966797 -3.4e+38 -3.4e+38 330.389007568359 330.370697021484 330.352447509766 330.334289550781 330.316223144531 330.279510498047 329.629638671875
-3.4e+38 -3.4e+38 -3.4e+38 -3.4e+38 -3.4e+38 -3.4e+38 -3.4e+38 -3.4e+38 -3.4e+38 -3.4e+38 -3.4e+38 -3.4e+38 -3.4e+38 -3.4e+38 -3.4e+38 -3.4e+38 -3.4e+38 -3.4e+38 329.831329345703 329.814758300781 329.798065185547 329.781188964844 329.764221191406 -3.4e+38 329.729919433594 328.778564453125 329.349670410156 329.659942626953 329.660003662109 329.624481201172 329.606597900391 329.588684082031 329.263977050781 329.543060302734 329.534545898438 329.516418457031 329.498260498047 329.480102539062 329.4619140625 329.443695068359 -3.4e+38 331.047912597656 330.371185302734 330.353149414062 330.335174560547 330.317260742188 330.299468994141 330.271148681641 329.914489746094
-3.4e+38 -3.4e+38 -3.4e+38 -3.4e+38 -3.4e+38 -3.4e+38 -3.4e+38 -3.4e+38 -3.4e+38 -3.4e+38 -3.4e+38 -3.4e+38 -3.4e+38 -3.4e+38 -3.4e+38 -3.4e+38 -3.4e+38 -3.4e+38 329.806823730469 329.790496826172 329.774047851562 329.757476806641 329.740783691406 -3.4e+38 -3.4e+38 329.408630371094 329.654693603516 329.655517578125 329.638153076172 329.603179931641 328.926605224609 329.543426513672 329.550201416016 330.193481445312 329.530792236328 330.159240722656 330.152770996094 329.468963623047 329.443084716797 329.425140380859 330.407257080078 330.706451416016 330.353698730469 330.3359375 330.318237304688 330.300598144531 330.283081054688 330.24462890625 329.598327636719
-3.4e+38 -3.4e+38 -3.4e+38 -3.4e+38 -3.4e+38 -3.4e+38 -3.4e+38 -3.4e+38 -3.4e+38 -3.4e+38 -3.4e+38 -3.4e+38 -3.4e+38 -3.4e+38 -3.4e+38 -3.4e+38 -3.4e+38 -3.4e+38 -3.4e+38 329.114013671875 329.692779541016 329.080352783203 329.665985107422 329.701110839844 329.684417724609 329.667633056641 329.650726318359 329.633758544922 329.616668701172 329.553619384766 329.262634277344 329.536895751953 329.530090332031 330.48681640625 330.179595947266 330.4716796875 330.459869384766 -3.4e+38 329.428558349609 330.0732421875 329.725006103516 330.354125976562 330.336578369141 330.319091796875 330.301666259766 330.284271240234 330.266998291016 330.215881347656 329.25732421875
-3.4e+38 -3.4e+38 -3.4e+38 -3.4e+38 -3.4e+38 -3.4e+38 -3.4e+38 -3.4e+38 -3.4e+38 -3.4e+38 -3.4e+38 -3.4e+38 -3.4e+38 -3.4e+38 -3.4e+38 -3.4e+38 -3.4e+38 -3.4e+38 329.018463134766 328.766784667969 328.994018554688 328.73291015625 329.624084472656 329.678619384766 329.662200927734 329.645690917969 328.971069335938 328.918182373047 328.903594970703 329.549346923828 329.544616699219 329.527496337891 329.510314941406 329.806365966797 330.462463378906 330.45849609375 -3.4e+38 -3.4e+38 330.076873779297 331.056274414062 330.038330078125 330.337097167969 330.31982421875 330.302581787109 330.285400390625 330.286407470703 330.883117675781 330.221862792969 329.880462646484
