rcp4.5models/CNRM_CM5/sc1gr7.24
NCOLS 261 
NROWS 433 
XLLCORNER 336357.134 
YLLCORNER 654653.479 
CELLSIZE 1000 
NODATA_value -3.4e+38 
[rows 286 to 307 of 433, columns 98 to 146 of 261]
62.7728729248047 62.8031997680664 62.9661140441895 63.1189117431641 63.2744102478027 63.4372825622559 63.5362243652344 63.5831489562988 63.6522369384766 63.5284156799316 63.1730155944824 62.7095947265625 61.9698524475098 61.3273963928223 61.0453872680664 60.6221923828125 60.1357345581055 59.8223457336426 59.5236549377441 58.7623138427734 57.7930641174316 59.168270111084 62.677921295166 65.1212005615234 66.8749542236328 68.0603332519531 66.7027206420898 66.3357543945312 66.8492126464844 67.6441116333008 68.1531448364258 69.2745666503906 69.9801025390625 71.0651702880859 72.5477676391602 74.3893737792969 75.5939865112305 -3.4e+38 -3.4e+38 79.2785034179688 80.153923034668 -3.4e+38 -3.4e+38 81.9504547119141 85.0206298828125 91.1059112548828 96.7028961181641 97.8103332519531 97.5316467285156
63.6742362976074 63.6301040649414 63.5897941589355 63.1031646728516 63.229305267334 63.4288711547852 63.5648803710938 63.605396270752 63.5854682922363 63.6137924194336 63.5268859863281 63.1857070922852 62.5388717651367 61.8824691772461 61.4883575439453 61.0622215270996 60.7347183227539 60.3826751708984 60.2115097045898 59.7399864196777 58.675724029541 59.7511978149414 63.4883041381836 66.3151092529297 67.4028472900391 68.1739273071289 68.8236999511719 69.3106536865234 70.2411422729492 69.5955429077148 68.4606018066406 69.0021133422852 69.7756042480469 70.8149566650391 72.2537689208984 73.4384841918945 74.5818786621094 76.822624206543 77.5845184326172 -3.4e+38 80.3550796508789 80.316291809082 80.5633163452148 82.1599426269531 85.74462890625 90.9808807373047 93.5348281860352 95.3401336669922 97.7523574829102
64.1159362792969 64.256706237793 64.1857833862305 63.1737442016602 63.2374649047852 63.3778610229492 63.4783897399902 63.5297393798828 63.5360832214355 63.6010322570801 63.6161346435547 63.460090637207 63.0888366699219 62.5861854553223 61.9823379516602 61.4916114807129 61.1068801879883 60.8946418762207 60.5896797180176 60.2474784851074 59.3513221740723 59.1982955932617 61.6320190429688 65.6866683959961 67.1948699951172 67.9898223876953 70.3618011474609 71.5853424072266 72.3892974853516 71.9614639282227 70.7530899047852 70.0269622802734 69.4928741455078 70.4938659667969 71.8946533203125 72.9853134155273 74.1611480712891 76.2387771606445 77.2796478271484 77.9987945556641 81.06494140625 83.5238037109375 81.0306930541992 81.5574340820312 84.7570877075195 88.7536773681641 86.9692077636719 91.5795211791992 93.9249420166016
63.8898010253906 64.0466690063477 64.0428695678711 63.2818832397461 63.3162536621094 63.3859634399414 63.45947265625 63.5593795776367 63.6027793884277 64.0075988769531 64.4630355834961 64.0620803833008 63.634952545166 63.2711486816406 62.4687957763672 61.8490180969238 61.5740814208984 61.2432899475098 60.7585754394531 60.3835411071777 59.835693359375 58.9530906677246 59.9064445495605 64.0118103027344 66.7608032226562 68.2922210693359 70.543342590332 71.701301574707 72.8045120239258 73.752799987793 73.7005081176758 72.2718276977539 72.1851196289062 72.2834396362305 71.8984527587891 72.4537124633789 73.6974868774414 76.1518020629883 77.0637969970703 77.6187362670898 80.5896606445312 83.8833618164062 -3.4e+38 81.7258682250977 83.5488510131836 85.2362518310547 83.2773971557617 87.9089431762695 92.9373016357422
65.4718246459961 64.6294021606445 64.1369171142578 64.2400283813477 63.8431816101074 63.5461120605469 63.6760406494141 63.6848640441895 63.7746810913086 63.9783630371094 64.6199035644531 65.0385284423828 64.8184280395508 64.300178527832 63.6951103210449 63.0671501159668 62.681770324707 62.2552108764648 61.7090110778809 61.1290664672852 60.6079216003418 59.9098854064941 60.0653228759766 61.7869186401367 63.6903419494629 66.021110534668 71.6254959106445 73.1404113769531 73.6330871582031 75.0659942626953 75.6399536132812 75.2703094482422 77.1456680297852 78.8167877197266 78.7465972900391 77.9545211791992 75.3664169311523 78.4529190063477 81.4891967773438 81.5000076293945 80.3406677246094 83.8698272705078 86.2338638305664 85.3149185180664 -3.4e+38 83.5065841674805 85.1922149658203 86.6553344726562 87.010871887207
65.4792709350586 66.8591690063477 65.9263153076172 65.7683486938477 64.2862548828125 63.9585838317871 63.9933967590332 64.0214385986328 63.9454574584961 63.9399948120117 64.3336486816406 65.134162902832 65.543342590332 65.2049026489258 63.5545883178711 63.3535232543945 63.2567291259766 62.9237899780273 62.3703956604004 61.7621917724609 61.3673667907715 60.7876052856445 60.9030914306641 62.2732048034668 63.1774673461914 64.7768402099609 72.465461730957 72.9225463867188 72.7954177856445 74.8096389770508 76.1097869873047 76.1607818603516 77.1218872070312 78.8402404785156 80.3498840332031 82.267463684082 80.0486679077148 78.2709426879883 81.0677261352539 81.8523254394531 81.7166442871094 84.7960739135742 85.829719543457 83.9321670532227 85.1129302978516 86.6876373291016 89.8780517578125 91.2951889038086 89.170036315918
65.7781600952148 67.3512878417969 68.7870178222656 68.1587600708008 65.7992324829102 64.334114074707 64.3038711547852 64.2607650756836 64.2096252441406 64.1727828979492 64.2408447265625 65.2833786010742 66.5076446533203 66.2158050537109 62.8134155273438 62.623966217041 63.7555541992188 63.3571090698242 63.121150970459 62.6181793212891 62.1844100952148 61.5390243530273 61.4240684509277 62.6646575927734 63.5784950256348 64.5195617675781 69.6560745239258 71.6010589599609 73.6054458618164 76.0327911376953 77.3997421264648 77.5619583129883 77.3320846557617 78.7091522216797 80.3153533935547 83.2093963623047 -3.4e+38 78.7926406860352 78.7806396484375 80.7123260498047 84.9565658569336 87.9756164550781 89.5670394897461 87.1849594116211 83.5160675048828 86.8091049194336 -3.4e+38 -3.4e+38 -3.4e+38
67.8740310668945 68.8586807250977 69.7820281982422 67.1082534790039 65.4718551635742 64.473876953125 64.3634262084961 64.3965682983398 64.592903137207 64.6195297241211 64.3762435913086 64.8918380737305 66.0931549072266 66.1447448730469 62.3210678100586 61.902717590332 63.5644111633301 63.2475852966309 63.6800193786621 63.1736106872559 62.6662635803223 62.2442436218262 62.4311447143555 63.375659942627 64.006950378418 64.4188842773438 66.8051147460938 71.0469207763672 75.1055908203125 75.9826431274414 76.8049926757812 78.2315444946289 78.0599365234375 79.4570388793945 81.8548431396484 84.0164947509766 85.4737701416016 78.82177734375 78.8935699462891 81.4021606445312 86.995849609375 91.9459457397461 94.0219421386719 93.2326278686523 89.5830535888672 89.9993515014648 92.1881408691406 89.5644149780273 -3.4e+38
66.063720703125 67.6871185302734 67.0318908691406 65.3361587524414 64.791633605957 64.5240478515625 64.5855026245117 64.6835403442383 64.9526901245117 65.0713577270508 64.6697311401367 64.5556945800781 64.931640625 65.3858108520508 63.4122047424316 62.3182258605957 64.6061172485352 64.1318969726562 64.2758865356445 63.7483596801758 63.3792152404785 63.143440246582 63.2931213378906 63.812931060791 64.7723236083984 65.6028594970703 66.7230453491211 71.1032791137695 76.3078384399414 75.9089050292969 75.3554763793945 77.3182220458984 79.3365936279297 81.3733444213867 83.2795562744141 84.30078125 83.6523590087891 78.9886169433594 81.6411285400391 83.0464630126953 86.4683227539062 93.143180847168 95.7996063232422 97.1078414916992 97.9897384643555 97.7760162353516 95.3322448730469 87.4511184692383 92.3249969482422
65.2312545776367 67.4220275878906 68.7868804931641 66.8475799560547 67.0099945068359 65.1196517944336 65.1776504516602 65.4742279052734 65.5706176757812 65.5339202880859 65.2538681030273 65.0660552978516 64.7611999511719 65.4995346069336 64.6779479980469 62.8490715026855 66.2632904052734 65.5293731689453 65.0419921875 64.5446929931641 64.0319442749023 63.4635200500488 63.6362113952637 64.4502105712891 66.5038909912109 68.3789291381836 67.4463424682617 70.0692367553711 75.5942840576172 76.5495681762695 75.0098114013672 76.1853637695312 79.2782440185547 82.4432830810547 82.8600234985352 81.759147644043 79.8043670654297 82.6331024169922 87.5468673706055 88.4299697875977 89.6199645996094 93.8366241455078 96.3772964477539 98.6076889038086 100.471733093262 100.225891113281 96.8110656738281 88.9097747802734 92.3390884399414
66.8429260253906 69.5070724487305 69.7768630981445 68.6632919311523 69.4006729125977 66.0778884887695 65.332145690918 65.6698379516602 65.8105163574219 65.9527130126953 66.7767028808594 67.6707611083984 67.2065963745117 67.0589218139648 62.6009483337402 62.7704811096191 66.9152603149414 66.3976898193359 65.8204803466797 65.1235580444336 64.0156707763672 64.1106719970703 65.5265579223633 65.9398574829102 68.2735137939453 70.5063629150391 71.2844009399414 71.1754608154297 73.3504867553711 76.3012084960938 75.2566757202148 76.0686340332031 78.5821685791016 82.0408706665039 83.0801239013672 80.7407913208008 79.1283340454102 85.702033996582 91.1848373413086 92.2804946899414 93.1355895996094 95.0823974609375 96.5585632324219 98.4145660400391 100.524002075195 100.124160766602 96.197868347168 88.5092468261719 90.6553115844727
68.4733047485352 70.6609878540039 67.9287643432617 68.0478744506836 69.5044174194336 66.504753112793 65.2722930908203 65.4860687255859 65.6346206665039 65.7407379150391 67.1088180541992 68.1966018676758 67.8280792236328 68.4132232666016 62.6438026428223 64.5533905029297 67.4469451904297 67.1957244873047 66.6145172119141 65.6031188964844 63.9157409667969 64.3511276245117 66.0759735107422 65.4812622070312 67.132438659668 70.1680068969727 73.4455490112305 73.5528564453125 74.0523834228516 76.6805877685547 75.9065246582031 75.5811767578125 76.9651947021484 80.2283782958984 83.6317672729492 83.6151962280273 81.5945892333984 86.0082931518555 88.7576751708984 92.509407043457 93.4062194824219 95.2626266479492 96.8963775634766 97.7462921142578 99.8956832885742 100.400199890137 95.1495895385742 87.6063385009766 89.1792526245117
71.7097549438477 72.8419418334961 68.7866592407227 67.3958587646484 70.9376831054688 67.8501663208008 65.9748840332031 65.7646865844727 66.1107788085938 67.3908996582031 69.7376022338867 67.5044631958008 64.179557800293 66.1199798583984 61.7403030395508 62.7251777648926 65.5492095947266 67.9112319946289 67.3511047363281 66.2561950683594 64.5942840576172 64.2583236694336 64.571418762207 65.1346664428711 67.7862091064453 70.8108367919922 74.5001602172852 74.9596328735352 75.1717224121094 76.4773712158203 75.808723449707 73.7262954711914 72.7262878417969 77.5663375854492 82.7575836181641 85.9330368041992 85.6682205200195 88.3429946899414 88.9599761962891 93.2812118530273 94.2551193237305 95.6557312011719 97.36962890625 97.7157287597656 99.0383911132812 98.6377105712891 91.7300567626953 87.0608291625977 92.1933517456055
71.0111999511719 72.9088134765625 69.7199325561523 66.571891784668 68.2813415527344 67.3540420532227 69.5737380981445 68.1088562011719 66.1753311157227 63.7785339355469 66.4508209228516 65.6098175048828 62.6731948852539 63.5352516174316 60.1954383850098 60.7489624023438 64.982536315918 68.5078277587891 67.8567123413086 67.0763320922852 65.2922134399414 64.1828079223633 65.2822799682617 67.6371154785156 69.5320816040039 71.1149444580078 74.8515167236328 75.669548034668 74.8202743530273 74.7596206665039 74.8165588378906 72.188232421875 69.7067413330078 76.1468124389648 81.1185302734375 84.0191268920898 85.8841171264648 90.234619140625 91.82373046875 93.2793731689453 94.2008514404297 96.5695648193359 97.4387817382812 96.0800857543945 93.8435668945312 91.7219772338867 87.3701477050781 89.4472198486328 95.880973815918
70.6429290771484 68.3989944458008 65.7063827514648 64.034912109375 62.2815475463867 62.8966636657715 65.9892272949219 68.4059143066406 70.7473220825195 64.0108795166016 60.5106315612793 64.5668792724609 65.0806274414062 61.7679176330566 60.6059265136719 62.3493461608887 67.4065093994141 68.8986282348633 67.5570602416992 67.1308059692383 66.3272705078125 65.5021286010742 67.5760498046875 69.08203125 69.2594604492188 70.1486206054688 73.2013092041016 75.4495620727539 75.3552398681641 73.8898010253906 72.5716323852539 69.5994033813477 69.5203018188477 76.4204635620117 79.5795593261719 79.5701141357422 82.0346145629883 88.9362564086914 91.1852035522461 91.9923706054688 93.1597518920898 96.0675888061523 97.3729934692383 93.5040435791016 88.0551986694336 88.9210510253906 93.1517868041992 98.4296112060547 102.828674316406
66.4644393920898 62.2440376281738 62.8859634399414 66.7926025390625 67.7394180297852 63.8941421508789 60.9862747192383 59.7171516418457 63.3870887756348 67.243766784668 63.9778022766113 60.8250885009766 60.471492767334 60.0937042236328 62.3544807434082 63.1084365844727 68.1052551269531 69.6012954711914 66.7061462402344 63.8154296875 63.1750907897949 63.68603515625 66.1989059448242 69.8810272216797 72.0053405761719 73.4292755126953 70.5768814086914 70.2412948608398 71.5950469970703 72.9378204345703 73.2030792236328 70.7710571289062 67.0398788452148 67.6051254272461 68.5187149047852 68.8936614990234 70.197883605957 84.274543762207 89.3609237670898 91.3712921142578 92.8600006103516 94.3910980224609 97.04833984375 95.6306610107422 93.4694519042969 101.354537963867 105.241874694824 106.046676635742 109.126235961914
72.7223968505859 67.9584121704102 64.8983306884766 64.7744445800781 67.7535171508789 65.3827438354492 61.2813911437988 60.8665008544922 61.2920570373535 63.1328392028809 62.9798927307129 61.7923049926758 61.0543212890625 60.7088851928711 63.0362586975098 64.431526184082 71.2563247680664 69.9669647216797 66.1233673095703 63.0582008361816 64.7510299682617 65.6544189453125 67.2246017456055 68.5742416381836 69.3487243652344 71.2485122680664 71.4142837524414 71.1590347290039 71.1462631225586 70.4185333251953 69.7749786376953 69.020881652832 67.3311386108398 67.8808059692383 69.4970703125 70.2525939941406 69.369140625 77.1430969238281 82.0391464233398 82.9459609985352 83.8055725097656 89.0842590332031 97.4847030639648 98.0851516723633 97.924560546875 103.744850158691 105.018272399902 105.598175048828 109.083595275879
73.0042495727539 67.2866058349609 63.789665222168 66.5779876708984 68.0847625732422 66.2613830566406 62.5275993347168 60.6208877563477 59.5534934997559 59.0722923278809 59.6719779968262 60.3221588134766 59.7203407287598 60.0842208862305 62.4785652160645 63.8573455810547 69.5466003417969 68.2552947998047 66.1059722900391 63.8556938171387 66.4114456176758 67.4493942260742 67.8261489868164 67.6996994018555 67.2437515258789 68.4752578735352 73.1811752319336 72.7089004516602 71.9512023925781 69.5201721191406 67.1322250366211 67.5242919921875 67.3458404541016 68.0142669677734 69.7830963134766 70.9712677001953 70.125 71.9617233276367 73.0889511108398 73.7586517333984 78.2062301635742 89.6079559326172 97.4282608032227 98.7254257202148 101.254295349121 103.394653320312 103.71614074707 104.441177368164 108.848487854004
71.7946853637695 70.5440292358398 68.6449356079102 70.049690246582 65.6084518432617 64.4116439819336 62.7330627441406 62.0132827758789 63.6414566040039 65.4903717041016 64.1476287841797 62.1607894897461 59.6178512573242 59.5986022949219 65.8686447143555 69.1778793334961 70.1966247558594 68.448600769043 66.2393569946289 63.9601402282715 66.377311706543 67.5941390991211 67.6156616210938 67.3766326904297 66.9662628173828 67.9788208007812 73.868537902832 74.8212432861328 73.6417236328125 72.1374969482422 69.0527877807617 67.0912780761719 67.2120895385742 67.6074371337891 68.780891418457 70.7438354492188 71.2632369995117 71.4224548339844 72.2526473999023 75.3246612548828 84.8153686523438 95.4842147827148 98.649772644043 100.033554077148 102.224197387695 102.343803405762 100.846794128418 97.030387878418 105.264236450195
75.6638870239258 77.0427017211914 76.1533279418945 70.8843612670898 63.9111976623535 64.0297164916992 65.5672760009766 67.8821792602539 69.3668365478516 71.9657974243164 70.6445083618164 68.429313659668 63.189281463623 60.5860977172852 70.6993255615234 73.2676010131836 70.3747329711914 66.7186431884766 65.4259948730469 65.0222930908203 64.8554153442383 66.8373413085938 68.1558303833008 69.2177581787109 68.2041625976562 69.5913314819336 71.0971984863281 73.3801727294922 75.9399032592773 76.3930892944336 74.3551559448242 71.3245544433594 69.3168106079102 67.3847122192383 68.0158309936523 69.8042297363281 71.7749252319336 72.116455078125 74.0326995849609 81.6015625 90.7518539428711 97.0053329467773 99.5619583129883 100.579307556152 101.74658203125 101.353317260742 97.2262954711914 89.9677886962891 97.5773162841797
74.4672241210938 70.8029556274414 73.146858215332 70.645637512207 65.0034866333008 65.5661392211914 69.2248153686523 71.5522079467773 71.858283996582 72.3781890869141 72.5705032348633 69.024055480957 62.6107978820801 60.9714393615723 72.8172454833984 73.1413269042969 68.8322906494141 62.9831314086914 62.6484909057617 64.8314743041992 65.0307846069336 65.6560592651367 66.8754272460938 68.2798309326172 67.241455078125 68.5173721313477 68.3659133911133 -3.4e+38 73.3542175292969 75.424934387207 77.4415664672852 77.7650375366211 73.9808654785156 70.0839385986328 68.4149398803711 68.9378890991211 71.4134674072266 73.0199127197266 77.3654937744141 87.9650497436523 93.4963836669922 96.9127883911133 97.5923538208008 98.7268524169922 99.6204147338867 96.6494827270508 90.2434234619141 87.5848999023438 91.9934844970703
69.5556488037109 67.0417022705078 67.3012161254883 67.9579238891602 65.4297943115234 64.7843856811523 67.1714553833008 70.1328506469727 72.0986251831055 68.5034408569336 66.0148391723633 63.3338928222656 61.7798957824707 66.3142166137695 74.3431854248047 72.7738265991211 68.6769256591797 62.9459266662598 60.9091300964355 62.7669296264648 64.5635299682617 -3.4e+38 -3.4e+38 -3.4e+38 -3.4e+38 -3.4e+38 -3.4e+38 69.5422592163086 -3.4e+38 -3.4e+38 76.3449172973633 79.5631790161133 78.2184219360352 74.0014038085938 70.1236801147461 68.6149291992188 71.0580596923828 73.3463287353516 80.4613037109375 90.4266510009766 93.4942169189453 95.0764694213867 91.7621383666992 88.7308731079102 90.2854690551758 87.2398147583008 84.1721420288086 85.5998458862305 90.6101837158203
