rcp4.5models/CNRM_CM5/sc1gr4.25
NCOLS 261 
NROWS 433 
XLLCORNER 336357.134 
YLLCORNER 654653.479 
CELLSIZE 1000 
NODATA_value -3.4e+38 
[rows 44 to 65 of 433, columns 49 to 97 of 261]
-3.4e+38 -3.4e+38 -3.4e+38 -3.4e+38 -3.4e+38 -3.4e+38 -3.4e+38 -3.4e+38 -3.4e+38 -3.4e+38 -3.4e+38 -3.4e+38 -3.4e+38 -3.4e+38 -3.4e+38 -3.4e+38 -3.4e+38 -3.4e+38 -3.4e+38 -3.4e+38 -3.4e+38 299.333862304688 299.472839355469 -3.4e+38 -3.4e+38 299.706909179688 299.717712402344 299.491363525391 299.496765136719 299.538360595703 300.437438964844 300.507629394531 300.646209716797 -3.4e+38 -3.4e+38 300.613098144531 300.44091796875 300.573608398438 300.561553955078 300.870330810547 300.870513916016 301.161437988281 301.320983886719 301.310638427734 301.405242919922 301.775817871094 301.601257324219 301.528839111328 301.570709228516
-3.4e+38 -3.4e+38 -3.4e+38 -3.4e+38 -3.4e+38 -3.4e+38 -3.4e+38 -3.4e+38 -3.4e+38 -3.4e+38 -3.4e+38 -3.4e+38 -3.4e+38 -3.4e+38 -3.4e+38 -3.4e+38 -3.4e+38 -3.4e+38 -3.4e+38 299.358673095703 299.182922363281 298.875152587891 298.800506591797 299.036254882812 299.561828613281 299.716400146484 299.714019775391 299.743438720703 299.900268554688 299.699432373047 -3.4e+38 300.566467285156 -3.4e+38 300.331207275391 300.404571533203 300.495910644531 300.760223388672 300.810974121094 300.531494140625 300.50390625 300.701965332031 300.895172119141 301.269256591797 301.263763427734 301.413513183594 301.073303222656 301.053833007812 301.2060546875 301.306945800781
-3.4e+38 -3.4e+38 -3.4e+38 -3.4e+38 -3.4e+38 -3.4e+38 -3.4e+38 -3.4e+38 -3.4e+38 -3.4e+38 -3.4e+38 -3.4e+38 -3.4e+38 -3.4e+38 -3.4e+38 -3.4e+38 -3.4e+38 -3.4e+38 299.078399658203 299.051788330078 298.851470947266 298.768432617188 299.125854492188 298.929138183594 299.372589111328 299.6728515625 299.476501464844 299.438537597656 299.408813476562 299.767028808594 299.626403808594 300.417022705078 300.468444824219 300.249603271484 300.376831054688 300.372222900391 300.615905761719 300.831787109375 300.509155273438 300.479919433594 300.409362792969 300.547607421875 300.91259765625 301.125732421875 301.061370849609 300.879974365234 301.030487060547 301.183654785156 301.170837402344
-3.4e+38 -3.4e+38 -3.4e+38 -3.4e+38 -3.4e+38 -3.4e+38 -3.4e+38 -3.4e+38 -3.4e+38 -3.4e+38 -3.4e+38 -3.4e+38 -3.4e+38 -3.4e+38 -3.4e+38 -3.4e+38 298.740478515625 298.656982421875 298.705505371094 298.901000976562 298.561676025391 298.707061767578 298.994598388672 299.205230712891 299.342529296875 299.748046875 299.373046875 299.419830322266 299.370269775391 299.626342773438 299.912170410156 299.943481445312 299.824981689453 300.291900634766 -3.4e+38 300.455383300781 300.4970703125 300.587158203125 300.475067138672 300.4560546875 300.280364990234 300.631866455078 300.620483398438 300.825500488281 300.869354248047 300.855834960938 301.008178710938 301.161224365234 301.147796630859
-3.4e+38 -3.4e+38 -3.4e+38 -3.4e+38 -3.4e+38 -3.4e+38 -3.4e+38 -3.4e+38 -3.4e+38 -3.4e+38 -3.4e+38 -3.4e+38 298.708038330078 298.526092529297 298.744445800781 298.777923583984 298.506927490234 298.448944091797 298.481597900391 298.427764892578 298.498138427734 298.683868408203 298.842224121094 298.974975585938 299.506195068359 299.684661865234 299.339447021484 299.439300537109 299.333557128906 299.578521728516 299.704620361328 -3.4e+38 299.422180175781 300.401580810547 300.344360351562 300.481231689453 -3.4e+38 300.461090087891 300.230010986328 300.424377441406 300.365142822266 300.720367431641 300.544921875 300.473480224609 300.514892578125 300.392547607422 300.765991210938 300.809844970703 300.797027587891
-3.4e+38 -3.4e+38 -3.4e+38 -3.4e+38 -3.4e+38 -3.4e+38 -3.4e+38 -3.4e+38 -3.4e+38 -3.4e+38 -3.4e+38 299.192108154297 298.745574951172 298.609069824219 298.624908447266 298.5126953125 -3.4e+38 298.316864013672 298.293548583984 298.322479248047 298.399383544922 298.5439453125 298.697235107422 298.807556152344 299.447479248047 299.5068359375 299.403381347656 299.424468994141 299.262023925781 299.547180175781 299.323425292969 299.459594726562 299.349517822266 -3.4e+38 299.847442626953 -3.4e+38 -3.4e+38 300.187286376953 300.093597412109 300.288909912109 -3.4e+38 300.699676513672 300.521636962891 300.340301513672 300.434265136719 300.474609375 300.301147460938 300.616790771484 300.597595214844
-3.4e+38 -3.4e+38 -3.4e+38 -3.4e+38 -3.4e+38 -3.4e+38 -3.4e+38 -3.4e+38 -3.4e+38 -3.4e+38 -3.4e+38 298.842468261719 298.763397216797 -3.4e+38 298.535461425781 298.42919921875 298.408538818359 298.35498046875 298.31005859375 298.345642089844 298.337005615234 298.470458984375 298.411743164062 298.751739501953 298.95458984375 299.493133544922 299.428405761719 299.509979248047 299.245849609375 299.523254394531 299.310119628906 299.376586914062 -3.4e+38 299.404571533203 299.610809326172 -3.4e+38 299.388244628906 300.051177978516 300.065856933594 300.213256835938 300.691009521484 300.676635742188 300.498474121094 299.988220214844 300.466064453125 300.181365966797 299.669738769531 299.935668945312 299.707733154297
-3.4e+38 -3.4e+38 -3.4e+38 -3.4e+38 -3.4e+38 -3.4e+38 -3.4e+38 -3.4e+38 -3.4e+38 -3.4e+38 -3.4e+38 298.499786376953 299.144134521484 299.390289306641 -3.4e+38 298.412445068359 298.381134033203 298.261840820312 298.332977294922 298.324523925781 298.310363769531 298.338439941406 298.393188476562 298.728790283203 298.753662109375 298.961883544922 299.141021728516 299.510345458984 299.437957763672 299.287292480469 299.316833496094 299.307067871094 299.13623046875 299.427215576172 299.481567382812 299.419982910156 299.945861816406 299.943725585938 299.9296875 300.186920166016 300.450469970703 300.321655273438 300.142425537109 299.3564453125 299.892456054688 299.712829589844 -3.4e+38 299.461242675781 299.227294921875
-3.4e+38 -3.4e+38 -3.4e+38 -3.4e+38 -3.4e+38 -3.4e+38 -3.4e+38 -3.4e+38 -3.4e+38 -3.4e+38 -3.4e+38 298.539916992188 298.754089355469 298.818969726562 298.586242675781 298.495941162109 298.370086669922 298.300201416016 298.311828613281 298.297821044922 298.389831542969 298.388854980469 298.630065917969 299.051452636719 298.761566162109 299.033996582031 299.141510009766 299.487243652344 299.505004882812 299.927856445312 299.123199462891 299.268280029297 299.111389160156 299.511779785156 299.412963867188 299.935882568359 299.985046386719 299.978576660156 299.528869628906 300.153472900391 300.320953369141 299.467590332031 299.396759033203 -3.4e+38 -3.4e+38 299.468170166016 299.731964111328 299.2744140625 299.205596923828
-3.4e+38 -3.4e+38 -3.4e+38 -3.4e+38 -3.4e+38 -3.4e+38 -3.4e+38 -3.4e+38 -3.4e+38 -3.4e+38 -3.4e+38 -3.4e+38 298.446594238281 298.516998291016 298.520874023438 298.507049560547 298.453948974609 298.222442626953 298.270782470703 298.377288818359 298.418792724609 298.303771972656 298.470550537109 299.143920898438 298.534912109375 299.015594482422 299.485565185547 299.602264404297 299.596099853516 300.240234375 299.886169433594 299.400726318359 299.417510986328 299.447418212891 299.385833740234 299.841766357422 299.855804443359 299.458648681641 299.877471923828 300.2509765625 300.191192626953 299.111083984375 299.204925537109 299.529296875 299.678833007812 -3.4e+38 299.431762695312 299.294128417969 298.430267333984
-3.4e+38 -3.4e+38 -3.4e+38 -3.4e+38 -3.4e+38 -3.4e+38 -3.4e+38 -3.4e+38 -3.4e+38 -3.4e+38 -3.4e+38 -3.4e+38 298.458129882812 -3.4e+38 298.598846435547 298.601501464844 298.375885009766 298.569061279297 298.386993408203 298.406036376953 298.291137695312 298.328765869141 298.578887939453 298.384796142578 298.450653076172 299.055236816406 299.388732910156 299.616790771484 299.621368408203 299.893249511719 -3.4e+38 299.415008544922 299.544372558594 299.272613525391 299.245727539062 299.334808349609 299.378356933594 299.268310546875 300.114349365234 300.288299560547 299.567504882812 299.087524414062 299.458312988281 -3.4e+38 299.383453369141 299.759643554688 299.566284179688 298.890930175781 298.013244628906
-3.4e+38 -3.4e+38 -3.4e+38 -3.4e+38 -3.4e+38 -3.4e+38 -3.4e+38 -3.4e+38 -3.4e+38 -3.4e+38 -3.4e+38 -3.4e+38 298.999328613281 298.564392089844 298.398712158203 298.587371826172 298.950286865234 299.104614257812 299.216705322266 298.476501464844 298.328826904297 298.246063232422 298.205871582031 -3.4e+38 299.048614501953 299.130096435547 299.276672363281 299.584503173828 299.596343994141 299.718139648438 299.30078125 299.369476318359 299.520538330078 299.197875976562 299.168914794922 299.155578613281 299.142272949219 299.290679931641 299.547271728516 299.705780029297 299.263702392578 299.062805175781 299.217407226562 299.595642089844 298.530639648438 298.531127929688 -3.4e+38 299.195556640625 298.959411621094
-3.4e+38 -3.4e+38 -3.4e+38 -3.4e+38 -3.4e+38 -3.4e+38 -3.4e+38 -3.4e+38 -3.4e+38 -3.4e+38 -3.4e+38 -3.4e+38 -3.4e+38 -3.4e+38 -3.4e+38 298.251159667969 298.979461669922 298.452972412109 -3.4e+38 299.332000732422 298.847717285156 298.415191650391 298.318359375 298.217926025391 299.023590087891 299.301635742188 299.090545654297 299.091766357422 299.035278320312 299.243957519531 299.383666992188 -3.4e+38 299.480926513672 299.148712158203 299.012359619141 298.995361328125 299.201599121094 299.410247802734 299.130310058594 299.057891845703 299.044128417969 298.462341308594 298.842315673828 298.327423095703 299.256439208984 299.085205078125 299.28955078125 299.270416259766 299.218200683594
-3.4e+38 -3.4e+38 -3.4e+38 -3.4e+38 -3.4e+38 -3.4e+38 -3.4e+38 -3.4e+38 -3.4e+38 -3.4e+38 -3.4e+38 -3.4e+38 -3.4e+38 -3.4e+38 -3.4e+38 -3.4e+38 -3.4e+38 298.442413330078 298.784149169922 -3.4e+38 298.980316162109 298.923095703125 298.906066894531 299.017578125 299.284545898438 299.278442382812 298.95556640625 298.87158203125 298.855072021484 299.428283691406 299.430999755859 299.249572753906 299.228759765625 299.005920410156 298.933227539062 299.137390136719 299.235992431641 299.388946533203 299.273223876953 299.037719726562 299.021606445312 298.497955322266 298.152801513672 298.364105224609 298.854156494141 298.953125 299.374847412109 299.207183837891 299.298126220703
-3.4e+38 -3.4e+38 -3.4e+38 -3.4e+38 -3.4e+38 -3.4e+38 -3.4e+38 -3.4e+38 -3.4e+38 -3.4e+38 -3.4e+38 -3.4e+38 -3.4e+38 -3.4e+38 -3.4e+38 -3.4e+38 -3.4e+38 -3.4e+38 298.937866210938 298.9912109375 299.045349121094 299.082611083984 299.181945800781 299.376647949219 299.381744384766 299.214721679688 298.879730224609 298.951599121094 298.946228027344 299.229278564453 299.338104248047 299.122741699219 298.990631103516 298.375793457031 298.450500488281 298.985626220703 298.661285400391 299.244140625 299.025360107422 298.350616455078 299.103149414062 299.139068603516 298.954864501953 298.505920410156 298.829132080078 299.257019042969 299.41162109375 299.281555175781 299.073211669922
-3.4e+38 -3.4e+38 -3.4e+38 -3.4e+38 -3.4e+38 -3.4e+38 -3.4e+38 -3.4e+38 -3.4e+38 -3.4e+38 -3.4e+38 -3.4e+38 -3.4e+38 -3.4e+38 -3.4e+38 -3.4e+38 -3.4e+38 -3.4e+38 299.050628662109 299.043823242188 299.069458007812 299.061187744141 299.092956542969 299.346069335938 298.5986328125 -3.4e+38 298.946441650391 298.981781005859 298.972381591797 299.214050292969 -3.4e+38 298.877502441406 298.906921386719 297.984222412109 297.989440917969 298.407806396484 298.360687255859 298.613677978516 298.941375732422 298.110473632812 -3.4e+38 -3.4e+38 -3.4e+38 298.817138671875 299.03125 299.400848388672 299.160614013672 298.513885498047 298.657379150391
-3.4e+38 -3.4e+38 -3.4e+38 -3.4e+38 -3.4e+38 -3.4e+38 -3.4e+38 -3.4e+38 -3.4e+38 -3.4e+38 -3.4e+38 -3.4e+38 -3.4e+38 -3.4e+38 -3.4e+38 -3.4e+38 -3.4e+38 -3.4e+38 -3.4e+38 299.060485839844 299.047943115234 299.035400390625 299.131103515625 299.110015869141 298.884796142578 298.821044921875 298.961700439453 298.525024414062 299.029724121094 298.705169677734 298.233581542969 298.161987304688 298.309844970703 298.107482910156 298.087463378906 297.849517822266 298.105346679688 297.879516601562 298.411804199219 298.136047363281 -3.4e+38 -3.4e+38 298.91943359375 299.017486572266 299.063446044922 299.162475585938 299.023040771484 298.346282958984 298.081359863281
-3.4e+38 -3.4e+38 -3.4e+38 -3.4e+38 -3.4e+38 -3.4e+38 -3.4e+38 -3.4e+38 -3.4e+38 -3.4e+38 -3.4e+38 -3.4e+38 -3.4e+38 -3.4e+38 -3.4e+38 -3.4e+38 -3.4e+38 -3.4e+38 299.046081542969 299.034454345703 299.022064208984 299.118011474609 299.160064697266 299.106201171875 -3.4e+38 298.808380126953 298.937225341797 298.745147705078 299.178253173828 298.876342773438 297.769500732422 297.867614746094 298.132476806641 298.291442871094 298.504211425781 297.679138183594 297.863433837891 297.859161376953 298.119689941406 298.332244873047 -3.4e+38 -3.4e+38 298.898498535156 299.052093505859 299.04052734375 299.017730712891 298.462738037109 298.067687988281 297.943786621094
-3.4e+38 -3.4e+38 -3.4e+38 -3.4e+38 -3.4e+38 -3.4e+38 -3.4e+38 -3.4e+38 -3.4e+38 -3.4e+38 -3.4e+38 -3.4e+38 -3.4e+38 -3.4e+38 -3.4e+38 -3.4e+38 -3.4e+38 -3.4e+38 298.912414550781 298.997741699219 298.996215820312 299.137023925781 299.138488769531 -3.4e+38 298.842071533203 298.880920410156 298.920043945312 299.12939453125 299.226715087891 298.829956054688 298.509918212891 298.643005371094 298.297515869141 298.214996337891 298.195861816406 297.648071289062 297.898223876953 298.055389404297 298.099975585938 298.198608398438 -3.4e+38 298.833862304688 298.986267089844 299.030731201172 299.015289306641 298.780609130859 298.372497558594 298.031341552734 297.881256103516
-3.4e+38 -3.4e+38 -3.4e+38 -3.4e+38 -3.4e+38 -3.4e+38 -3.4e+38 -3.4e+38 -3.4e+38 -3.4e+38 -3.4e+38 -3.4e+38 -3.4e+38 -3.4e+38 -3.4e+38 -3.4e+38 -3.4e+38 -3.4e+38 298.907897949219 298.544158935547 298.930877685547 299.111846923828 299.004211425781 -3.4e+38 -3.4e+38 298.907196044922 298.242736816406 298.506164550781 298.405517578125 298.241912841797 298.154968261719 298.523345947266 298.872161865234 298.818145751953 297.868041992188 298.390411376953 298.605163574219 298.206420898438 298.522125244141 298.401000976562 298.610992431641 299.029968261719 299.020751953125 299.009460449219 298.991485595703 298.644409179688 298.254913330078 298.13134765625 298.118621826172
-3.4e+38 -3.4e+38 -3.4e+38 -3.4e+38 -3.4e+38 -3.4e+38 -3.4e+38 -3.4e+38 -3.4e+38 -3.4e+38 -3.4e+38 -3.4e+38 -3.4e+38 -3.4e+38 -3.4e+38 -3.4e+38 -3.4e+38 -3.4e+38 -3.4e+38 298.237854003906 299.098815917969 298.451141357422 298.772491455078 298.855133056641 298.238555908203 298.295806884766 298.007293701172 298.074096679688 297.800018310547 298.537689208984 297.842834472656 298.176391601562 298.435485839844 299.095886230469 298.349853515625 298.749145507812 298.799072265625 -3.4e+38 298.944702148438 298.767303466797 298.034271240234 299.068542480469 299.21630859375 298.9921875 299.181488037109 298.507965087891 297.910797119141 298.116729736328 298.2587890625
-3.4e+38 -3.4e+38 -3.4e+38 -3.4e+38 -3.4e+38 -3.4e+38 -3.4e+38 -3.4e+38 -3.4e+38 -3.4e+38 -3.4e+38 -3.4e+38 -3.4e+38 -3.4e+38 -3.4e+38 -3.4e+38 -3.4e+38 -3.4e+38 298.419799804688 298.344970703125 298.633880615234 298.663024902344 298.832763671875 298.771392822266 298.037506103516 298.134033203125 298.022216796875 298.004211425781 297.565185546875 298.100891113281 298.683990478516 298.131408691406 297.991302490234 298.069305419922 298.568664550781 298.731506347656 -3.4e+38 -3.4e+38 299.033599853516 298.744537353516 298.398498535156 298.336730957031 299.093170166016 299.186462402344 299.157836914062 298.220916748047 297.989166259766 298.096588134766 298.233520507812
