rcp4.5models/CNRM_CM5/sc1gr10.22
NCOLS 261 
NROWS 433 
XLLCORNER 336357.134 
YLLCORNER 654653.479 
CELLSIZE 1000 
NODATA_value -3.4e+38 
[rows 264 to 285 of 433, columns 49 to 97 of 261]
144.542633056641 145.17268371582 145.60302734375 145.895370483398 146.445510864258 147.027694702148 147.445495605469 148.827270507812 149.483276367188 150.229782104492 151.165908813477 151.884857177734 152.614501953125 153.684295654297 154.868041992188 156.002426147461 157.156051635742 158.202346801758 160.768020629883 161.950454711914 162.620132446289 163.643249511719 164.970794677734 166.398498535156 167.58561706543 168.847686767578 169.951675415039 170.626495361328 171.443984985352 173.869140625 175.100769042969 176.408721923828 177.53157043457 178.439376831055 179.426162719727 180.397399902344 182.042572021484 183.733810424805 184.8564453125 186.11572265625 187.416641235352 190.389343261719 192.11799621582 194.203964233398 195.647644042969 196.943283081055 200.307174682617 202.860229492188 205.061996459961
144.670562744141 145.234329223633 145.897491455078 146.343673706055 146.912887573242 147.178466796875 147.603042602539 149.348419189453 149.745758056641 150.198852539062 151.208648681641 152.174133300781 153.178359985352 154.05598449707 154.770935058594 155.918792724609 157.078430175781 158.152267456055 161.247817993164 162.411560058594 163.130386352539 164.163452148438 165.406784057617 166.699325561523 167.904067993164 169.132965087891 170.212219238281 171.004776000977 171.701431274414 174.156448364258 175.019805908203 176.238906860352 177.523956298828 178.750503540039 179.791854858398 180.850784301758 182.278244018555 183.627075195312 184.603164672852 185.787902832031 187.420425415039 189.93180847168 191.613662719727 193.691772460938 195.374404907227 197.061508178711 199.698684692383 202.005142211914 206.65266418457
144.938461303711 145.571533203125 146.191635131836 146.788208007812 147.147720336914 147.618560791016 148.26611328125 150.010971069336 150.895370483398 151.765182495117 152.352722167969 152.465560913086 153.370361328125 154.156402587891 155.067520141602 155.914459228516 157.067687988281 158.48551940918 161.326843261719 162.389556884766 163.401641845703 164.755737304688 165.853012084961 166.992492675781 168.695877075195 169.901062011719 170.893081665039 171.617080688477 172.329177856445 174.575424194336 175.685440063477 176.523544311523 177.468795776367 178.726364135742 180.034027099609 181.140975952148 181.821380615234 182.796508789062 183.991897583008 185.2900390625 186.817733764648 189.754730224609 191.157241821289 192.965347290039 195.97575378418 199.462142944336 200.222244262695 200.533905029297 216.680313110352
145.356918334961 145.766372680664 146.318450927734 146.969711303711 147.403625488281 147.90478515625 148.26953125 150.104293823242 150.819976806641 151.805236816406 152.938919067383 153.175201416016 154.144165039062 154.831069946289 155.484832763672 156.317245483398 157.113342285156 158.60270690918 161.265640258789 162.346878051758 163.612319946289 165.218811035156 166.276565551758 167.263549804688 168.790328979492 170.089614868164 171.022674560547 171.674865722656 172.684204101562 174.546310424805 175.841491699219 176.806747436523 177.553146362305 178.674057006836 179.897674560547 180.982482910156 181.739440917969 182.755584716797 183.931228637695 185.105484008789 186.457321166992 189.3388671875 190.818313598633 192.632247924805 194.624618530273 196.899002075195 198.316665649414 199.935943603516 211.517807006836
145.384826660156 145.651397705078 146.289291381836 147.226623535156 147.838516235352 148.035797119141 148.261337280273 150.589492797852 150.878295898438 151.575637817383 152.651336669922 153.4775390625 154.673782348633 155.690124511719 156.262680053711 156.797622680664 157.649551391602 158.836730957031 161.276306152344 162.592178344727 164.138473510742 165.434371948242 166.441986083984 167.428009033203 168.964233398438 170.513000488281 171.128341674805 171.786773681641 173.019241333008 174.790481567383 175.840576171875 177.265548706055 178.071044921875 178.567565917969 179.768707275391 180.849273681641 181.768692016602 182.761184692383 183.942672729492 185.140335083008 186.462203979492 189.016326904297 190.313613891602 192.027008056641 193.725158691406 195.48323059082 197.439208984375 200.118453979492 220.750183105469
145.367813110352 145.816070556641 146.578018188477 147.3359375 147.962768554688 148.031097412109 148.411560058594 150.657943725586 151.00537109375 151.737930297852 152.447402954102 153.43896484375 154.599822998047 155.817276000977 156.794158935547 157.411087036133 158.077545166016 159.075317382812 161.589111328125 163.132843017578 164.413223266602 165.422988891602 166.402847290039 167.484649658203 169.104721069336 170.463394165039 170.861373901367 171.866760253906 173.13737487793 175.062896728516 175.856918334961 177.199371337891 177.921051025391 178.587356567383 179.850341796875 180.994888305664 181.883239746094 182.665573120117 183.909378051758 185.192687988281 186.444351196289 189.236541748047 190.632049560547 191.847015380859 193.8134765625 195.875930786133 197.787567138672 199.310241699219 216.53483581543
145.317092895508 145.897109985352 146.605026245117 147.213775634766 147.815078735352 148.049468994141 148.619064331055 150.536560058594 150.843658447266 151.572662353516 152.458374023438 153.394348144531 154.586929321289 155.833099365234 157.057266235352 158.303497314453 158.99137878418 159.290893554688 162.165328979492 163.47770690918 164.484878540039 165.410446166992 166.47509765625 167.559906005859 169.111785888672 170.298110961914 170.784164428711 171.955871582031 173.251220703125 175.117385864258 175.865417480469 176.910629272461 177.62223815918 178.715026855469 179.921157836914 181.070983886719 181.913604736328 182.612731933594 183.841445922852 185.101699829102 186.336639404297 189.504547119141 191.491638183594 192.564346313477 194.318511962891 196.10612487793 197.221969604492 198.097564697266 209.278396606445
145.104537963867 145.670852661133 146.510223388672 147.204299926758 147.710266113281 148.179214477539 149.049789428711 150.565612792969 150.979537963867 151.73193359375 152.579788208008 153.590057373047 154.731658935547 155.898498535156 157.152328491211 158.755218505859 160.138458251953 160.460662841797 162.493591308594 163.609588623047 164.603012084961 165.581909179688 166.49446105957 167.607559204102 168.949905395508 170.063339233398 170.928985595703 172.10986328125 173.343276977539 175.254852294922 175.963928222656 176.980926513672 177.821319580078 178.886566162109 179.817459106445 180.829986572266 181.99365234375 182.703430175781 183.896377563477 185.100448608398 186.329147338867 189.071380615234 191.195587158203 192.496688842773 193.769088745117 195.029144287109 196.214141845703 197.890563964844 206.170196533203
145.215621948242 145.84326171875 146.361785888672 146.998947143555 147.623504638672 148.238510131836 149.16145324707 150.468048095703 151.095718383789 152.155151367188 153.194213867188 154.120269775391 154.885467529297 155.968612670898 157.220855712891 158.800842285156 160.728256225586 161.765686035156 162.645263671875 163.605056762695 164.692245483398 165.826934814453 166.706008911133 167.737213134766 168.888473510742 169.945007324219 171.08512878418 172.318328857422 173.441268920898 175.43034362793 176.06201171875 177.133102416992 178.863510131836 180.322937011719 181.24104309082 182.698043823242 182.052017211914 182.955841064453 184.431427001953 185.664459228516 186.709274291992 188.568481445312 190.721069335938 192.371246337891 193.091918945312 194.62939453125 196.00114440918 197.38215637207 203.531524658203
145.685302734375 146.119125366211 146.317352294922 146.835494995117 147.565307617188 148.263092041016 149.045013427734 150.257278442383 151.268325805664 152.415267944336 153.340896606445 154.082275390625 154.945465087891 156.043426513672 157.555923461914 159.028991699219 160.925476074219 162.869598388672 162.899154663086 163.442611694336 164.86589050293 165.953079223633 166.89436340332 167.820510864258 168.911010742188 170.052276611328 171.294723510742 172.56999206543 173.731460571289 175.57275390625 176.210632324219 177.194381713867 179.669586181641 181.682891845703 181.537002563477 182.934173583984 181.88786315918 183.148544311523 184.834182739258 186.060501098633 186.984100341797 189.078262329102 190.460571289062 191.994201660156 193.085586547852 194.862899780273 196.226745605469 197.273010253906 201.876602172852
145.819778442383 146.452758789062 146.994995117188 147.300033569336 147.934661865234 148.751556396484 149.510986328125 150.750366210938 151.68000793457 152.599304199219 153.591918945312 154.272552490234 155.087097167969 156.237106323242 157.526306152344 159.108978271484 160.630752563477 161.777694702148 162.96125793457 163.73420715332 165.055358886719 166.095123291016 167.03434753418 168.054672241211 169.113815307617 170.276107788086 171.500930786133 172.764541625977 174.05322265625 175.721710205078 176.441360473633 177.442245483398 179.308609008789 180.907272338867 180.611526489258 181.374877929688 181.824401855469 183.220169067383 184.910400390625 186.134338378906 187.085891723633 188.925140380859 189.604629516602 191.33235168457 193.026062011719 194.719497680664 196.413833618164 197.643310546875 199.474060058594
145.94303894043 146.761871337891 147.291381835938 147.821319580078 148.859512329102 149.812042236328 150.248764038086 151.180938720703 151.985412597656 152.720275878906 153.842346191406 154.78938293457 155.823715209961 156.796783447266 157.512847900391 158.735595703125 160.292770385742 161.828887939453 162.864364624023 164.065887451172 165.23747253418 166.26708984375 167.205154418945 168.207550048828 169.284744262695 170.425720214844 171.637893676758 172.812438964844 174.049591064453 175.838714599609 176.691513061523 177.821578979492 178.763107299805 179.499389648438 180.551940917969 181.6650390625 181.879241943359 183.283782958984 184.990112304688 186.237182617188 187.16162109375 188.078262329102 189.157806396484 190.912780761719 192.753021240234 194.802520751953 196.062606811523 197.767166137695 199.893508911133
146.329650878906 146.881317138672 147.477569580078 148.213439941406 148.893096923828 149.471801757812 149.954452514648 151.555114746094 152.305801391602 152.976776123047 153.876495361328 155.166091918945 156.338104248047 157.039337158203 157.602478027344 159.018981933594 160.709823608398 161.911392211914 162.625610351562 164.232650756836 165.493026733398 166.453109741211 167.366714477539 168.443405151367 169.616729736328 170.650131225586 171.775741577148 172.977508544922 174.094223022461 176.080307006836 177.31266784668 178.524948120117 178.850601196289 179.522506713867 181.043792724609 183.914657592773 184.215545654297 183.268463134766 185.098770141602 186.323944091797 187.403182983398 188.294418334961 189.436248779297 191.392684936523 193.122344970703 195.175170898438 196.468002319336 198.376876831055 200.511093139648
146.520294189453 147.051528930664 147.730484008789 148.261245727539 148.701385498047 149.329055786133 149.960220336914 151.399185180664 152.440155029297 153.183441162109 153.990142822266 155.300857543945 156.265930175781 156.881301879883 157.763137817383 159.067642211914 160.412124633789 161.34880065918 163.018905639648 164.771759033203 166.240127563477 166.941497802734 167.480514526367 168.585830688477 169.78515625 170.879135131836 172.016494750977 173.320663452148 174.425231933594 176.337844848633 177.410659790039 178.542205810547 179.103103637695 180.077209472656 181.35774230957 183.476593017578 184.217987060547 183.82991027832 185.510238647461 186.828964233398 187.717697143555 188.356201171875 189.954330444336 192.117797851562 193.853164672852 195.595397949219 197.349060058594 198.93083190918 200.448471069336
147.362350463867 147.732498168945 148.242965698242 148.821105957031 149.374069213867 149.907379150391 150.530792236328 152.137222290039 153.021820068359 153.715591430664 154.804214477539 156.018447875977 156.917816162109 157.545669555664 158.088226318359 159.203399658203 160.327545166016 161.407775878906 163.948684692383 164.837112426758 166.060806274414 167.310302734375 168.98893737793 170.490753173828 171.155227661133 172.114486694336 173.207290649414 174.391265869141 175.514419555664 177.085906982422 177.987518310547 178.99006652832 180.176055908203 181.086303710938 182.2373046875 183.38200378418 184.215103149414 185.091018676758 186.463790893555 187.46940612793 188.330780029297 189.427917480469 190.841567993164 193.662155151367 194.948760986328 196.183654785156 197.89665222168 199.190872192383 200.482559204102
147.807266235352 148.21403503418 148.670318603516 149.126541137695 149.556655883789 150.30744934082 151.173965454102 152.07209777832 152.926361083984 153.596145629883 154.741806030273 156.131713867188 156.8408203125 157.586212158203 158.478332519531 159.962173461914 160.908294677734 161.964996337891 164.633834838867 165.527526855469 166.670455932617 167.875259399414 169.738204956055 171.322082519531 171.857467651367 172.418075561523 173.464416503906 174.662261962891 175.855834960938 177.800903320312 178.752990722656 179.808090209961 180.619155883789 181.202972412109 182.299102783203 183.260299682617 183.962631225586 185.17204284668 186.658828735352 187.810409545898 188.078475952148 188.171951293945 189.907760620117 192.304672241211 193.286499023438 195.119888305664 198.548370361328 199.692794799805 200.491317749023
148.004440307617 148.465667724609 149.021026611328 149.711090087891 150.213790893555 151.047332763672 151.680877685547 152.335388183594 153.142227172852 153.884567260742 155.065536499023 156.19221496582 156.930038452148 157.880798339844 159.087203979492 161.071472167969 162.203857421875 162.818115234375 165.115753173828 166.163208007812 167.212814331055 168.553497314453 170.160400390625 171.634246826172 172.626159667969 173.305297851562 174.276092529297 175.397354125977 176.515228271484 178.48957824707 179.566513061523 180.459091186523 180.975891113281 180.971862792969 181.633178710938 182.286819458008 182.881103515625 184.591247558594 186.676467895508 187.736770629883 187.471313476562 187.606735229492 189.020004272461 190.483535766602 192.560119628906 194.764190673828 198.440032958984 200.055892944336 200.761322021484
148.42268371582 148.865844726562 149.423828125 150.061996459961 150.556747436523 151.42170715332 152.064010620117 152.9326171875 153.760101318359 154.487731933594 155.360214233398 156.236038208008 157.144012451172 158.619293212891 159.909439086914 161.637191772461 162.972473144531 163.385452270508 165.865570068359 166.997314453125 167.985260009766 169.196578979492 170.517425537109 171.746063232422 172.889556884766 174.197769165039 175.318389892578 175.995651245117 177.100784301758 179.159469604492 180.235214233398 180.843139648438 181.207641601562 181.299087524414 181.587814331055 182.293899536133 183.214157104492 185.046493530273 186.850860595703 188.335586547852 188.604293823242 187.242416381836 188.576599121094 189.966552734375 192.715225219727 194.652435302734 197.570358276367 200.233901977539 201.062744140625
149.045883178711 149.472686767578 149.522750854492 150.344009399414 151.137008666992 151.747680664062 152.293838500977 153.796310424805 154.361068725586 154.881408691406 155.54914855957 156.657302856445 158.434677124023 160.875427246094 161.969802856445 162.316558837891 163.186721801758 164.062255859375 166.689010620117 167.69612121582 169.363571166992 170.520919799805 171.207336425781 172.287933349609 173.71435546875 175.243118286133 176.002868652344 176.761520385742 177.889419555664 180.228469848633 181.19270324707 181.638748168945 182.37336730957 182.677703857422 182.401229858398 182.785934448242 183.725051879883 185.123153686523 186.882263183594 188.642272949219 189.193634033203 188.890869140625 190.519256591797 189.640975952148 191.871078491211 194.421493530273 197.801406860352 200.679794311523 200.812194824219
149.69352722168 150.169998168945 150.071670532227 150.794891357422 151.689010620117 152.367218017578 152.853713989258 154.53759765625 154.977905273438 155.696594238281 156.10514831543 156.994567871094 158.984069824219 161.500335693359 162.776260375977 162.961776733398 163.627075195312 164.684310913086 167.592956542969 169.269760131836 170.866409301758 171.680084228516 172.161727905273 173.063201904297 174.806335449219 176.129257202148 176.895889282227 177.90950012207 178.938217163086 180.872116088867 181.751693725586 182.398193359375 183.531982421875 184.091384887695 183.842147827148 183.387466430664 184.024780273438 184.91845703125 186.829223632812 187.643432617188 186.574203491211 189.885345458984 193.646453857422 192.800872802734 193.003799438477 195.181549072266 198.944610595703 200.52392578125 200.734466552734
150.310302734375 150.698287963867 150.883117675781 151.372848510742 152.019439697266 152.703475952148 153.213821411133 154.674209594727 155.524948120117 156.630294799805 157.613418579102 157.78938293457 158.839721679688 160.982803344727 162.405136108398 163.321990966797 164.209320068359 165.307983398438 168.091567993164 170.299743652344 171.513198852539 172.013946533203 172.832229614258 174.117797851562 175.569519042969 176.630706787109 177.950576782227 178.756942749023 179.609176635742 181.454559326172 182.1640625 183.326156616211 184.720947265625 185.427520751953 185.438842773438 185.405700683594 186.582122802734 186.255889892578 185.386947631836 185.476959228516 184.988006591797 192.268615722656 195.845672607422 195.859222412109 195.907958984375 196.512313842773 199.339965820312 199.828353881836 200.726898193359
151.015563964844 151.345626831055 151.718551635742 152.172576904297 152.632888793945 153.191314697266 153.659042358398 155.314727783203 156.595062255859 157.966644287109 159.015625 159.139038085938 159.624740600586 163.071243286133 167.201141357422 166.72314453125 165.707641601562 166.658920288086 168.779754638672 171.155853271484 172.496734619141 172.708679199219 173.802307128906 175.160369873047 176.511428833008 177.631942749023 178.840347290039 179.850830078125 180.531158447266 182.489273071289 183.233505249023 184.626327514648 185.857315063477 186.32763671875 186.190124511719 185.839141845703 186.326324462891 187.532913208008 186.740188598633 184.696090698242 185.796920776367 190.631637573242 192.536117553711 193.773590087891 195.384979248047 197.749267578125 200.154266357422 200.321899414062 201.534164428711
