rcp4.5models/CNRM_CM5/sc1gr0.24
NCOLS 261 
NROWS 433 
XLLCORNER 336357.134 
YLLCORNER 654653.479 
CELLSIZE 1000 
NODATA_value -3.4e+38 
[rows 396 to 417 of 433, columns 98 to 146 of 261]
62.6845474243164 61.7206192016602 62.3822212219238 63.9271621704102 64.3920516967773 64.0261077880859 63.5373001098633 63.8639221191406 63.8220291137695 63.4148139953613 63.5950355529785 64.2749176025391 65.1217193603516 66.2938919067383 67.8228759765625 67.5700836181641 67.7337493896484 67.6700592041016 66.8002624511719 66.2325286865234 66.4645919799805 66.8035049438477 67.1154479980469 67.7743225097656 69.7344589233398 72.3883819580078 68.5321044921875 66.3894195556641 66.1567153930664 66.2185974121094 66.2323379516602 66.2382888793945 66.448616027832 66.5296478271484 66.5458755493164 66.5931701660156 66.7483444213867 66.8527526855469 66.9980163574219 67.0378189086914 67.3032302856445 67.4914855957031 67.3256072998047 67.1772994995117 67.147102355957 67.1576766967773 67.2071151733398 67.137077331543 67.0109176635742
63.2037582397461 61.9659729003906 61.7725601196289 62.724250793457 63.6387672424316 63.9203186035156 63.5955123901367 63.8138771057129 63.7440338134766 63.0620498657227 63.2476997375488 64.1717376708984 64.9689331054688 65.6272125244141 67.2274017333984 67.4955596923828 66.8991851806641 66.2777404785156 65.6947937011719 65.6180419921875 66.3872680664062 66.7744293212891 66.9470977783203 68.3075866699219 70.7284927368164 71.5062484741211 66.6611328125 65.9234771728516 66.0018692016602 66.0151748657227 65.9876174926758 65.9189910888672 65.9563522338867 66.1200485229492 66.2374496459961 66.2473373413086 66.4881591796875 66.7585525512695 66.9140777587891 66.8112106323242 66.7049331665039 66.8314743041992 66.907096862793 66.9661636352539 66.9009017944336 66.8526763916016 67.0697479248047 67.0668411254883 66.9003829956055
63.1002502441406 61.8571472167969 61.173957824707 61.8480949401855 63.1237640380859 63.6654090881348 63.4094848632812 62.9053573608398 62.4419097900391 62.2359085083008 62.6933708190918 63.9524803161621 64.8796997070312 65.0680313110352 66.0653228759766 65.854133605957 65.1631011962891 65.0626678466797 65.0715408325195 65.3099517822266 66.2659683227539 66.6084899902344 66.9713745117188 68.6925201416016 70.332145690918 69.2744293212891 65.4312896728516 65.6431655883789 65.790283203125 65.8178558349609 65.9100036621094 65.8036041259766 65.6414489746094 65.9393463134766 66.1266326904297 65.8350372314453 66.050666809082 66.4983139038086 66.7115631103516 66.6547698974609 66.4251480102539 66.3801574707031 66.5244140625 66.6821136474609 66.6167831420898 66.5341720581055 66.6534042358398 66.6094207763672 66.3921203613281
63.042854309082 62.3706092834473 61.7660217285156 61.383918762207 62.2515182495117 62.8508605957031 62.8008995056152 61.9949569702148 61.5191383361816 61.6030311584473 61.9146156311035 63.1089973449707 64.3658142089844 64.6764068603516 64.4529647827148 64.4201507568359 64.4225997924805 64.4125289916992 64.5247344970703 65.5656890869141 66.6664657592773 66.566032409668 67.2191467285156 68.7201538085938 68.7067031860352 66.6205673217773 65.1418304443359 65.4960250854492 65.5228729248047 65.6464233398438 66.0225372314453 65.8358535766602 65.3781204223633 -3.4e+38 65.6841049194336 65.4964065551758 65.5112838745117 65.8345489501953 66.1655044555664 66.3262252807617 66.2487487792969 66.0585021972656 66.0820159912109 66.2303237915039 66.4198837280273 66.576301574707 66.1163940429688 65.9924240112305 65.8716888427734
63.1712951660156 63.073974609375 62.7643699645996 60.9328346252441 61.1812133789062 61.6701011657715 61.9062347412109 61.3820533752441 61.2658882141113 61.7900428771973 61.8497047424316 62.2287788391113 63.4049873352051 63.9202346801758 63.4213600158691 63.559986114502 63.497688293457 63.7103118896484 64.8191986083984 66.3333511352539 66.9395370483398 67.1936111450195 68.7554397583008 69.6746368408203 67.7815170288086 65.2179260253906 64.4874801635742 64.8345565795898 64.9744338989258 65.4650421142578 65.9737167358398 65.6611251831055 64.9992980957031 64.9690628051758 -3.4e+38 65.0161285400391 65.1501617431641 65.5204391479492 65.818733215332 65.9061279296875 65.9603500366211 65.8167343139648 65.7368240356445 65.7202835083008 66.2062683105469 66.5744247436523 65.7044219970703 65.6288299560547 65.4236297607422
62.3127708435059 62.7171478271484 63.0818290710449 61.052604675293 60.7121238708496 60.8273887634277 60.9982757568359 60.7135391235352 60.7291030883789 61.6108856201172 61.9048843383789 61.8064422607422 62.5496139526367 63.429069519043 63.1464347839355 63.3797378540039 63.8247375488281 64.8187561035156 66.0759506225586 66.4725723266602 66.4040145874023 67.6004638671875 69.7466125488281 69.5888824462891 66.568603515625 64.4880752563477 64.3540191650391 64.4053344726562 64.3898468017578 64.9322280883789 65.2699584960938 64.8386688232422 64.5956573486328 64.8473358154297 64.9511947631836 64.7390441894531 64.6962738037109 65.1545715332031 65.2974395751953 65.3327713012695 65.4214248657227 65.4123458862305 65.3525009155273 65.2691497802734 65.5485076904297 65.7343215942383 65.3833694458008 65.3502960205078 65.0984649658203
61.486083984375 62.5214881896973 62.7641220092773 61.0487747192383 60.3835639953613 60.3459510803223 60.4348182678223 60.428840637207 60.6896171569824 61.166576385498 61.2777862548828 61.463924407959 61.9776382446289 62.7726974487305 63.8741569519043 64.6201324462891 64.7877197265625 65.395393371582 65.9844131469727 65.8333969116211 65.9667282104492 67.3352890014648 68.4689636230469 67.3326187133789 64.8267593383789 63.713623046875 64.2624740600586 64.2807846069336 64.2249755859375 64.2609710693359 64.3131713867188 64.1272506713867 64.3141784667969 64.6855316162109 64.8096160888672 64.5217971801758 64.4287643432617 64.5874557495117 64.732048034668 64.8240127563477 64.8877868652344 64.9130020141602 64.8680419921875 64.8368606567383 64.9091033935547 64.9002990722656 65.0570907592773 65.0241394042969 64.8881988525391
60.9980545043945 62.0092353820801 61.9090309143066 60.3878555297852 59.833381652832 59.7850227355957 59.9340057373047 60.235107421875 61.0199241638184 61.6288681030273 61.3498344421387 61.6167411804199 62.4365539550781 63.2651977539062 64.9381713867188 65.0802307128906 64.6248550415039 64.5175247192383 64.9442672729492 65.5383834838867 66.0723114013672 66.6793060302734 66.4722366333008 64.894401550293 63.3966941833496 63.4552955627441 63.9776191711426 64.097541809082 64.0076751708984 63.8471221923828 63.8031578063965 63.8737907409668 63.9639625549316 64.1697616577148 64.2905197143555 64.2070922851562 64.2320327758789 64.2104949951172 64.4165954589844 64.424201965332 64.4390411376953 64.4635162353516 64.4511108398438 64.4347991943359 64.491325378418 64.4975433349609 64.5736312866211 64.6185684204102 64.6775131225586
60.3326454162598 60.5668029785156 61.0049591064453 60.353141784668 59.6834564208984 59.3784103393555 59.4715538024902 59.8014984130859 60.7684478759766 62.1406135559082 62.5928421020508 62.5354270935059 63.0834884643555 64.0671157836914 65.0666732788086 64.7780532836914 64.9287872314453 65.1452255249023 64.6545562744141 64.7962036132812 65.5504989624023 65.5300827026367 64.9690856933594 63.8458099365234 62.9065628051758 63.3063278198242 63.9756278991699 64.2929534912109 63.9337120056152 63.5953254699707 63.6035537719727 63.6162910461426 63.5764579772949 63.6661262512207 63.7357635498047 63.8886871337891 63.8423500061035 63.8014755249023 63.9051666259766 63.9530372619629 64.0244979858398 64.0458526611328 64.0456619262695 64.1338958740234 64.2135238647461 64.1959457397461 64.1356735229492 64.2406234741211 64.3898544311523
59.5024528503418 59.2304611206055 59.7461624145508 60.0314025878906 59.3496894836426 59.0372467041016 59.1689300537109 59.3818778991699 59.9723091125488 61.1859664916992 62.1058044433594 62.7041358947754 63.7318420410156 64.658317565918 65.3210525512695 65.4213638305664 65.5979309082031 65.733528137207 64.7500610351562 63.6686401367188 64.0238037109375 64.0361785888672 63.2796478271484 62.8052291870117 62.7319831848145 63.1267623901367 63.7671585083008 64.176139831543 63.818187713623 63.3776206970215 63.2845191955566 63.165355682373 63.2353858947754 63.3479614257812 63.3074798583984 63.3733901977539 63.4124374389648 63.496223449707 63.4727973937988 63.5794868469238 63.7346420288086 63.7352409362793 63.6874694824219 63.8174743652344 63.8337326049805 63.8379783630371 63.8343505859375 63.8805274963379 63.9986305236816
59.0514869689941 58.7095184326172 58.3113174438477 59.4197807312012 59.4029273986816 59.3531150817871 59.0756034851074 58.9112167358398 59.012939453125 59.2985420227051 59.7929000854492 60.4249839782715 60.6994934082031 60.7559623718262 61.2981796264648 61.7079391479492 61.7699203491211 61.7167854309082 61.5730361938477 61.0318450927734 60.9858627319336 61.0922317504883 61.2541351318359 61.648853302002 61.9674644470215 62.2739677429199 62.9189300537109 63.4065475463867 63.2321701049805 62.6892204284668 62.5078964233398 62.4762916564941 62.7198486328125 62.9127349853516 62.8271713256836 62.6848983764648 62.769229888916 62.8848419189453 62.9188117980957 62.9252891540527 62.9903373718262 63.0666046142578 63.1118545532227 63.2003021240234 63.2462882995605 63.177417755127 63.1332473754883 63.1471328735352 63.4185409545898
57.9896125793457 57.9404945373535 58.4812240600586 59.2197608947754 60.4321632385254 60.2147064208984 58.8897094726562 58.5104866027832 58.5574798583984 58.910083770752 59.2050895690918 59.5785713195801 59.9821624755859 60.2995719909668 60.1129722595215 60.1271629333496 60.3529090881348 60.7408561706543 60.7022399902344 60.6381797790527 60.8451118469238 60.8296394348145 60.9394912719727 61.4793930053711 61.7838096618652 62.0033264160156 62.572395324707 62.8104248046875 62.7875366210938 62.5817031860352 62.3241233825684 62.2017784118652 62.5390586853027 62.8288192749023 62.6619186401367 62.5916442871094 62.7356262207031 62.7274856567383 62.7808227539062 62.7040977478027 62.640998840332 62.8460006713867 63.0038414001465 63.0259819030762 62.9963493347168 62.884090423584 62.8210906982422 62.7989807128906 63.1265182495117
57.4298095703125 57.0597915649414 57.8234901428223 58.3622779846191 59.3379745483398 59.1399040222168 58.2381057739258 58.2009086608887 58.1841812133789 58.4411888122559 58.8216018676758 58.9531440734863 59.1758842468262 59.73388671875 59.6755218505859 59.611270904541 59.79541015625 60.0428581237793 60.2272682189941 60.4109039306641 60.6993675231934 60.7063446044922 60.6968574523926 61.0269470214844 61.2413024902344 61.5812225341797 62.0091133117676 62.2654762268066 62.3979721069336 62.3692169189453 62.1898040771484 61.9657554626465 62.0048408508301 62.2530174255371 62.3613624572754 62.5614967346191 62.7710876464844 62.6882781982422 62.7030029296875 62.6559867858887 62.6008567810059 62.7684707641602 62.8404426574707 62.8921089172363 62.8855934143066 62.7975845336914 62.6947975158691 62.6730728149414 62.8969230651855
57.991039276123 57.001636505127 57.1472129821777 57.5471801757812 57.7704772949219 57.826961517334 57.8209571838379 57.947811126709 57.8955688476562 58.0256042480469 58.3675804138184 58.5427284240723 58.6906089782715 59.1482200622559 59.391284942627 59.3316459655762 59.5754051208496 59.7348136901855 59.939338684082 60.1862297058105 60.391975402832 60.59765625 60.6848526000977 60.6597328186035 61.1009216308594 61.6368064880371 61.6735649108887 61.9900665283203 62.1093940734863 61.8982200622559 61.7537536621094 61.6958999633789 61.6485710144043 61.8307647705078 62.0092086791992 62.271728515625 62.4107894897461 62.3989562988281 62.4563980102539 62.4076232910156 62.4839553833008 62.6801795959473 62.6393203735352 62.6228981018066 62.7076721191406 62.5943832397461 62.5120239257812 62.5244560241699 62.8184471130371
58.451042175293 56.9867362976074 56.7209358215332 57.2822723388672 57.3478965759277 57.3608703613281 57.3176460266113 57.5076065063477 57.681999206543 57.802906036377 58.1613006591797 58.5882682800293 58.7791557312012 58.9573707580566 59.2298774719238 59.3159141540527 59.4936180114746 59.4899101257324 59.6932601928711 59.9185256958008 60.0812911987305 60.6751670837402 61.1266746520996 60.9205169677734 61.2034606933594 61.7423095703125 61.6961288452148 61.7549705505371 61.5709190368652 61.3293800354004 61.228759765625 61.3210716247559 61.4761390686035 61.6619911193848 61.7425727844238 61.9840469360352 62.2314834594727 62.2062644958496 62.1460609436035 62.088077545166 62.2156753540039 62.3866653442383 62.3739700317383 62.2888412475586 62.4387092590332 62.3971672058105 62.3270454406738 62.2583465576172 62.5554733276367
57.234977722168 56.3819313049316 56.3827781677246 57.3100891113281 57.1372261047363 56.969181060791 56.8662452697754 57.2180595397949 57.5868911743164 57.6783027648926 58.082893371582 58.6497268676758 58.7752647399902 58.6884078979492 58.9027900695801 59.0461959838867 59.1843757629395 59.2858352661133 59.3634262084961 59.5035591125488 59.8761138916016 61.0630798339844 61.9845771789551 61.510669708252 61.2224349975586 61.4656677246094 61.2470092773438 61.1887435913086 61.162296295166 61.1491165161133 61.048168182373 61.0233459472656 61.1269569396973 61.2397804260254 61.3791427612305 61.6121139526367 61.8655128479004 62.0435676574707 61.9265365600586 61.9093627929688 61.9056968688965 61.9093627929688 61.9852867126465 61.9771423339844 62.2668228149414 62.3751182556152 62.2271194458008 62.0127906799316 62.1835479736328
56.0863037109375 56.2393417358398 56.7144432067871 57.6960563659668 57.1515998840332 56.8514747619629 56.8598403930664 57.0964012145996 57.2648277282715 57.2628860473633 57.6022186279297 58.0199928283691 58.2834968566895 58.4230651855469 58.7686386108398 58.8445777893066 58.8138198852539 59.0829696655273 59.2245712280273 59.362964630127 60.1481018066406 61.0542602539062 61.6389656066895 61.4672355651855 61.1616439819336 61.0642242431641 60.6749572753906 60.9611434936523 61.352970123291 61.5031089782715 61.2042427062988 61.1276397705078 61.1461067199707 60.8871726989746 61.0271148681641 61.2473487854004 61.3343620300293 61.7753410339355 61.7821044921875 61.7321853637695 61.6500587463379 61.712085723877 61.7587776184082 61.7071647644043 61.8872756958008 62.0386581420898 62.0374336242676 61.9111099243164 61.900577545166
55.9001007080078 56.2485694885254 56.9191513061523 58.1876602172852 57.7731628417969 57.2446174621582 57.0290107727051 56.9441757202148 56.9388084411621 56.9027099609375 57.2612953186035 57.6640129089355 57.8794136047363 58.0557975769043 58.6039390563965 58.6778221130371 58.5692253112793 58.7730369567871 58.9945259094238 59.2599601745605 60.0003204345703 60.2768325805664 60.5715217590332 61.0206756591797 60.9566955566406 60.6345596313477 60.3375549316406 61.0592041015625 61.7373313903809 61.7688865661621 61.6264114379883 61.6670074462891 61.4390869140625 60.7913818359375 60.7561721801758 60.9840469360352 61.0860061645508 61.4165191650391 61.5298309326172 61.6182594299316 61.5718688964844 61.6344909667969 61.6894645690918 61.6053695678711 61.509521484375 61.6037788391113 61.7456741333008 61.7470855712891 61.801570892334
55.7750205993652 56.0571746826172 56.5734558105469 58.4693298339844 58.6221008300781 57.789005279541 56.9653091430664 56.6871757507324 56.7023124694824 56.8962287902832 57.3114280700684 57.5514640808105 57.6304168701172 57.8815765380859 58.3167953491211 58.2648010253906 58.238941192627 58.3380279541016 58.5412521362305 58.9932136535645 59.4468078613281 59.7948188781738 60.1863212585449 60.6163940429688 60.7525634765625 60.3811912536621 59.9036026000977 60.4998016357422 61.0009269714355 61.2002601623535 61.4975204467773 61.4753684997559 61.1774520874023 60.6962127685547 60.6170845031738 60.7432022094727 60.9089736938477 60.951976776123 61.0602798461914 61.3000869750977 61.3490829467773 61.3117446899414 61.3876152038574 61.3774833679199 61.3012237548828 61.2874794006348 61.41357421875 61.5120887756348 61.7157669067383
56.468677520752 56.2272987365723 56.6196784973145 58.4598045349121 58.8125610351562 57.5336875915527 56.4289474487305 56.2934722900391 56.4030609130859 56.6874237060547 56.9844398498535 57.0064315795898 57.3206596374512 57.8652877807617 57.9844436645508 57.9161491394043 57.8909111022949 58.0310249328613 58.316333770752 58.7251472473145 59.0734710693359 59.4198989868164 59.730827331543 60.0142288208008 60.0865440368652 59.792854309082 59.6756858825684 59.8178672790527 59.9073791503906 60.2141151428223 60.5579299926758 60.5524291992188 60.5026550292969 60.4277687072754 60.4909439086914 60.5184516906738 60.6112594604492 60.6544189453125 60.6848602294922 60.8342208862305 60.9492797851562 60.9288330078125 60.8406410217285 60.9762916564941 61.1434173583984 61.0937309265137 61.1692008972168 61.25537109375 61.4047889709473
56.7242851257324 56.40234375 56.6100730895996 58.3372611999512 58.6301918029785 57.058177947998 55.980884552002 56.0889854431152 56.2165412902832 56.2906951904297 56.4539222717285 56.5871658325195 56.9224548339844 57.2946281433105 57.6195182800293 57.7358207702637 57.7915000915527 57.9098739624023 58.1313591003418 58.332160949707 58.637565612793 58.9257049560547 59.126594543457 59.5759506225586 59.7527351379395 59.6387023925781 59.8721199035645 59.6571617126465 59.591682434082 59.6476821899414 59.7742004394531 59.8783149719238 59.9446678161621 59.9852905273438 60.0499496459961 60.059326171875 60.1432723999023 60.3302345275879 60.3883857727051 60.4954147338867 60.6014862060547 60.6717300415039 60.6076622009277 60.7342224121094 61.0445137023926 60.9703407287598 60.9230422973633 60.9304237365723 61.1370277404785
55.6280364990234 55.7143669128418 55.6898002624512 57.1917419433594 57.5011749267578 56.6836967468262 55.9092864990234 55.9690856933594 56.1144371032715 56.0855102539062 56.2339401245117 56.4724960327148 56.6071853637695 56.8577079772949 57.3783378601074 57.5486946105957 57.628532409668 57.8078308105469 57.9044456481934 58.1067504882812 58.5158309936523 58.7412796020508 58.7346343994141 59.1972351074219 59.5433235168457 59.6310234069824 59.9084892272949 59.7425842285156 59.6279106140137 59.7231292724609 59.7182350158691 59.6989440917969 59.721019744873 59.5882606506348 59.6781196594238 59.7950477600098 59.8508682250977 60.1311798095703 60.1382675170898 60.1741485595703 60.2988090515137 60.4305877685547 60.4345016479492 60.4972648620605 60.7025985717773 60.6662979125977 60.6213684082031 60.6539459228516 60.8956680297852
