rcp4.5models/CNRM_CM5/sc1gr6.23
NCOLS 261 
NROWS 433 
XLLCORNER 336357.134 
YLLCORNER 654653.479 
CELLSIZE 1000 
NODATA_value -3.4e+38 
[rows 374 to 395 of 433, columns 98 to 146 of 261]
2596.2021484375 2596.54174804688 2575.81640625 2551.494140625 2524.55541992188 2482.81884765625 2337.2529296875 2195.3408203125 2229.17260742188 2353.11401367188 2405.59106445312 2390.125 2381.5166015625 2336.96069335938 2087.7529296875 2012.26208496094 1939.83154296875 1852.99243164062 1745.44458007812 1683.57409667969 1647.75646972656 1600.67114257812 1601.64282226562 1632.53381347656 1700.98168945312 1760.9072265625 1812.37829589844 1804.03686523438 1774.42224121094 1780.52770996094 1807.71618652344 1809.51708984375 1827.79321289062 1815.54223632812 1779.00134277344 1660.95153808594 1505.55029296875 1426.88696289062 1521.32299804688 1493.44982910156 1312.4580078125 1206.16271972656 1171.26062011719 1146.12109375 1123.35852050781 -3.4e+38 -3.4e+38 -3.4e+38 -3.4e+38
2586.73413085938 2592.47094726562 2571.20532226562 2515.08129882812 2527.25170898438 2508.58813476562 2406.84741210938 2299.94555664062 2299.357421875 2332.24487304688 2362.96899414062 2383.40380859375 2383.177734375 2344.76806640625 2034.40307617188 1829.37805175781 1748.25622558594 1656.85876464844 1580.51806640625 1554.5498046875 1549.69738769531 1532.57055664062 1530.70324707031 1569.8271484375 1649.28125 1761.38354492188 1954.56018066406 1946.38562011719 1922.0517578125 1888.45300292969 1843.42932128906 1816.24182128906 1827.33435058594 1816.58605957031 1788.93420410156 1745.28930664062 1686.06420898438 1341.60815429688 1356.08508300781 1371.13720703125 1267.73559570312 1197.96325683594 1164.29296875 1138.80456542969 1118.30749511719 1091.80541992188 1069.82348632812 -3.4e+38 -3.4e+38
2560.263671875 2536.63745117188 2532.66674804688 2501.88891601562 2511.31298828125 2506.296875 2485.32202148438 2466.97973632812 2436.15405273438 2388.9267578125 2381.49682617188 2395.54077148438 2385.40209960938 2369.14990234375 2212.52172851562 1984.40405273438 1835.5791015625 1715.67895507812 1655.3330078125 1639.39709472656 1600.42468261719 1577.13696289062 1572.25061035156 1604.8896484375 1702.58312988281 1822.58044433594 1980.59252929688 1988.05432128906 1975.39904785156 1944.75183105469 1900.01879882812 1828.71301269531 1801.08959960938 1822.65283203125 1788.91345214844 1712.29895019531 1671.68762207031 1369.49011230469 1268.43273925781 1236.95788574219 1208.95874023438 1189.4423828125 1162.79162597656 1132.95715332031 1109.72937011719 -3.4e+38 -3.4e+38 -3.4e+38 -3.4e+38
2521.19873046875 2477.64233398438 2436.93286132812 2508.87963867188 2506.69580078125 2503.8525390625 2486.625 2445.14306640625 2431.9091796875 2379.43041992188 2331.23315429688 2373.63696289062 2386.66357421875 2371.29516601562 2327.796875 2254.83715820312 2144.3291015625 2013.99353027344 1900.14208984375 1822.76550292969 1744.19641113281 1684.47570800781 1643.9326171875 1672.96520996094 1798.52795410156 1920.93188476562 2025.83972167969 1985.75085449219 1932.52978515625 1908.09814453125 1910.2333984375 1831.33752441406 1757.3115234375 1746.19519042969 1730.10290527344 1641.43200683594 1604.59045410156 1424.85424804688 1279.43408203125 1223.82653808594 1197.19323730469 1179.4794921875 1160.62414550781 1127.20056152344 1101.48461914062 1086.74780273438 1061.64111328125 1034.97778320312 1004.39453125
2537.51391601562 2481.54858398438 2419.9453125 2371.15649414062 2439.18725585938 2473.28466796875 2480.65283203125 2427.33178710938 2372.37719726562 2271.30737304688 2183.3837890625 2178.15356445312 2219.71704101562 2297.86547851562 2321.2568359375 2282.91064453125 2174.52905273438 2052.52978515625 1948.39111328125 1850.06372070312 1760.16125488281 1681.89282226562 1625.72680664062 1640.18017578125 1732.05334472656 1867.57788085938 2053.06982421875 2008.30432128906 1914.73205566406 1847.57446289062 1857.12365722656 1820.83520507812 1750.6591796875 1670.5087890625 1615.33288574219 1534.7451171875 1505.55297851562 1548.16003417969 1363.08374023438 1237.01342773438 1190.83068847656 1167.19653320312 1144.62646484375 1117.3212890625 1090.9462890625 1075.33520507812 1057.88708496094 1032.14245605469 992.924865722656
2490.9453125 2493.91943359375 2474.69409179688 2290.90893554688 2322.15258789062 2394.87573242188 2409.66430664062 2390.79443359375 2302.22924804688 2161.42553710938 2061.26806640625 1943.90795898438 1923.01257324219 1998.63671875 2059.5419921875 2053.66064453125 1915.99108886719 1798.92651367188 1760.36987304688 1723.56091308594 1675.79992675781 1636.75817871094 1613.92785644531 1609.59008789062 1633.41552734375 1724.74401855469 1925.48742675781 1903.40051269531 1943.29760742188 1875.07678222656 1787.72021484375 1753.94519042969 1731.80432128906 1669.55041503906 1567.80297851562 1449.55249023438 1408.79638671875 1569.61975097656 1448.59680175781 1264.31481933594 1189.38708496094 1158.64428710938 1128.52355957031 1105.34143066406 1082.83215332031 1059.99157714844 1044.72009277344 1025.509765625 987.705688476562
2501.912109375 2497.78051757812 2477.62426757812 2382.70532226562 2352.2490234375 2357.08471679688 2351.96606445312 2333.52099609375 2236.50756835938 2116.93041992188 2042.79174804688 1949.96533203125 1879.80737304688 1826.58508300781 1805.11950683594 1823.51171875 1741.89953613281 1667.11950683594 1658.89562988281 1660.72399902344 1658.13623046875 1647.53186035156 1627.45971679688 1610.25744628906 1607.64489746094 1633.45104980469 1726.00549316406 1770.10205078125 1933.91552734375 1948.2734375 1826.60864257812 1746.91381835938 1703.99890136719 1664.03466796875 1607.42626953125 1480.71130371094 1382.89025878906 1397.11120605469 1387.2099609375 1295.14440917969 1199.82275390625 1165.40588378906 1130.72668457031 1106.60693359375 1083.61218261719 1052.66198730469 1026.22131347656 1008.32531738281 983.847045898438
2569.8291015625 2498.43701171875 2440.07373046875 2443.13403320312 2420.76098632812 2391.80395507812 2371.93627929688 2350.77612304688 2324.07470703125 2276.09887695312 2191.86865234375 2058.30712890625 1967.73217773438 1909.35888671875 1948.37756347656 1905.98706054688 1810.37451171875 1725.97900390625 1675.63049316406 1673.53125 1684.55737304688 1664.72009277344 1640.63549804688 1613.11584472656 1581.31201171875 1585.00610351562 1583.95483398438 1683.2373046875 1850.77416992188 1909.78356933594 1881.94750976562 1838.16076660156 1750.14428710938 1673.79919433594 1638.77270507812 1568.5830078125 1490.34399414062 1364.15625 1371.54321289062 1438.91540527344 1335.33361816406 1182.07214355469 1138.56262207031 1114.19226074219 1089.69787597656 1058.49328613281 1024.78234863281 1004.33374023438 975.04541015625
2566.13330078125 2515.62573242188 2477.2958984375 2454.81787109375 2462.01831054688 2414.93212890625 2377.71728515625 2400.32470703125 2436.71875 2380.30346679688 2285.38427734375 2155.72729492188 2044.68298339844 2015.23034667969 2177.42211914062 2129.07080078125 1999.01184082031 1901.775390625 1782.91174316406 1761.29345703125 1845.78979492188 1818.55310058594 1762.5625 1736.41284179688 1675.30749511719 1632.18017578125 1540.39416503906 1589.70788574219 1692.16784667969 1761.14233398438 1856.97985839844 1918.19555664062 1803.81616210938 1676.41003417969 1637.32800292969 1608.50244140625 1580.31140136719 1500.82397460938 1465.92419433594 1518.90930175781 1433.16040039062 1204.1767578125 1147.71411132812 1117.34619140625 1093.98864746094 1067.16540527344 1033.25329589844 1010.50964355469 967.488708496094
2452.25634765625 2497.302734375 2514.736328125 2479.6064453125 2466.0556640625 2456.28125 2451.634765625 2431.99853515625 2415.30297851562 2424.21630859375 2398.6201171875 2368.56103515625 2355.0390625 2346.88793945312 2314.11669921875 2320.42724609375 2334.65014648438 2350.33374023438 2327.17846679688 2275.98120117188 2268.10668945312 2262.25 2211.13623046875 2208.07739257812 2168.85620117188 2061.37915039062 1833.84460449219 1818.88940429688 1857.57421875 1895.85314941406 1844.94702148438 1715.01525878906 1657.86279296875 1648.75244140625 1632.27844238281 1580.89685058594 1523.31311035156 1414.30517578125 1393.94506835938 1411.82263183594 1343.02758789062 1227.98864746094 1179.96508789062 1142.65734863281 1100.41711425781 1074.2744140625 1049.17919921875 1022.63140869141 968.142761230469
2442.2216796875 2473.38500976562 2499.25122070312 2464.73168945312 2425.95581054688 2425.41064453125 2453.28979492188 2434.07690429688 2404.10400390625 2397.61010742188 2370.91967773438 2352.49365234375 2349.35034179688 2343.87719726562 2339.56640625 2340.75659179688 2359.70288085938 2326.57788085938 2266.2861328125 2252.17846679688 2253.31616210938 2257.32958984375 2257.58764648438 2254.54711914062 2221.14404296875 2108.2919921875 1866.3349609375 1870.375 1899.02697753906 1928.50476074219 1867.46594238281 1708.89318847656 1647.13610839844 1616.63122558594 1606.966796875 1538.34399414062 1440.09912109375 1344.47058105469 1302.05908203125 1307.81176757812 1315.82043457031 1231.77294921875 1206.86059570312 1174.17626953125 1106.44458007812 1079.65600585938 1052.27514648438 1026.75646972656 974.155517578125
2449.3486328125 2439.79418945312 2482.17919921875 2475.173828125 2434.564453125 2423.93774414062 2448.90991210938 2438.95434570312 2401.16796875 2368.56762695312 2349.92846679688 2362.11083984375 2377.68872070312 2381.53686523438 2336.49169921875 2305.38549804688 2300.69409179688 2286.68676757812 2253.21752929688 2221.4970703125 2235.74389648438 2252.05834960938 2170.53955078125 2124.59033203125 2161.6123046875 2091.71923828125 1950.35363769531 1951.669921875 1935.11145019531 1944.93957519531 1912.61938476562 1747.42919921875 1620.68835449219 1548.56579589844 1527.11950683594 1500.55090332031 1405.38513183594 1303.00952148438 1284.36950683594 1262.64782714844 1229.88586425781 1208.84155273438 1214.43151855469 1172.44775390625 1108.43896484375 1072.13037109375 1045.67346191406 1023.02868652344 973.669799804688
2498.93041992188 2453.9091796875 2449.32788085938 2472.93212890625 2468.423828125 2455.84619140625 2443.43408203125 2413.07763671875 2383.9384765625 2372.7509765625 2354.97778320312 2354.78002929688 2360.53125 2351.3486328125 2318.38159179688 2303.43725585938 2267.0263671875 2263.158203125 2299.09423828125 2237.93310546875 2162.42797851562 2208.34790039062 2185.67944335938 2112.35766601562 2102.16455078125 2082.794921875 2030.90539550781 2008.55493164062 1962.216796875 1935.01892089844 1919.68774414062 1845.39575195312 1750.50244140625 1646.39013671875 1506.90832519531 1469.71044921875 1412.19885253906 1281.64538574219 1262.33679199219 1243.25134277344 1208.45251464844 1185.11328125 1173.61682128906 1150.91723632812 1123.75415039062 1069.49523925781 1040.05187988281 1016.57281494141 968.167419433594
2511.38940429688 2479.92163085938 2435.77758789062 2431.783203125 2440.51953125 2445.03393554688 2418.04663085938 2357.49780273438 2346.64038085938 2374.73608398438 2368.861328125 2350.68139648438 2333.15942382812 2311.01318359375 2342.53051757812 2339.96752929688 2261.41381835938 2220.3896484375 2288.42895507812 2275.74389648438 2171.23657226562 2143.72583007812 2137.65478515625 2095.72265625 2046.744140625 2010.38488769531 1976.2353515625 1927.638671875 1882.95288085938 1872.73596191406 1885.17614746094 1882.58862304688 1859.24975585938 1777.37634277344 1584.73254394531 1447.32055664062 1397.90063476562 1281.80639648438 1246.12255859375 1219.19714355469 1194.51635742188 1166.47790527344 1139.34912109375 1124.81384277344 1114.58422851562 1069.66748046875 1038.93493652344 1011.833984375 968.590576171875
2509.83276367188 2492.17578125 2454.06884765625 2396.09326171875 2400.20141601562 2420.74462890625 2343.826171875 2258.43725585938 2276.83520507812 2347.357421875 2383.91674804688 2359.80883789062 2328.61010742188 2323.54931640625 2295.73266601562 2219.009765625 2147.86401367188 2141.38671875 2217.419921875 2276.29907226562 2224.63500976562 2093.5224609375 2017.1494140625 1988.90551757812 1987.39978027344 1980.18249511719 1937.48266601562 1902.77490234375 1899.90734863281 1902.64367675781 1878.0556640625 1878.22875976562 1856.18530273438 1768.77258300781 1628.34924316406 1467.07971191406 1382.78088378906 1279.78833007812 1249.57983398438 1219.85241699219 1189.43859863281 1159.90270996094 1129.60107421875 1104.072265625 1086.62133789062 1059.77868652344 1033.23132324219 1008.12591552734 966.117797851562
2507.97094726562 2495.21508789062 2474.32153320312 2417.12622070312 2410.44213867188 2415.28100585938 2353.34643554688 2292.82885742188 2273.57739257812 2330.4921875 2391.18579101562 2354.1025390625 2313.0439453125 2324.10180664062 2203.31469726562 2086.84936523438 2060.9453125 2094.56616210938 2144.3134765625 2162.12084960938 2113.47412109375 2033.38330078125 1997.763671875 1981.25476074219 1978.10888671875 1968.17895507812 1922.31188964844 1900.23486328125 1897.50634765625 1893.7919921875 1879.16455078125 1886.64562988281 1844.57043457031 1714.22033691406 1571.35998535156 1445.08557128906 1369.43627929688 1342.85778808594 1279.72583007812 1232.59802246094 1217.46447753906 1176.84643554688 1127.35437011719 1106.15588378906 1080.81225585938 1049.73083496094 1023.68090820312 1001.48864746094 955.722351074219
2492.98461914062 2479.11010742188 2468.12158203125 2441.89038085938 2429.2099609375 2411.7060546875 2400.43676757812 2389.6904296875 2348.7177734375 2352.27880859375 2380.03125 2348.01977539062 2308.34643554688 2309.771484375 2166.4365234375 2066.65625 2071.9658203125 2098.9912109375 2107.95947265625 2086.68310546875 2060.6435546875 2026.46105957031 1985.58752441406 2000.54748535156 2001.3916015625 1952.96154785156 1943.94165039062 1970.45935058594 1954.51635742188 1922.38671875 1868.87280273438 1834.3359375 1806.69360351562 1649.22766113281 1507.890625 1435.015625 1397.93859863281 1470.54418945312 1357.12353515625 1242.1298828125 1222.82336425781 1194.81726074219 1152.56701660156 1110.01599121094 1078.21166992188 1043.00695800781 1013.92749023438 992.272155761719 952.295837402344
2477.22973632812 2460.03735351562 2454.60498046875 2435.14672851562 2418.02001953125 2390.5458984375 2368.49682617188 2366.82202148438 2373.70849609375 2368.55786132812 2355.30102539062 2332.90258789062 2318.474609375 2322.6572265625 2132.02270507812 2053.2666015625 2050.2861328125 2063.6416015625 2067.91040039062 2060.4755859375 2033.552734375 1984.16931152344 1972.50268554688 2018.8369140625 2016.62731933594 1955.32458496094 1918.05920410156 1903.02880859375 1873.08557128906 1866.17846679688 1789.12890625 1692.82690429688 1670.44592285156 1569.82373046875 1496.00134277344 1463.57458496094 1433.17407226562 1451.16271972656 1350.21569824219 1249.2666015625 1205.37255859375 1180.27624511719 1152.44775390625 1103.88208007812 1074.53198242188 1040.82055664062 1012.52917480469 995.828674316406 954.810668945312
2468.24340820312 2439.03515625 2434.70581054688 2423.57836914062 2407.36572265625 2380.40844726562 2348.89721679688 2331.13208007812 2334.85815429688 2342.57446289062 2343.27075195312 2326.00952148438 2321.01635742188 2314.0654296875 2119.392578125 2039.86926269531 2009.28784179688 1996.95703125 2011.2099609375 2018.22143554688 1990.28759765625 1953.634765625 1967.72399902344 2006.380859375 1994.93664550781 1950.15551757812 1907.04711914062 1804.17443847656 1767.66955566406 1708.17687988281 1597.24926757812 1516.31091308594 1494.25720214844 1505.13403320312 1495.77368164062 1448.77038574219 1396.810546875 1345.9482421875 1291.13452148438 1242.74572753906 1196.68310546875 1161.68615722656 1128.65563964844 1099.53186035156 1074.5830078125 1041.49731445312 1018.68176269531 1003.11785888672 956.055053710938
2452.52392578125 2427.17431640625 2400.595703125 2414.51147460938 2396.07763671875 2375.29296875 2351.5322265625 2321.6533203125 2298.0986328125 2296.32641601562 2299.79370117188 2295.63403320312 2283.87109375 2242.22119140625 2100.08911132812 2033.25756835938 2001.54064941406 1978.11083984375 1983.75 1994.375 1970.02551269531 1942.28186035156 1961.77990722656 1981.85949707031 1962.38513183594 1941.23474121094 1983.17724609375 1910.09240722656 1828.10510253906 1663.3974609375 1521.74365234375 1461.01196289062 1445.5 1466.35314941406 1455.38732910156 1401.58618164062 1343.04870605469 1309.84655761719 1271.03393554688 1223.91528320312 1186.91101074219 1152.01538085938 1125.65686035156 1107.73950195312 1080.61804199219 1044.4287109375 1023.95288085938 1002.68768310547 955.341735839844
2409.73999023438 2420.04028320312 2407.23193359375 2409.68237304688 2390.9677734375 2370.21899414062 2343.2109375 2316.22705078125 2292.34301757812 2261.93383789062 2231.62573242188 2228.556640625 2217.47973632812 2167.1240234375 2073.40209960938 2038.51599121094 2003.3662109375 1987.66772460938 1996.06469726562 1984.06945800781 1948.54040527344 1934.76623535156 1953.79333496094 1959.45520019531 1928.25512695312 1905.02294921875 1988.55297851562 1874.75903320312 1713.09045410156 1577.88049316406 1508.884765625 1453.62182617188 1422.18347167969 1410.40502929688 1388.802734375 1358.11999511719 1325.38354492188 1297.47399902344 1265.14367675781 1223.55334472656 1190.74560546875 1159.24890136719 1131.36242675781 1112.47937011719 1081.14001464844 1049.82312011719 1023.35009765625 993.831176757812 949.271789550781
2399.35864257812 2392.23291015625 2410.51000976562 2382.95556640625 2363.98974609375 2355.26904296875 2343.14526367188 2319.00708007812 2284.93701171875 2247.88403320312 2219.09252929688 2189.14965820312 2167.17431640625 2163.99584960938 2147.90087890625 2091.97729492188 2068.42529296875 2057.6103515625 2024.9677734375 1957.81469726562 1907.13159179688 1896.32861328125 1881.79956054688 1876.763671875 1908.45971679688 1928.01477050781 1841.30834960938 1640.78247070312 1548.04760742188 1511.22802734375 1476.28955078125 1442.30578613281 1423.66540527344 1397.98962402344 1360.74487304688 1322.76843261719 1314.94543457031 1271.92736816406 1245.419921875 1220.607421875 1212.70751953125 1194.79821777344 1144.14990234375 1106.37255859375 1077.47436523438 1047.0107421875 1018.54772949219 992.304504394531 949.505920410156
