rcp4.5models/CNRM_CM5/sc1gr3.29
NCOLS 261 
NROWS 433 
XLLCORNER 336357.134 
YLLCORNER 654653.479 
CELLSIZE 1000 
NODATA_value -3.4e+38 
[rows 0 to 21 of 433, columns 49 to 97 of 261]
-3.4e+38 -3.4e+38 -3.4e+38 -3.4e+38 -3.4e+38 -3.4e+38 -3.4e+38 -3.4e+38 -3.4e+38 -3.4e+38 -3.4e+38 -3.4e+38 -3.4e+38 -3.4e+38 -3.4e+38 -3.4e+38 -3.4e+38 -3.4e+38 -3.4e+38 -3.4e+38 -3.4e+38 -3.4e+38 -3.4e+38 -3.4e+38 -3.4e+38 -3.4e+38 -3.4e+38 -3.4e+38 -3.4e+38 -3.4e+38 -3.4e+38 -3.4e+38 -3.4e+38 -3.4e+38 -3.4e+38 -3.4e+38 -3.4e+38 -3.4e+38 -3.4e+38 -3.4e+38 -3.4e+38 -3.4e+38 -3.4e+38 -3.4e+38 -3.4e+38 -3.4e+38 -3.4e+38 -3.4e+38 -3.4e+38
-3.4e+38 -3.4e+38 -3.4e+38 -3.4e+38 -3.4e+38 -3.4e+38 -3.4e+38 -3.4e+38 -3.4e+38 -3.4e+38 -3.4e+38 -3.4e+38 -3.4e+38 -3.4e+38 -3.4e+38 -3.4e+38 -3.4e+38 -3.4e+38 -3.4e+38 -3.4e+38 -3.4e+38 275.931884765625 275.931365966797 275.547454833984 275.686981201172 275.762023925781 275.760955810547 275.474700927734 275.58984375 275.737701416016 275.618774414062 275.585571289062 -3.4e+38 -3.4e+38 -3.4e+38 -3.4e+38 -3.4e+38 -3.4e+38 -3.4e+38 -3.4e+38 -3.4e+38 -3.4e+38 -3.4e+38 -3.4e+38 -3.4e+38 -3.4e+38 -3.4e+38 -3.4e+38 -3.4e+38
-3.4e+38 -3.4e+38 -3.4e+38 -3.4e+38 -3.4e+38 -3.4e+38 -3.4e+38 -3.4e+38 -3.4e+38 -3.4e+38 -3.4e+38 -3.4e+38 -3.4e+38 -3.4e+38 -3.4e+38 -3.4e+38 -3.4e+38 -3.4e+38 -3.4e+38 -3.4e+38 275.926208496094 275.926910400391 275.832824707031 275.70166015625 275.549163818359 275.514007568359 275.704406738281 275.359771728516 275.519592285156 275.654479980469 275.203338623047 275.495178222656 275.440765380859 -3.4e+38 -3.4e+38 -3.4e+38 -3.4e+38 -3.4e+38 -3.4e+38 -3.4e+38 -3.4e+38 -3.4e+38 -3.4e+38 -3.4e+38 -3.4e+38 -3.4e+38 -3.4e+38 -3.4e+38 -3.4e+38
-3.4e+38 -3.4e+38 -3.4e+38 277.24658203125 276.810485839844 276.581695556641 276.582641601562 276.530487060547 276.471221923828 276.420013427734 276.188720703125 -3.4e+38 -3.4e+38 276.087280273438 276.087463378906 276.087585449219 276.087615966797 276.087554931641 276.273651123047 276.118957519531 276.045104980469 275.575531005859 275.583404541016 275.630432128906 275.655578613281 275.661224365234 275.635406494141 275.519226074219 275.466430664062 275.587463378906 275.325225830078 275.422332763672 275.415344238281 -3.4e+38 -3.4e+38 -3.4e+38 -3.4e+38 -3.4e+38 -3.4e+38 -3.4e+38 -3.4e+38 -3.4e+38 -3.4e+38 -3.4e+38 -3.4e+38 -3.4e+38 -3.4e+38 -3.4e+38 -3.4e+38
276.569030761719 276.676849365234 276.414184570312 276.374114990234 276.358673095703 276.313232421875 276.315216064453 276.567077636719 276.465301513672 276.235229492188 276.103942871094 276.135498046875 276.104553222656 276.082061767578 276.082305908203 276.082458496094 276.08251953125 276.082489013672 276.145111083984 276.103057861328 276.081512451172 275.915374755859 275.834228515625 275.44580078125 275.560028076172 275.623291015625 275.586791992188 275.576202392578 275.537933349609 275.669616699219 275.358795166016 275.283843994141 275.380767822266 275.397796630859 -3.4e+38 -3.4e+38 -3.4e+38 -3.4e+38 -3.4e+38 -3.4e+38 -3.4e+38 -3.4e+38 -3.4e+38 -3.4e+38 -3.4e+38 -3.4e+38 -3.4e+38 -3.4e+38 -3.4e+38
276.622253417969 276.671569824219 276.406921386719 276.320129394531 276.279174804688 276.235626220703 276.236633300781 276.311981201172 276.2880859375 276.225250244141 276.202301025391 276.202331542969 276.202301025391 276.111267089844 275.984100341797 276.041137695312 276.075714111328 276.075714111328 276.075469970703 -3.4e+38 276.074890136719 -3.4e+38 276.040069580078 275.416534423828 275.309234619141 275.328765869141 275.424652099609 275.449157714844 275.545135498047 275.409820556641 275.257080078125 275.229949951172 275.366851806641 275.393218994141 -3.4e+38 -3.4e+38 -3.4e+38 -3.4e+38 -3.4e+38 -3.4e+38 -3.4e+38 -3.4e+38 -3.4e+38 -3.4e+38 -3.4e+38 -3.4e+38 -3.4e+38 -3.4e+38 -3.4e+38
276.395263671875 276.657379150391 276.444152832031 276.248809814453 276.239013671875 276.228424072266 276.229461669922 276.142242431641 276.192169189453 276.322601318359 276.271667480469 276.234008789062 276.234466552734 276.023834228516 275.8212890625 275.989532470703 276.06884765625 275.883483886719 276.162139892578 -3.4e+38 -3.4e+38 -3.4e+38 -3.4e+38 275.893737792969 -3.4e+38 275.359680175781 275.267364501953 275.469329833984 275.456481933594 275.363342285156 275.246368408203 275.223754882812 275.262451171875 275.3681640625 275.383819580078 -3.4e+38 -3.4e+38 -3.4e+38 -3.4e+38 -3.4e+38 -3.4e+38 -3.4e+38 -3.4e+38 -3.4e+38 -3.4e+38 -3.4e+38 -3.4e+38 -3.4e+38 -3.4e+38
276.238128662109 276.303436279297 276.264282226562 276.218841552734 276.220031738281 276.132934570312 276.091552734375 276.068939208984 276.263671875 276.200775146484 276.290283203125 276.354736328125 276.263580322266 275.987365722656 276.049407958984 276.073699951172 275.876647949219 275.935943603516 276.034698486328 -3.4e+38 -3.4e+38 -3.4e+38 -3.4e+38 -3.4e+38 -3.4e+38 275.393859863281 275.249053955078 275.297698974609 275.278045654297 -3.4e+38 275.248138427734 275.217498779297 275.215972900391 275.354522705078 275.18017578125 -3.4e+38 -3.4e+38 -3.4e+38 -3.4e+38 -3.4e+38 -3.4e+38 -3.4e+38 -3.4e+38 -3.4e+38 -3.4e+38 -3.4e+38 -3.4e+38 -3.4e+38 -3.4e+38
276.207336425781 276.208770751953 276.122711181641 276.167205810547 276.12451171875 276.058715820312 276.13720703125 276.050170898438 276.103332519531 276.164794921875 276.235137939453 276.167541503906 276.012603759766 276.001190185547 275.888549804688 275.906188964844 275.868408203125 275.815551757812 -3.4e+38 276.188781738281 275.894012451172 275.808471679688 275.549499511719 275.405975341797 275.386108398438 -3.4e+38 275.251312255859 275.217071533203 275.216094970703 -3.4e+38 -3.4e+38 275.231018066406 275.209686279297 275.249267578125 275.172027587891 275.195770263672 -3.4e+38 -3.4e+38 -3.4e+38 -3.4e+38 -3.4e+38 -3.4e+38 -3.4e+38 -3.4e+38 -3.4e+38 -3.4e+38 -3.4e+38 -3.4e+38 -3.4e+38
275.932891845703 275.935363769531 275.827362060547 275.796600341797 275.787170410156 276.044494628906 276.106872558594 276.172393798828 276.172760009766 276.109252929688 276.083770751953 276.056915283203 275.742614746094 275.839996337891 275.676910400391 275.711364746094 275.569427490234 275.568725585938 -3.4e+38 275.967224121094 275.772674560547 -3.4e+38 -3.4e+38 275.3798828125 275.379333496094 -3.4e+38 -3.4e+38 275.21044921875 275.209503173828 -3.4e+38 275.253936767578 275.212738037109 275.203338623047 275.201751708984 275.200103759766 275.198333740234 275.338500976562 -3.4e+38 -3.4e+38 -3.4e+38 -3.4e+38 -3.4e+38 -3.4e+38 -3.4e+38 -3.4e+38 -3.4e+38 -3.4e+38 -3.4e+38 -3.4e+38
275.763702392578 275.697631835938 275.953063964844 275.817932128906 275.916717529297 275.910766601562 275.884399414062 275.591461181641 275.551147460938 275.584167480469 275.552490234375 275.587768554688 275.553436279297 275.532348632812 275.532775878906 275.533142089844 275.470733642578 275.576354980469 -3.4e+38 275.533782958984 275.404479980469 275.366760253906 -3.4e+38 275.366088867188 275.365600585938 275.365020751953 275.327209472656 275.219512939453 275.196105957031 275.451293945312 275.478332519531 -3.4e+38 -3.4e+38 275.188903808594 275.187316894531 275.185638427734 275.227294921875 275.333709716797 -3.4e+38 -3.4e+38 -3.4e+38 -3.4e+38 -3.4e+38 -3.4e+38 -3.4e+38 -3.4e+38 -3.4e+38 -3.4e+38 -3.4e+38
276.000030517578 276.032501220703 276.057312011719 275.978729248047 275.724945068359 275.600402832031 275.59130859375 275.5205078125 275.521423339844 275.522277832031 275.523071289062 275.523773193359 275.5244140625 275.524963378906 275.525421142578 275.525817871094 275.306976318359 275.361053466797 275.402770996094 275.498504638672 275.492523193359 -3.4e+38 -3.4e+38 -3.4e+38 275.358612060547 -3.4e+38 275.357482910156 275.31884765625 275.210815429688 275.492523193359 275.122833251953 275.303192138672 -3.4e+38 275.182342529297 275.180816650391 275.279968261719 275.192779541016 275.321228027344 -3.4e+38 -3.4e+38 -3.4e+38 -3.4e+38 -3.4e+38 -3.4e+38 -3.4e+38 -3.4e+38 -3.4e+38 -3.4e+38 -3.4e+38
276.147155761719 276.248474121094 276.102905273438 275.559600830078 275.279724121094 275.248382568359 275.250518798828 275.512908935547 275.513854980469 275.514739990234 275.515563964844 275.516265869141 275.516906738281 275.517517089844 275.424407958984 275.392944335938 275.236755371094 275.217620849609 275.324157714844 275.386260986328 -3.4e+38 -3.4e+38 -3.4e+38 275.351959228516 275.3515625 -3.4e+38 -3.4e+38 275.251708984375 -3.4e+38 275.486083984375 275.252014160156 275.222595214844 -3.4e+38 -3.4e+38 -3.4e+38 275.215850830078 275.076202392578 275.097503662109 275.1025390625 -3.4e+38 -3.4e+38 -3.4e+38 -3.4e+38 -3.4e+38 -3.4e+38 -3.4e+38 -3.4e+38 -3.4e+38 -3.4e+38
276.206207275391 276.140411376953 275.572875976562 275.042053222656 274.995483398438 275.219116210938 275.299865722656 275.376159667969 275.469512939453 275.507141113281 275.507965087891 275.508697509766 275.509399414062 275.322906494141 275.228363037109 275.313079833984 -3.4e+38 275.207977294922 275.211853027344 -3.4e+38 -3.4e+38 275.248809814453 -3.4e+38 -3.4e+38 -3.4e+38 275.343963623047 275.343444824219 275.206207275391 275.175384521484 275.380279541016 274.848999023438 275.106292724609 -3.4e+38 -3.4e+38 -3.4e+38 -3.4e+38 274.816040039062 274.967651367188 274.994110107422 274.844024658203 -3.4e+38 -3.4e+38 -3.4e+38 -3.4e+38 -3.4e+38 -3.4e+38 -3.4e+38 -3.4e+38 -3.4e+38
275.944763183594 276.010925292969 275.871948242188 275.676940917969 275.093536376953 274.914184570312 275.121185302734 275.293731689453 275.359222412109 275.371398925781 275.465545654297 275.314697265625 275.248413085938 275.189819335938 275.169616699219 -3.4e+38 -3.4e+38 -3.4e+38 275.294830322266 -3.4e+38 275.311645507812 275.302886962891 275.292999267578 275.328552246094 275.337188720703 275.336791992188 275.336303710938 275.198699951172 275.267211914062 274.839050292969 274.755126953125 275.099334716797 275.163482666016 -3.4e+38 -3.4e+38 -3.4e+38 -3.4e+38 274.889129638672 274.974273681641 274.939788818359 274.827056884766 -3.4e+38 -3.4e+38 -3.4e+38 -3.4e+38 -3.4e+38 -3.4e+38 -3.4e+38 -3.4e+38
-3.4e+38 275.982879638672 275.982330322266 275.959411621094 275.345886230469 274.9892578125 275.002624511719 275.183410644531 275.288177490234 275.325042724609 275.261383056641 275.274444580078 275.193572998047 275.161407470703 -3.4e+38 -3.4e+38 275.414642333984 -3.4e+38 -3.4e+38 275.296417236328 275.321228027344 275.330505371094 274.844177246094 275.210845947266 275.232055664062 275.110748291016 274.891662597656 275.10693359375 274.804016113281 274.651977539062 274.699584960938 275.190551757812 275.274139404297 275.272521972656 275.169616699219 -3.4e+38 -3.4e+38 -3.4e+38 274.988159179688 274.773529052734 274.803924560547 -3.4e+38 -3.4e+38 -3.4e+38 -3.4e+38 -3.4e+38 -3.4e+38 -3.4e+38 -3.4e+38
-3.4e+38 -3.4e+38 -3.4e+38 -3.4e+38 -3.4e+38 275.014129638672 274.941741943359 274.871154785156 274.885040283203 274.933563232422 274.907043457031 275.021423339844 275.130859375 -3.4e+38 -3.4e+38 274.996276855469 275.170471191406 275.303436279297 275.322845458984 275.322998046875 275.323059082031 274.837127685547 274.534393310547 275.063232421875 275.262603759766 274.746429443359 274.551544189453 275.047180175781 274.797973632812 274.652496337891 274.651611328125 274.817108154297 274.947021484375 274.761413574219 275.092193603516 275.145690917969 -3.4e+38 -3.4e+38 -3.4e+38 274.674163818359 274.787017822266 -3.4e+38 -3.4e+38 -3.4e+38 -3.4e+38 -3.4e+38 -3.4e+38 -3.4e+38 -3.4e+38
-3.4e+38 -3.4e+38 -3.4e+38 -3.4e+38 -3.4e+38 275.185791015625 274.72216796875 274.765258789062 274.704742431641 274.681549072266 274.870391845703 275.155578613281 -3.4e+38 -3.4e+38 -3.4e+38 274.922912597656 274.878662109375 -3.4e+38 274.929138183594 274.823699951172 274.825469970703 274.649291992188 275.092407226562 274.768218994141 274.702239990234 274.523345947266 274.481048583984 274.636413574219 274.590484619141 274.608428955078 274.644439697266 274.744201660156 274.802215576172 274.722106933594 274.880828857422 274.906066894531 274.816009521484 -3.4e+38 -3.4e+38 -3.4e+38 274.699768066406 274.678863525391 -3.4e+38 -3.4e+38 -3.4e+38 -3.4e+38 -3.4e+38 -3.4e+38 -3.4e+38
-3.4e+38 -3.4e+38 -3.4e+38 -3.4e+38 -3.4e+38 274.780822753906 274.543395996094 274.531555175781 274.422607421875 274.566741943359 274.976013183594 275.155975341797 -3.4e+38 275.178985595703 -3.4e+38 274.857513427734 274.969451904297 275.153961181641 274.678131103516 274.641021728516 274.543792724609 274.616882324219 274.822723388672 274.548980712891 274.474212646484 274.473937988281 274.374450683594 274.353576660156 274.453155517578 274.586944580078 274.536560058594 274.661437988281 274.785797119141 274.597869873047 274.769989013672 274.79833984375 274.796936035156 -3.4e+38 -3.4e+38 -3.4e+38 -3.4e+38 274.619506835938 274.714874267578 274.621002197266 -3.4e+38 -3.4e+38 -3.4e+38 -3.4e+38 -3.4e+38
-3.4e+38 -3.4e+38 -3.4e+38 -3.4e+38 -3.4e+38 -3.4e+38 274.597534179688 274.399780273438 274.302764892578 274.350921630859 274.649871826172 274.843048095703 -3.4e+38 274.667358398438 274.692291259766 -3.4e+38 274.854125976562 275.077117919922 -3.4e+38 274.709594726562 274.598052978516 274.624694824219 274.633514404297 274.497894287109 274.466613769531 274.466369628906 274.626037597656 274.358612060547 274.438323974609 274.616027832031 274.487457275391 275.009948730469 275.139801025391 274.549407958984 274.750793457031 274.791229248047 274.789855957031 274.685577392578 -3.4e+38 -3.4e+38 -3.4e+38 -3.4e+38 274.610534667969 274.608215332031 274.914367675781 -3.4e+38 -3.4e+38 -3.4e+38 -3.4e+38
-3.4e+38 -3.4e+38 -3.4e+38 -3.4e+38 -3.4e+38 -3.4e+38 -3.4e+38 274.373474121094 274.284332275391 274.285339355469 274.439849853516 274.618804931641 274.726470947266 -3.4e+38 274.456085205078 274.521118164062 274.541809082031 274.803192138672 275.027893066406 274.897796630859 274.8701171875 274.869415283203 274.967071533203 -3.4e+38 -3.4e+38 274.458740234375 274.536285400391 274.334197998047 274.631469726562 274.623107910156 274.479614257812 274.970397949219 274.951385498047 274.718566894531 274.772888183594 274.579132080078 274.551177978516 274.710723876953 274.578582763672 274.813568115234 -3.4e+38 -3.4e+38 -3.4e+38 274.601470947266 274.699645996094 274.601165771484 -3.4e+38 -3.4e+38 -3.4e+38
-3.4e+38 -3.4e+38 -3.4e+38 -3.4e+38 -3.4e+38 -3.4e+38 -3.4e+38 -3.4e+38 -3.4e+38 -3.4e+38 -3.4e+38 -3.4e+38 274.733245849609 274.676452636719 -3.4e+38 -3.4e+38 274.813842773438 274.685974121094 274.529998779297 274.727264404297 274.910675048828 274.943267822266 -3.4e+38 274.956939697266 -3.4e+38 -3.4e+38 -3.4e+38 274.656494140625 274.471557617188 274.405670166016 274.574554443359 274.360504150391 274.569183349609 274.502563476562 274.692504882812 274.557952880859 274.3427734375 274.3642578125 274.322174072266 274.722045898438 274.71435546875 -3.4e+38 -3.4e+38 -3.4e+38 274.599487304688 274.582977294922 274.580413818359 -3.4e+38 -3.4e+38
