rcp4.5models/CNRM_CM5/sc1gr0.25
NCOLS 261 
NROWS 433 
XLLCORNER 336357.134 
YLLCORNER 654653.479 
CELLSIZE 1000 
NODATA_value -3.4e+38 
[rows 176 to 197 of 433, columns 49 to 97 of 261]
80.4574661254883 80.5881423950195 80.6936264038086 80.710090637207 80.8729934692383 81.0348205566406 81.0146789550781 81.2392501831055 81.4299926757812 81.5246124267578 81.586540222168 81.6780242919922 81.9888153076172 82.0515289306641 81.9200210571289 82.1127395629883 82.210823059082 82.1959686279297 82.3773880004883 82.3682403564453 82.5655670166016 82.6385955810547 82.8234176635742 82.9100341796875 82.9587249755859 83.0494537353516 83.2149200439453 83.3419418334961 83.4541320800781 83.5209503173828 83.6054306030273 83.696418762207 83.8784942626953 83.9842147827148 84.0475769042969 83.9472427368164 84.1159439086914 84.1517944335938 84.0631332397461 84.082160949707 84.1194458007812 84.2421035766602 84.2217025756836 84.1177825927734 84.2073135375977 84.4007797241211 84.4558792114258 84.373291015625 84.3224639892578
80.6017379760742 80.6203231811523 80.7838821411133 80.7732086181641 81.0129928588867 81.0891723632812 81.1384963989258 81.4387130737305 81.5451583862305 81.5792541503906 81.5880661010742 81.6176528930664 81.8014526367188 81.8943405151367 81.966423034668 82.0399322509766 82.137092590332 82.2449493408203 82.4885940551758 82.5108489990234 82.6687622070312 82.7594146728516 82.9283828735352 83.0231399536133 83.0027847290039 83.0192642211914 83.2374038696289 83.3954467773438 83.4917678833008 83.6829528808594 83.7052154541016 83.7497940063477 83.9606704711914 84.0250549316406 83.9206161499023 83.9661331176758 84.0377502441406 84.0262451171875 84.1755065917969 84.2145156860352 84.2602920532227 84.3503875732422 84.2255859375 84.2275466918945 84.191535949707 84.2810211181641 84.4120788574219 84.3945770263672 84.324089050293
80.7761383056641 80.9571533203125 80.8279571533203 80.9609298706055 81.2419128417969 81.1063461303711 81.194953918457 81.4621276855469 81.6309967041016 81.7309875488281 81.8029861450195 81.7795028686523 81.8481063842773 81.9485321044922 82.1355667114258 82.1040954589844 82.0323867797852 82.1334228515625 82.515510559082 82.655647277832 82.6810836791992 82.8315200805664 82.8853149414062 83.0154037475586 83.1870956420898 83.0918731689453 83.2241668701172 83.3646240234375 83.447509765625 83.7589721679688 83.8038940429688 83.7014236450195 83.8403778076172 84.0318603515625 83.7806854248047 84.0244445800781 83.915153503418 84.0548400878906 84.2731018066406 84.3744049072266 84.4063415527344 84.450439453125 84.3359832763672 84.3514633178711 84.2646942138672 84.2709503173828 84.4400253295898 84.4996109008789 84.3911285400391
80.9447174072266 81.0360794067383 81.0791702270508 81.2618713378906 81.2895355224609 81.2461242675781 81.4280395507812 81.5199813842773 81.6117401123047 81.7892990112305 81.8131637573242 81.8368225097656 82.0663070678711 82.0653610229492 82.2287139892578 82.3147277832031 82.3221664428711 82.2668762207031 82.7135620117188 82.8040237426758 82.7829742431641 82.8583755493164 82.9465713500977 83.0719604492188 83.3205642700195 83.2329788208008 83.3294296264648 83.4712448120117 83.4367141723633 83.7570419311523 83.8013153076172 83.6368942260742 83.744255065918 83.8448333740234 83.7780075073242 83.9400482177734 83.9365005493164 84.1358108520508 84.3326797485352 84.3339614868164 84.3437576293945 84.338981628418 84.3347702026367 84.4413375854492 84.4399261474609 84.4279479980469 84.439811706543 84.4792404174805 84.4692611694336
81.0908813476562 81.2685317993164 81.2823333740234 81.4207611083984 81.3865966796875 81.4300231933594 81.686653137207 81.7421417236328 81.8130416870117 81.8244934082031 82.0171203613281 81.9692764282227 82.1827621459961 82.1002883911133 82.1503143310547 82.4034042358398 82.4214096069336 82.5501403808594 82.7046585083008 82.8108444213867 82.838981628418 82.8915786743164 83.1209487915039 83.055290222168 83.140495300293 83.3550415039062 83.4856796264648 83.4432678222656 83.4163818359375 83.6729125976562 83.6140441894531 83.6047592163086 83.7309494018555 83.7631149291992 -3.4e+38 83.904914855957 84.1177749633789 84.1743774414062 84.3815231323242 84.3578567504883 84.2631607055664 84.2445907592773 84.2911605834961 84.3703231811523 84.4430770874023 84.4856338500977 84.4187850952148 84.4857635498047 84.5618209838867
81.1751251220703 81.3924407958984 81.4266815185547 81.5120010375977 81.5671844482422 81.6552124023438 81.7147750854492 81.8898620605469 82.0568084716797 82.0705795288086 82.1962738037109 82.3355941772461 82.390495300293 82.3702087402344 82.2698364257812 82.3700485229492 82.4105682373047 82.5509567260742 82.7845840454102 82.8422393798828 82.9470977783203 83.0268859863281 83.1993408203125 83.1538772583008 83.2535018920898 83.4570007324219 83.5212783813477 83.5539474487305 83.6038970947266 83.7422866821289 83.7973098754883 83.7654647827148 83.7981872558594 83.9051742553711 83.8618698120117 84.055290222168 84.137321472168 84.1874008178711 84.2010345458984 84.1800155639648 84.2186508178711 84.2350158691406 84.307487487793 84.3655471801758 84.3878555297852 84.5304107666016 84.4856567382812 84.4930191040039 84.5714263916016
81.4834976196289 81.6552658081055 81.5926513671875 81.7092056274414 81.7718658447266 81.8157653808594 81.8884735107422 82.1654663085938 82.2631378173828 82.4184417724609 82.3095092773438 82.4933395385742 82.5847930908203 82.6247482299805 82.5874862670898 82.6203384399414 82.4546279907227 82.5406036376953 82.8251342773438 82.9742431640625 83.0729370117188 83.0514602661133 83.2297210693359 83.1521911621094 83.2722091674805 83.4411926269531 83.5264282226562 83.7195053100586 83.726448059082 83.8388061523438 83.8284454345703 83.8639678955078 83.8799667358398 84.0557403564453 84.0363388061523 84.0531387329102 84.1196441650391 84.1852722167969 84.1259002685547 84.0608520507812 84.1691207885742 84.2177276611328 84.2933883666992 84.3588027954102 84.3782119750977 84.5531616210938 84.5176849365234 84.4834823608398 84.5785827636719
81.7540664672852 81.8271102905273 81.7794494628906 -3.4e+38 81.9575500488281 82.0216979980469 82.1858062744141 82.2718505859375 82.334098815918 82.5594711303711 82.30908203125 82.5281829833984 82.5726852416992 82.6464691162109 82.7538452148438 82.7905731201172 82.4883651733398 82.5949020385742 82.8232498168945 82.8983001708984 82.9702758789062 82.9646682739258 83.0429992675781 83.1883392333984 83.1948547363281 83.3737945556641 83.532585144043 83.5798873901367 -3.4e+38 83.7623748779297 83.5899810791016 83.8959350585938 83.8599319458008 83.923095703125 83.9411849975586 83.9956512451172 84.1035232543945 84.09619140625 84.1763916015625 84.2149276733398 84.2604827880859 84.3021392822266 84.3697280883789 84.4174346923828 84.4252624511719 84.4967346191406 84.5115051269531 84.5072937011719 84.5683822631836
81.811897277832 81.8719482421875 81.9379501342773 82.1516952514648 82.1681823730469 82.1722183227539 82.206657409668 82.5030899047852 82.5818023681641 82.7471771240234 82.6680755615234 82.635627746582 82.6376724243164 82.8656234741211 82.8479843139648 82.7911148071289 82.6205215454102 82.6739730834961 82.899772644043 82.9986419677734 83.0728988647461 83.010139465332 83.0985946655273 83.2323379516602 83.2288970947266 83.3501281738281 83.4086456298828 83.5337142944336 83.5345230102539 83.6436767578125 83.732292175293 83.9038238525391 83.8229598999023 83.8544082641602 84.0370101928711 84.1031036376953 -3.4e+38 84.1375503540039 84.1541900634766 84.3325729370117 84.3167953491211 84.3878555297852 84.4046096801758 84.4504013061523 84.5010681152344 84.3649063110352 84.4507064819336 84.4802474975586 84.582633972168
82.2031631469727 82.0307922363281 82.1264724731445 82.4383087158203 82.3339538574219 82.5514678955078 82.7247695922852 82.5449829101562 82.6485595703125 82.799919128418 83.0022354125977 82.9836044311523 83.0136642456055 83.2086791992188 82.9817504882812 82.8850936889648 82.8313598632812 83.1694259643555 83.1765518188477 83.2408065795898 83.3123321533203 83.3384475708008 83.2111663818359 83.3544692993164 83.4191207885742 83.3470764160156 83.4459762573242 83.5149612426758 83.8161315917969 83.8399505615234 83.8793563842773 83.9860229492188 84.0407562255859 84.1206817626953 84.0941848754883 84.1570663452148 84.2585906982422 84.3073120117188 84.3479461669922 84.3486709594727 84.4214324951172 84.5828399658203 84.3910522460938 84.4149703979492 84.3776397705078 84.3801040649414 84.2673187255859 84.3135528564453 84.4440689086914
82.2128753662109 82.3281097412109 82.3785018920898 82.4158782958984 82.5143661499023 82.6056442260742 82.7803421020508 82.7257919311523 82.7737045288086 82.8907775878906 83.0974426269531 83.2510070800781 83.2409744262695 83.3024673461914 83.15283203125 83.0362319946289 83.0465621948242 83.2793807983398 -3.4e+38 83.2857818603516 83.3701171875 83.4809188842773 83.4453125 83.4500579833984 83.5903167724609 83.4552459716797 83.6736373901367 83.6306457519531 83.6845169067383 83.9494476318359 -3.4e+38 84.0050888061523 83.9859924316406 84.041389465332 84.1044311523438 84.1147994995117 84.2227783203125 84.3270950317383 84.3122634887695 -3.4e+38 84.4274749755859 84.3830261230469 84.3627319335938 84.3621215820312 84.3756561279297 84.3930282592773 84.3190994262695 84.3487777709961 84.5244445800781
82.3400421142578 82.5519561767578 82.4680328369141 82.4289398193359 82.6223678588867 82.4847640991211 82.6075210571289 82.8921966552734 82.9351348876953 82.8218688964844 82.9698638916016 83.292106628418 83.1548156738281 83.2002410888672 83.2190399169922 83.1167068481445 83.2282104492188 83.3447036743164 83.2419586181641 83.3158416748047 83.3575439453125 83.5187149047852 83.6592102050781 83.6219863891602 83.6809692382812 83.6651382446289 83.8567199707031 83.9007797241211 83.7296600341797 -3.4e+38 -3.4e+38 -3.4e+38 -3.4e+38 84.0775299072266 84.1078338623047 84.1103744506836 84.1917266845703 84.2789001464844 84.2626647949219 84.3345565795898 84.35693359375 84.3355484008789 84.3465805053711 84.313835144043 84.3099822998047 84.3063659667969 84.4160690307617 84.3750610351562 84.4879531860352
82.2226409912109 82.3898239135742 82.3034744262695 82.3491134643555 82.6518707275391 82.6537857055664 82.6239166259766 82.8313827514648 83.0310897827148 82.9953994750977 83.0783081054688 83.4009552001953 83.244499206543 83.1771011352539 83.3166275024414 83.1059188842773 83.2604446411133 83.5262756347656 83.4328842163086 83.5437698364258 83.5502166748047 83.6506195068359 83.7298202514648 83.6943817138672 83.7659149169922 83.7896118164062 83.8440093994141 83.9021148681641 83.990592956543 -3.4e+38 -3.4e+38 -3.4e+38 -3.4e+38 84.1789855957031 84.1341857910156 84.1637344360352 84.1904830932617 84.2614669799805 84.3377380371094 84.3364334106445 84.2383880615234 84.3046569824219 84.4294891357422 84.3367385864258 84.3246688842773 84.3291320800781 84.320426940918 84.2842636108398 84.3471603393555
82.3188705444336 82.4593811035156 82.3332290649414 82.5389862060547 -3.4e+38 82.7799758911133 82.796760559082 82.9163818359375 83.0693054199219 83.2062835693359 83.2421188354492 83.4007034301758 83.3245849609375 83.365837097168 83.452995300293 83.3660202026367 83.4493865966797 83.5808715820312 83.5531692504883 83.5495223999023 83.6293334960938 83.7954483032227 83.7510147094727 83.7109527587891 83.7462615966797 83.8872299194336 83.8560562133789 83.8780136108398 -3.4e+38 -3.4e+38 84.1450958251953 84.1217803955078 -3.4e+38 -3.4e+38 84.176139831543 84.209098815918 84.1850128173828 84.2726440429688 84.2774505615234 84.2834167480469 84.2382431030273 84.2623138427734 84.3014831542969 84.2234954833984 84.303840637207 84.3459930419922 84.3175506591797 84.2841644287109 84.2693405151367
82.5266418457031 82.5782165527344 82.651985168457 82.857292175293 82.8901290893555 82.9700775146484 82.8619766235352 83.1656494140625 83.2822189331055 83.2311248779297 83.3574905395508 83.3759078979492 83.3486404418945 83.4042816162109 83.5067596435547 83.5253982543945 83.5230178833008 83.6454315185547 83.6418075561523 83.6913681030273 83.7085571289062 83.7435836791992 83.7688903808594 83.8633193969727 83.9724578857422 84.0127258300781 83.9209060668945 84.0243759155273 84.0970611572266 84.1033782958984 84.211799621582 84.1732940673828 84.1040420532227 84.1528625488281 84.2292327880859 84.227424621582 84.2010498046875 84.2489013671875 84.3177795410156 84.4140701293945 84.4174499511719 84.3478546142578 84.2474746704102 84.3107833862305 84.3763198852539 84.3678741455078 84.4262847900391 84.4044342041016 84.2854843139648
82.5795288085938 82.5986785888672 82.7543640136719 82.9136199951172 82.9985198974609 82.9983291625977 82.8966064453125 83.1791839599609 83.3201141357422 83.3454742431641 83.452522277832 83.6153030395508 83.4408111572266 83.3728179931641 83.5024185180664 83.5421447753906 83.5331954956055 83.6601257324219 83.8168487548828 83.8419570922852 83.8160400390625 83.8311309814453 84.0010528564453 83.993522644043 84.0266723632812 84.0504455566406 83.9683685302734 84.2097549438477 84.3148422241211 84.2253723144531 84.211311340332 84.3169479370117 84.3087921142578 84.2943954467773 84.3261337280273 84.2558898925781 84.23681640625 84.3253936767578 84.3069915771484 84.4352951049805 84.553825378418 84.4605331420898 84.284912109375 84.413688659668 84.4635162353516 84.4551467895508 84.4344482421875 84.4257049560547 84.3380889892578
82.6447601318359 82.6969985961914 82.7634201049805 82.8021240234375 83.0060653686523 82.9955673217773 83.0205230712891 83.1515426635742 83.3443984985352 83.4682998657227 83.5111618041992 83.5617294311523 83.5666809082031 83.5856094360352 83.7013626098633 83.7033996582031 83.6902542114258 83.6868591308594 83.7515563964844 83.8707580566406 83.9056091308594 83.9800643920898 84.1262969970703 84.0645141601562 84.0331954956055 84.1800537109375 84.1455001831055 84.1816253662109 84.3787689208984 84.2440643310547 84.2260360717773 84.3769683837891 84.4262084960938 84.417854309082 84.3886260986328 84.3645172119141 84.3322525024414 84.4344863891602 84.3502883911133 84.4525146484375 84.5917129516602 84.3756561279297 84.4034881591797 84.4553985595703 84.3964385986328 84.3959426879883 84.3934020996094 84.462158203125 84.3629913330078
82.7152633666992 82.7486419677734 82.8491744995117 82.8918228149414 82.9864196777344 82.9804229736328 83.1797027587891 83.1938400268555 83.337516784668 83.4049987792969 83.5449523925781 83.6114654541016 83.788215637207 83.6911773681641 83.6802215576172 83.8445053100586 83.8673248291016 83.847038269043 83.9498596191406 83.9736938476562 84.0624542236328 84.1642837524414 84.065559387207 84.0516128540039 84.0712661743164 84.1526031494141 84.2535705566406 84.3092727661133 84.3497924804688 84.3947525024414 84.4179458618164 84.3203659057617 84.4239501953125 84.4727249145508 84.4638824462891 84.3833999633789 84.2406845092773 84.326789855957 84.4975280761719 84.5190811157227 84.4738311767578 84.3711853027344 84.5234069824219 84.5381317138672 84.4342651367188 84.404052734375 84.3758316040039 84.4160308837891 84.3369369506836
82.7292327880859 82.7614822387695 82.9247283935547 82.9324569702148 82.9801940917969 83.1691589355469 83.326171875 83.2194900512695 83.3864212036133 83.4421463012695 83.5866622924805 83.7736206054688 83.7832489013672 83.6958389282227 83.6421356201172 83.7745971679688 83.7564392089844 83.9542465209961 84.1505355834961 84.1662673950195 84.3285217285156 84.2715301513672 84.1837463378906 84.1573028564453 84.1187057495117 84.1642608642578 84.372917175293 84.3883285522461 84.3038101196289 84.4331588745117 84.5474395751953 84.5285034179688 84.4583511352539 84.5092315673828 84.4798049926758 84.3484878540039 84.2834243774414 84.3178787231445 84.5674819946289 84.5103225708008 84.4312591552734 84.5076065063477 84.4718246459961 84.5094299316406 84.5793914794922 84.5533065795898 84.4982681274414 84.4311676025391 84.3556289672852
-3.4e+38 82.9104843139648 83.0222702026367 83.106559753418 83.1684875488281 83.2473602294922 83.1755447387695 83.2050704956055 83.3933258056641 83.5879516601562 83.6704254150391 83.7846603393555 83.7868347167969 83.7733764648438 83.7873458862305 83.7838821411133 83.7372283935547 83.9484558105469 84.0076370239258 84.2457504272461 84.4675674438477 84.2790222167969 84.2843475341797 84.3249969482422 84.2667846679688 84.3557739257812 84.4391555786133 84.4438018798828 84.3865203857422 84.4518432617188 84.5786361694336 84.8806915283203 84.5758895874023 84.6052932739258 84.5046997070312 84.394287109375 84.4544372558594 84.3662109375 84.3857192993164 -3.4e+38 84.5310897827148 84.4757614135742 84.4353179931641 84.5308532714844 84.6238174438477 84.619514465332 84.6041946411133 84.5062561035156 84.5157089233398
-3.4e+38 82.938346862793 83.0933837890625 83.0746765136719 83.1013717651367 83.2477722167969 83.2445526123047 83.5113754272461 83.4287796020508 83.5274810791016 83.6264495849609 83.6625137329102 83.6837615966797 83.6636352539062 83.6493988037109 83.7161331176758 83.8993682861328 83.9045333862305 84.0765533447266 84.1262741088867 84.2235870361328 84.2666015625 84.151008605957 84.2139587402344 84.1938400268555 84.2384338378906 84.4101943969727 84.5570449829102 84.6521148681641 84.6261901855469 84.6520004272461 84.6621322631836 84.6938171386719 84.7246932983398 84.5986862182617 84.542839050293 84.4976425170898 84.561279296875 84.4614105224609 -3.4e+38 84.4812088012695 84.5825805664062 84.6934585571289 84.6251678466797 -3.4e+38 84.4148635864258 84.3783187866211 84.4896240234375 84.6713790893555
83.1590957641602 83.0482406616211 83.087776184082 83.0954208374023 83.2090759277344 83.3300247192383 83.3483428955078 83.4321594238281 83.4797439575195 83.4641418457031 83.4910888671875 83.5755462646484 83.619026184082 83.6048583984375 83.6318054199219 83.7482833862305 83.9295272827148 83.9920196533203 84.1092834472656 84.1901092529297 84.2720947265625 84.3144302368164 84.1643524169922 84.3200988769531 84.2875747680664 84.3031845092773 84.3704071044922 84.5254135131836 84.6413955688477 84.7785720825195 84.7410202026367 84.7461166381836 84.7969741821289 84.7179107666016 84.564811706543 84.5386505126953 84.5900955200195 84.5653457641602 84.4462890625 84.6460113525391 84.6363372802734 84.5398635864258 84.5124053955078 84.6147918701172 84.5144882202148 84.4761581420898 84.5011749267578 84.6001205444336 84.6723709106445
