rcp4.5models/CNRM_CM5/sc1gr4.4
NCOLS 261 
NROWS 433 
XLLCORNER 336357.134 
YLLCORNER 654653.479 
CELLSIZE 1000 
NODATA_value -9999 
[rows 132 to 153 of 433, columns 50 to 99 of 261]
294.588093702288 294.496075893467 294.749831597013 293.861062546157 293.777949100796 293.565739700586 292.616056775891 292.748796427378 293.096134548041 292.659717171149 291.868535137094 292.039207734041 293.19218568615 292.349348948821 292.248707798791 292.397872021038 293.145747424211 293.197439355825 293.266246343587 292.913368962143 292.90317422238 292.76405857687 292.341432565901 292.179752423032 292.096987503875 292.363762503322 293.394256131348 293.711198890759 294.005793101493 294.638154283097 294.549848468735 294.192843795823 293.754185599799 294.01400427134 294.115779529188 294.023833228002 293.780172536932 294.627128773279 294.654949840778 294.099710447174 293.712924016403 293.553667966516 293.328619036121 293.269158480555 293.391519312884 293.345738279105 293.330326964663 293.183058205081 293.1465247061 293.862646675583
293.937866747775 294.750364679567 294.052666618011 293.935465736545 293.771124002831 293.678087006184 292.628870434598 293.115399273319 293.113127655205 292.70858622113 292.080968863103 291.842992892294 292.258400952928 292.933577138868 292.831439644472 292.272082477266 292.572697776592 293.137830539298 292.649549497586 292.513990315954 293.121213268695 293.002850149943 292.384957129897 292.195363575824 291.887797316973 292.314128778397 293.011280356553 293.433313184692 294.225476390229 294.577374300469 294.578711845609 294.45820089037 293.648843963998 293.740652538241 293.628572915286 293.495133314451 293.591314600898 293.87117353666 293.942003752886 293.777533947781 293.633565445846 293.326996378707 293.196523723217 293.329476466034 293.287579033681 292.925871760282 292.858636951834 292.943882413338 293.089915350866 293.485218162252
293.632983692659 294.039291679615 293.891896191533 293.921930824946 293.760759363564 293.738168603601 293.069538451257 293.219735652452 292.83533148371 292.722069312621 292.473267636957 292.418592912601 291.744770122927 293.222789389134 293.093900501709 292.791508352575 292.15502013492 292.984406847316 292.786185470682 292.266133200752 292.700600874805 293.035471186066 292.763439725367 292.084259835321 291.877953579663 292.280822390802 292.795355197113 293.376558876786 293.910755781218 294.37587514146 294.590342654372 294.681990876082 294.254506343356 294.018728492936 293.681322031127 293.604152797775 293.422557227073 293.449701287248 293.725424328324 294.464556894426 293.684139275472 293.510178183966 293.639000788345 293.828841215555 293.726278199836 293.356459497813 292.946971162788 292.903165850148 293.018032835481 293.100307192346
293.849278617692 294.030947777818 294.476569464467 293.682728026108 293.747901191315 293.718507574852 293.008935440372 293.106308230933 292.949549860849 292.751299700839 292.94098782085 291.919313028895 292.069233353884 292.657977682145 292.821882164463 292.783995670811 292.386605889195 292.637574128317 292.455651479273 292.262859616569 292.716213135991 292.733502715112 292.888997660482 292.439156926171 292.016795908174 292.234657567838 292.474625547846 293.216810552648 293.924086558423 294.265348411225 294.581130053198 294.708632216275 294.55090794379 294.4278980918 294.290126237358 294.310777138822 293.796364393473 293.547728121323 293.764213217435 294.221692481839 293.641006875199 293.530212050833 293.703390270975 293.83466562032 293.661527413164 293.171862616766 293.087830753603 292.843227519683 292.989970189396 292.997747361047
294.028317941608 293.870200548091 294.340771413235 293.695085113072 293.704562230232 293.26160813931 293.106632375375 292.819815229521 292.775468348057 292.269293129788 292.484673517642 292.152212885079 292.426832703545 292.278494359776 292.467063708966 292.347062436733 292.190575735147 292.207702450014 292.326790175641 292.426820550022 292.44319965568 292.612444086892 292.353597029955 292.643144598049 292.142717077992 292.157901985131 292.693217597048 293.062151495615 293.874711546722 294.215876817076 294.273976260923 294.618669558674 294.650616009615 294.560223348539 294.557352820957 294.41422052882 293.726823652394 293.599817026269 293.747486132569 293.788055095443 293.749808963673 293.476886515541 293.722228330445 293.754753524536 293.53769977237 293.041991639688 292.734061044569 292.836429865235 292.983031193608 292.990932694429
293.931076784327 293.636270313829 293.973274283608 293.726197068278 293.709953169441 293.510412991805 293.184894471797 292.818771611693 292.655773972624 292.014242443968 291.788026069902 292.351984981991 292.196000953291 292.316822717558 292.336967931832 292.011900733387 291.342013054452 292.047057170207 292.262176909296 292.412811516525 292.445092546842 292.644716299191 292.248730568796 292.242626336981 292.175565907987 292.061497228679 292.371778650411 292.839024753725 293.942750067898 294.062042986721 293.875069047028 294.227927428667 294.232588133545 293.99349300261 294.532155832016 294.261380878211 293.486854886542 293.621645876672 293.361809563099 293.622974476701 293.667508552297 293.446772598131 293.574491174275 293.62622162899 293.301668638049 292.785026125573 292.895496432296 293.018705830403 293.026656564703 292.743677133267
293.893944246349 294.082723958373 293.748188306055 293.687706594294 293.479176002628 293.114592844589 293.434112369957 292.970038894226 292.883551753538 291.957451481786 292.072779887913 292.191979588362 292.331850945673 292.241182623493 292.340466466896 291.849440530015 291.869930310926 292.261688253175 291.623628717479 291.739047595846 291.480982830238 291.784531567056 291.814235447224 292.074960569555 292.174430092624 292.169456583841 292.110563452022 292.129839822826 293.206516292121 293.347005685077 293.272261096961 293.40648679036 293.532588303059 293.36590217114 294.499157774116 294.23617640772 293.98470385179 293.615695880887 293.515569167469 293.277602837251 293.317744633085 293.445495391195 293.594145999939 293.452513551726 293.564950282821 293.378180279625 293.252313532584 293.099768688903 292.955103071991 292.776225333369
294.552345615762 293.971943659755 293.787085167762 293.442726519568 293.345021943473 293.222182300906 293.096801725023 292.429477047944 292.447764466292 291.54101732446 292.131933937384 292.296826123215 292.484587330914 292.814669945456 292.410978417015 292.102584617971 292.075740790072 292.268853691375 291.795402092173 291.857332103146 291.253310527872 291.918629839334 291.392387661528 291.892135947033 291.956633577343 292.04907804677 292.001383130072 292.03286279778 292.78205298802 293.047322549461 292.920649987434 293.130095304697 293.829135712918 293.819972441127 294.29828237703 294.129792490607 293.699399676869 293.565977711568 293.392178116693 293.205198682322 293.435030990187 293.374721640547 293.203168850762 293.184700361358 293.571141932634 293.333799364923 292.625991334986 292.532660709208 292.725766244811 292.802708673906
295.055210125804 -9999 294.521342800992 293.896119044381 293.33076895213 293.188040621031 292.977719299025 292.713572484171 292.331276371525 292.396364627754 292.625523762394 292.662510020873 292.643371853663 293.016831452763 292.795010729975 292.452816686284 292.13676161326 292.14270003399 291.687544867353 291.988464716099 291.641925477109 291.939638086354 291.636246275827 291.917633212417 291.841834384157 291.98991710635 291.964230758937 291.753807030624 292.390891980592 293.073795397543 292.846766079746 293.054433704033 293.989235498746 -9999 294.004674776601 294.172399020855 294.054672895829 294.001422686068 293.786488950262 293.329653460107 293.586120896839 293.192257138031 293.217010898319 293.26463177166 293.498783881252 293.383759309575 292.447851229572 292.832838495946 292.828792954995 292.696244966779
295.286205755231 -9999 294.793156088125 294.256333642891 293.900371304917 293.58615114612 292.888695839776 293.094292895112 293.030128415997 293.194839575605 293.453869346313 292.931915692298 293.009301911821 293.181257364754 292.939553067003 292.575788620898 292.108603410618 292.530063065766 292.053645568019 292.178395493063 291.998108255409 291.78432213327 292.024580374607 291.983664692745 292.026103988163 291.966532901414 291.844118824073 291.658314212174 292.203572076955 292.478833166423 292.379223680562 292.969001586886 293.25847312374 293.93322291154 293.879110243782 294.08629410311 294.149910583433 294.193934987703 294.126305820929 293.825118502418 293.782090983302 293.616680057457 293.745082266625 293.456377621808 293.680489822538 293.38881797266 293.015527775532 293.342111181827 293.124043624735 292.806429788344
295.320713776284 295.204280067269 295.161553788445 294.893156217548 294.588029057484 294.112621927503 292.955106510627 293.292558616366 293.686633270335 293.97100135245 293.659979577282 293.42185485211 293.378257016359 293.480762260532 293.042483659732 292.720590958608 292.576882153188 292.864753660665 292.520631694159 292.540173235184 292.656705970049 292.351049023268 291.984884325836 292.486772076032 292.225107495222 292.073804584122 292.089932949527 292.423635587059 292.14294795594 292.718406313852 292.29886455703 292.851912809057 292.823785017073 293.792723401983 293.878318297678 294.099597353147 294.023405447829 294.063939509545 293.987552947011 294.04057747227 294.068940012243 293.997928936364 293.997746087561 293.758247276784 293.887509724889 293.316170867498 293.386108012693 293.465693671492 293.152107597277 293.151566607054
295.063479595127 294.929580396172 295.167570404792 294.894155069102 294.792114038372 294.629842231209 294.020006036371 294.000518613685 294.040234141804 294.143751846054 293.84313946617 293.708546008344 293.494260198319 293.772774972899 293.046786409031 292.492376713853 292.87915433923 292.813593665159 292.631841407353 292.74445815146 292.83534773498 292.733999689102 292.42750296101 292.865596074097 291.943481798136 292.56830309497 292.59247252319 292.620834514896 292.118759032766 292.978125448637 292.661695248167 292.839132261593 293.106542294361 293.881232172961 293.970419004387 294.110103042147 293.777832125674 293.668379108607 293.560733617791 293.724712424916 293.825742266292 294.042890667254 294.056915161379 294.073450539136 293.835373943383 293.304523273894 293.613171506821 293.536605734476 293.29592661919 293.229324387694
294.939737954887 294.549811292823 294.446152640641 294.805756946488 294.91144121258 294.90400334999 294.564857015283 294.512729518747 294.430854930486 294.108113360415 294.044092910533 293.88212841388 293.780245761586 293.648214050442 293.067346535933 292.728396745143 292.702082846182 293.332551117794 293.223101559953 292.78975325243 292.875282871389 292.757785166282 292.676520233885 292.936764835577 291.879306975694 292.881264951546 292.780671590975 292.709320791874 292.555468502483 292.866128668107 292.896627528888 292.809800320928 292.94750126746 293.710963996053 293.997496266392 293.993027453563 293.606165634582 293.249662792209 293.070628750712 293.315788005502 293.490190804262 -9999 293.777204549366 293.988110029397 293.847534457596 293.660994596952 293.711492063478 293.571538917725 293.478591804448 293.231991257536
294.808640590958 294.428817492673 294.136549211618 294.311490538326 294.343449545272 294.278861367263 294.607355985118 294.593991008105 294.48371977896 294.439077329222 294.303315494313 294.012093992052 293.691143794045 293.59374940281 293.485523063108 292.880396324625 292.536304286232 293.498945422914 293.511876267198 292.871449767497 292.815823515854 292.761972931162 292.750565816092 292.922199531319 292.473353128644 292.716171717591 292.699727152586 292.899277754668 292.819391989588 293.001263559431 292.93823014797 292.775321399812 292.698386006904 293.156621755159 293.800161496288 293.933606085261 293.612146644713 293.270620777563 292.767493490853 292.982570999876 293.376245003877 293.459003284996 293.403655812862 293.737588853293 293.593178073993 293.675736364771 293.620666400511 293.577011533138 293.562321166331 293.428066075547
294.763861733681 294.546655408025 294.358397041824 294.452241346606 294.324929547803 294.177479809198 294.138252748467 294.238524812061 294.198108263809 294.261825621131 294.412749162051 294.278474741505 293.920700812642 293.797271020152 293.597336468776 293.243808020588 293.126226064434 293.441915033395 293.493381404152 292.874655823294 293.315771890723 293.301130452847 293.153919459337 292.855892494648 293.147380498712 -9999 292.804816869698 293.361129073738 292.905228177522 292.98458476867 292.805913671122 292.600317969562 292.745809166911 292.896414884586 293.511509667604 293.925313120379 293.623486685527 293.388614457853 292.865355848192 292.845192238575 293.190909111292 292.964062896896 293.179280908514 293.54200499959 293.323344583496 293.51669566669 293.412580927223 293.654728704707 293.580106960951 293.546124404056
294.52567730571 294.454847596624 294.185174606717 294.091756165654 293.816397483495 293.61474314731 293.137886830749 293.511057257421 293.628250150613 293.718552095378 293.690883199751 294.426143738156 294.506050122243 294.203409625118 293.786269444273 293.638112484813 293.62399768106 293.643787930769 293.671682420045 293.564988223242 293.790528986762 293.658301681977 293.418416687892 293.439227985992 293.617473469635 293.760657928554 293.442762206656 293.558846682428 292.922407847875 292.825348910119 292.74559891563 292.543204234104 292.483646985227 292.740786128438 293.655612919147 293.827942557014 293.61571683118 293.451906993414 293.258774540334 293.055338348059 293.071431308063 292.635934250378 292.952389710809 293.039514041568 292.823189170035 293.440107073101 293.406981895728 293.328997463872 293.408125121933 293.552327193683
294.502317104273 294.06538568773 294.047883177013 293.669535681724 293.518050357569 292.920065915063 292.32381134701 292.740589737452 292.516151915552 292.900987750276 293.274937183044 294.541452824613 294.696343792008 294.382573887839 294.182622817782 293.720428956426 293.628399806675 294.059041657208 293.953569806201 293.904531829514 293.898727751484 293.822444851872 293.646050511113 293.729978898714 293.637518471505 293.594266717189 293.338858812362 293.400988148104 292.612475893906 292.643028979212 292.53076762368 292.392739897158 292.396772334895 292.578277442322 293.34373815133 293.717875068968 293.342627383764 293.457229328667 293.355244850484 293.30503800632 292.812171167806 292.634926717529 292.746271110547 292.683619151577 292.435062818722 292.787649003416 292.917754675268 292.866460077608 293.030190209287 293.464029264672
294.169552540744 293.710215950379 294.00343390748 293.357870791071 293.509861946164 292.909900716701 292.251802830499 291.83304288803 291.650226030604 292.24194492846 293.483596093226 294.10354899337 294.125151130187 293.960516376699 294.109946193292 293.71772054348 293.691827805128 294.008681987578 294.038922624681 293.851111953444 293.592445916322 293.780024510983 293.718725124889 293.648701723813 293.760887447472 293.503433301166 293.062822021285 292.929077494192 292.446727374192 292.550636990007 292.296802730315 292.220046279468 292.529447338344 292.524257513728 292.964230399893 293.059107745812 293.218025072349 293.63282671325 293.394610009056 293.370965101033 293.005650875137 292.650773415669 292.591773963967 292.624888219861 292.360085028438 292.380494670432 292.491857250687 292.720198432482 292.8369437483 293.323814911386
294.25354508868 294.059576766792 293.814184155724 293.346567579079 292.953756225985 292.379437595844 291.496233064752 290.510276741686 292.091513081087 293.076001606542 293.468472862312 293.760546645292 293.462070409236 293.763311501662 293.427068222369 293.796213864658 293.6023590288 293.457618845689 293.681452418181 293.7635144968 293.045224573302 293.047217057652 293.081247956239 293.302000324959 293.432425604404 293.297522805129 293.060001083638 293.06709104441 293.070243124443 292.78271459835 292.676321029495 292.395611960527 292.536930204158 292.299814706449 292.495512613022 292.519368710922 292.575226864342 292.465427406035 292.92834507374 293.426722389914 293.55308270293 293.719920088788 293.588554534752 292.506072482454 292.502891811297 292.452409381618 292.444824789572 292.474388291927 292.389587053945 292.748536883375
294.226388785107 294.326064668696 294.135851514628 292.893478673301 292.79791499234 292.381843442639 291.309710855416 290.697626110315 292.45891730685 293.203401433046 293.37417909231 293.417905557447 293.120065869613 293.399276492785 293.381721453691 293.508128968905 293.365646192877 293.244754676886 293.227440892258 293.414505320947 293.322997442924 293.038377961828 293.056571543965 293.161608443182 -9999 -9999 293.061287148147 293.138491006144 292.672421589468 292.595795602842 292.646185528567 292.317248600175 291.816543912845 291.733229262261 291.808813419828 291.91499148963 292.071262986925 292.515422988608 292.413035906784 292.764961003744 293.122654205368 293.609150417751 293.52514642133 293.004517904958 292.489524178543 292.42248760486 292.506993553876 292.515850939546 291.811174891609 292.166273674012
293.501645860069 293.663500427023 293.693343614251 292.999805968233 292.564875956499 292.455274685624 291.245405804927 290.551524002155 291.722721214112 292.32004079269 293.13561291468 293.180971709469 292.839233742762 293.20628344273 293.322463488808 293.140870472669 293.22607830661 293.150776180422 292.935047587535 293.096219509637 293.170568344038 293.045566252593 293.134544769843 293.107667696385 293.220740006128 -9999 -9999 293.066021944035 292.93487075421 292.420724535745 292.555890668462 292.364808736997 291.675372693465 291.964242292152 291.977485721189 291.647461632651 291.961198122366 292.219316026151 292.366333366541 292.309265204199 292.522457813464 293.053719656948 293.485481855031 293.422818169115 292.991658660301 292.440756332243 292.451322435803 292.46839062187 291.981370400992 292.069945196188
292.504556779827 292.75227117079 292.678169569089 292.571546668803 292.412002259697 292.47660155827 291.124059775571 290.296614778795 290.224369795854 292.247725191325 292.727449358372 293.140920132088 292.938846981276 293.197150727613 293.298498913792 293.017004411546 293.079862915084 292.747533342715 292.840118269669 292.825658438077 293.018663568356 293.045315994463 293.16555292521 292.985479967173 292.766385389987 292.860378834103 293.11313275098 293.223136025272 293.13105698889 292.413358696303 292.522809239682 292.317469621549 292.191649668036 292.321362148553 292.095355289048 291.617880725288 291.729268433532 291.600664647813 292.084413510899 292.366369305741 291.913832348238 292.630717525398 293.066018347569 293.075838077878 292.973803991837 292.47448575602 292.361920455562 292.418584985167 292.399024597171 292.246841210155
