rcp4.5models/CNRM_CM5/sc1gr8.20
NCOLS 261 
NROWS 433 
XLLCORNER 336357.134 
YLLCORNER 654653.479 
CELLSIZE 1000 
NODATA_value -3.4e+38 
[rows 220 to 241 of 433, columns 147 to 195 of 261]
34.2396202087402 33.9549942016602 33.9859428405762 34.0983695983887 34.1813735961914 34.1585159301758 33.9277114868164 33.4408950805664 33.0078430175781 32.5436172485352 32.166877746582 31.8243141174316 31.5126552581787 31.2647895812988 31.1729755401611 30.6591053009033 30.4837493896484 30.4019660949707 -3.4e+38 30.2700271606445 30.3704471588135 30.6358394622803 31.0243663787842 31.1366348266602 31.2538433074951 31.5414962768555 31.9354705810547 32.1340675354004 32.5609092712402 32.7314491271973 32.9526977539062 33.5063629150391 34.2374153137207 34.7520446777344 35.2256698608398 35.8585166931152 36.2509727478027 36.4200057983398 36.5583038330078 36.7446365356445 37.049976348877 37.763599395752 38.3518714904785 38.6957244873047 38.9987678527832 40.2852783203125 40.9007606506348 41.3374328613281 41.651668548584
34.4796524047852 34.2304039001465 34.243335723877 34.3090019226074 34.2698249816895 34.054141998291 33.7338829040527 33.6052932739258 33.2824401855469 32.8955459594727 32.5148239135742 32.086067199707 31.7356510162354 31.4005508422852 30.9584655761719 30.4539222717285 30.295804977417 30.2202491760254 30.3032550811768 30.5510311126709 30.6386394500732 30.8702526092529 30.8690395355225 30.9858207702637 31.3077125549316 31.923900604248 32.2595596313477 32.3700523376465 32.4416847229004 32.6239128112793 32.9569969177246 33.6454772949219 34.1580085754395 34.7970199584961 35.5140151977539 36.0629577636719 36.1986198425293 36.3972549438477 36.5444412231445 36.8807601928711 37.4977569580078 38.032772064209 38.3529434204102 38.7207450866699 39.2110977172852 40.6107330322266 40.9686584472656 41.3536834716797 41.8016204833984
34.3793258666992 34.4234466552734 34.4019088745117 34.3469352722168 34.2328758239746 33.9906845092773 33.6773452758789 33.6661109924316 33.3770866394043 33.0274925231934 32.6124496459961 31.8593463897705 31.518705368042 31.1836891174316 30.7559909820557 30.290843963623 30.3176879882812 30.5068168640137 30.6590137481689 30.8336029052734 30.7562675476074 30.8145370483398 30.7950096130371 31.0290298461914 31.6695537567139 32.1236686706543 32.3338775634766 32.3219909667969 32.5253715515137 33.0502777099609 33.2916641235352 33.805793762207 34.1133995056152 35.3122482299805 35.8236122131348 36.0112724304199 36.2048988342285 36.664794921875 37.1002540588379 37.3413543701172 37.7631683349609 38.0256538391113 38.3716812133789 38.9109649658203 39.7005653381348 40.6738395690918 41.010986328125 41.5942459106445 42.3857192993164
34.607006072998 34.5959663391113 34.4471168518066 33.9920997619629 34.0308952331543 34.1744918823242 33.7789192199707 33.3107299804688 33.0237922668457 32.6772842407227 32.2664985656738 31.5559196472168 31.2940731048584 31.1150722503662 30.981143951416 30.5185966491699 30.5363101959229 30.6978511810303 30.7176666259766 30.6414928436279 30.5744724273682 30.6298522949219 31.1944313049316 31.3727951049805 31.778299331665 32.1684494018555 32.5648078918457 32.3453140258789 32.8291816711426 33.3682975769043 33.5350570678711 33.6654319763184 34.0793075561523 35.5289573669434 35.8741912841797 36.0339241027832 36.3008232116699 37.0539703369141 37.4517860412598 37.5765266418457 37.7452774047852 38.0257225036621 38.5260734558105 39.3778457641602 39.9628868103027 40.8838806152344 41.5899696350098 42.211784362793 42.7978782653809
34.7498893737793 34.6631774902344 34.5289077758789 34.1130790710449 34.1656227111816 34.3813095092773 34.003246307373 33.4159049987793 33.1276626586914 32.7810554504395 32.3715362548828 31.6639633178711 31.4370994567871 31.3156642913818 31.1556243896484 30.7349033355713 30.7051982879639 30.568696975708 30.52419090271 30.491117477417 30.5719146728516 30.8124294281006 31.4448223114014 31.5493698120117 31.6241264343262 32.0976448059082 32.7354965209961 32.6301002502441 32.923469543457 33.1655769348145 33.420051574707 33.7062339782715 34.3681602478027 35.3095664978027 35.8128318786621 36.2838249206543 36.545597076416 37.130069732666 37.2689170837402 37.4566650390625 37.734245300293 38.1807823181152 38.9976387023926 39.6583938598633 39.9817504882812 41.3942947387695 42.056022644043 42.4741172790527 42.7126731872559
34.7229385375977 34.3053131103516 34.3026962280273 34.1656341552734 34.1517448425293 34.1543083190918 33.7500839233398 33.4558601379395 33.1669960021973 32.8582572937012 32.4901275634766 31.8242950439453 31.5613899230957 31.271167755127 30.9221324920654 30.5392665863037 30.5509090423584 30.4941425323486 30.7434921264648 30.7175693511963 30.7938480377197 31.00927734375 31.1885089874268 31.3746757507324 31.6038761138916 32.1925468444824 32.5907096862793 32.7059059143066 32.8715858459473 33.0463371276855 33.46484375 34.0803031921387 34.6178855895996 35.3283004760742 36.0367622375488 36.5301208496094 36.7014579772949 36.9415092468262 37.1483688354492 37.5920906066895 38.1883888244629 38.6320991516113 39.2601203918457 39.6661605834961 40.1664886474609 41.6489944458008 42.0006523132324 42.4910087585449 42.6687126159668
34.8034744262695 34.3864517211914 34.2991218566895 34.1563529968262 34.0925636291504 34.0136871337891 33.6670074462891 33.3203430175781 32.8046684265137 32.5310096740723 32.237964630127 31.5759429931641 31.3213787078857 31.0448780059814 30.6622581481934 30.3462829589844 30.6871299743652 30.6974220275879 30.8777961730957 30.7788639068604 30.7716274261475 30.8158092498779 31.1174640655518 31.5567798614502 31.8543701171875 32.286449432373 32.4465675354004 32.6103858947754 33.0077705383301 33.4367141723633 33.7985649108887 34.3036804199219 34.5560340881348 35.6623077392578 36.2071495056152 36.4920806884766 36.7412490844727 36.9047622680664 37.2694473266602 38.0036277770996 38.5747108459473 38.8878288269043 39.2782936096191 39.856861114502 40.6460227966309 41.5923004150391 42.2039566040039 43.029541015625 43.1943511962891
34.5768814086914 34.4052314758301 34.3600044250488 34.4846992492676 34.3844299316406 34.0719451904297 33.6628074645996 33.2620048522949 32.8106651306152 32.6107864379883 32.3496780395508 31.6576042175293 31.4368343353271 31.2293891906738 30.8535118103027 30.4943199157715 30.7973957061768 30.7971801757812 30.6593856811523 30.5775909423828 30.5779438018799 30.6250972747803 31.4215507507324 31.7569808959961 31.9331970214844 32.1707458496094 32.3675384521484 32.5987358093262 33.272533416748 33.6836318969727 33.930534362793 34.1872901916504 34.6462707519531 35.8372344970703 36.0735511779785 36.2798118591309 36.7289390563965 37.2922248840332 37.6518859863281 38.2386169433594 38.5490646362305 38.8803977966309 39.4255561828613 40.3145484924316 40.9458770751953 41.862117767334 42.7791290283203 43.3527565002441 43.5986633300781
34.6878471374512 34.5092430114746 34.8557891845703 35.4919281005859 34.9052352905273 34.6545486450195 33.7376976013184 33.4662437438965 33.1002082824707 32.5203857421875 32.2590179443359 31.6806182861328 31.4975070953369 31.3299560546875 30.914436340332 30.5066242218018 30.5677814483643 30.5317897796631 30.3665199279785 30.3609066009521 30.5047397613525 30.8021507263184 31.5132694244385 31.6585826873779 31.7671318054199 32.1369972229004 32.6265106201172 32.8611793518066 33.3850555419922 33.596004486084 34.0370979309082 34.5531539916992 35.0382804870605 35.6972618103027 36.0579681396484 36.6159019470215 36.9646492004395 37.5316352844238 37.8626365661621 38.2015800476074 38.6843757629395 39.3237190246582 39.8626403808594 40.581844329834 40.9517097473145 42.4519462585449 43.0960655212402 43.4241409301758 43.6735877990723
34.8841171264648 35.0112228393555 35.4554824829102 36.1626510620117 35.579647064209 35.6407585144043 33.9765586853027 33.4742240905762 33.0883178710938 32.3480758666992 31.7986431121826 31.3231258392334 31.3116054534912 31.3600025177002 30.6411666870117 30.2943267822266 30.6311779022217 30.6454524993896 30.5267391204834 30.4880790710449 30.6979351043701 30.9688129425049 31.2054920196533 31.3899898529053 31.726037979126 32.3342552185059 32.7977905273438 33.0330810546875 33.4176368713379 33.96044921875 34.3539009094238 34.8883514404297 35.1341361999512 35.7560234069824 36.3918952941895 36.911449432373 37.1507377624512 37.4782409667969 37.8141250610352 38.3221626281738 39.0916595458984 39.7085609436035 40.0645294189453 40.4282188415527 41.0120048522949 42.5810356140137 43.0303840637207 43.6897468566895 44.3541145324707
34.9620018005371 35.040843963623 35.2331047058105 35.8511734008789 36.2636032104492 36.2378349304199 33.7932586669922 33.0666618347168 32.7738075256348 32.3730926513672 31.8588485717773 31.4182281494141 31.426794052124 31.3809204101562 30.6950435638428 30.3466739654541 30.6932487487793 30.7742195129395 30.658805847168 30.6304264068604 30.7189903259277 30.7552185058594 31.1215705871582 31.5458526611328 31.9412651062012 32.4012756347656 32.6399688720703 33.0133171081543 33.6676750183105 34.1868553161621 34.4752769470215 34.9039916992188 35.4463996887207 36.059944152832 36.5502090454102 36.8409194946289 37.0908012390137 37.4285087585449 37.9199562072754 38.7164421081543 39.3381576538086 39.6924285888672 40.0379676818848 40.5181579589844 41.4380073547363 42.5440979003906 43.2524681091309 44.2248001098633 44.9044456481934
35.3506774902344 35.7614288330078 36.6379241943359 37.854679107666 39.7881202697754 35.8037567138672 34.2338714599609 33.117057800293 32.6988945007324 32.1698417663574 31.9381504058838 31.5986022949219 31.3217315673828 30.9918937683105 30.391263961792 29.9912033081055 30.2602100372314 30.6586036682129 30.5273151397705 30.5487308502197 30.732292175293 31.05051612854 31.2290534973145 31.4020442962646 31.6579093933105 31.9847850799561 32.6942672729492 33.1991691589355 33.4336700439453 33.8612670898438 34.7231216430664 35.2814292907715 35.6160278320312 36.3043441772461 36.9299964904785 37.3688697814941 37.8985328674316 38.2297286987305 38.5131530761719 39.0824279785156 40.0514984130859 40.7547035217285 40.9508514404297 41.1738624572754 41.7864952087402 43.5149803161621 43.8897972106934 44.4341468811035 45.0951881408691
35.4281349182129 35.7516250610352 36.5499458312988 38.8442115783691 42.3920402526855 37.5320243835449 34.8030624389648 33.1565170288086 32.7214508056641 32.1616668701172 31.9324703216553 31.5835056304932 31.3347702026367 31.0920581817627 30.5256099700928 30.0966205596924 30.2500648498535 30.6113739013672 30.6308574676514 30.6568927764893 30.6982975006104 30.7569637298584 30.9206447601318 31.2280464172363 31.787281036377 32.1477203369141 32.677074432373 33.1617088317871 33.7303924560547 34.1868858337402 34.8104629516602 35.3321990966797 35.9835929870605 36.6484680175781 37.2543029785156 37.3994674682617 -3.4e+38 -3.4e+38 38.8936500549316 39.4818801879883 40.2441368103027 40.650390625 40.9537391662598 41.3150482177734 42.1697273254395 43.442741394043 44.1056594848633 44.9754600524902 45.608528137207
35.4457092285156 35.3987617492676 35.6726379394531 37.4292793273926 39.4195365905762 35.9410514831543 34.1430702209473 33.0738067626953 32.7213172912598 32.1933975219727 31.8263130187988 31.1128540039062 30.9046478271484 30.8415222167969 30.5147647857666 -3.4e+38 30.0676803588867 30.1328277587891 30.2850341796875 30.3182430267334 30.3670864105225 30.4319019317627 31.0322265625 31.3685417175293 31.8676929473877 32.198314666748 32.4703483581543 33.066951751709 34.2444610595703 34.741813659668 34.5904655456543 35.3015632629395 36.1951675415039 36.7273368835449 37.063591003418 37.3199501037598 37.7539558410645 -3.4e+38 -3.4e+38 39.7817687988281 40.1603813171387 40.4726142883301 40.9875602722168 41.7458152770996 42.4908180236816 43.9560890197754 44.5785903930664 45.4246292114258 45.9555969238281
35.6918716430664 35.8338775634766 35.8889083862305 36.3332366943359 35.841667175293 34.2949752807617 33.4140548706055 32.5972480773926 32.3567008972168 32.0732803344727 31.7237148284912 31.0768299102783 30.7677230834961 30.3747062683105 30.0844650268555 29.730016708374 29.8405265808105 30.1660385131836 30.3212337493896 30.3620452880859 30.41823387146 30.4886455535889 31.165807723999 31.3526401519775 31.5685806274414 32.0673904418945 32.6356163024902 33.0372009277344 34.1362991333008 35.0233497619629 34.8114471435547 35.3049125671387 35.9447975158691 36.5824890136719 37.0140037536621 37.6245155334473 38.0204124450684 -3.4e+38 39.3312911987305 40.1053848266602 40.4085159301758 40.7371292114258 41.292179107666 41.9933242797852 42.4965553283691 44.5037231445312 44.8379669189453 45.3507881164551 46.1383857727051
35.6800384521484 35.806282043457 36.0972175598145 36.8926582336426 36.228759765625 34.1202545166016 33.0962715148926 32.5952796936035 32.1598587036133 31.6382293701172 31.468921661377 31.0528125762939 30.7291774749756 30.3395862579346 30.113618850708 -3.4e+38 29.8524036407471 30.1515960693359 30.3104839324951 30.3571510314941 30.4198303222656 30.5324420928955 30.9175624847412 31.0812492370605 31.4648628234863 32.1703681945801 32.7997055053711 33.0270576477051 33.9908332824707 35.3616371154785 35.0888442993164 35.366886138916 35.6945953369141 36.4986343383789 37.2462844848633 37.7649154663086 -3.4e+38 38.7128257751465 39.6900062561035 40.4763946533203 40.8432998657227 41.0814208984375 41.4650917053223 42.0463790893555 42.9122352600098 44.8464965820312 45.525562286377 46.003532409668 46.6057205200195
35.7597732543945 36.0515403747559 37.3051605224609 40.0659561157227 38.9903144836426 33.8360366821289 33.0473098754883 32.5721244812012 32.1816825866699 31.7510738372803 31.5427532196045 30.6794662475586 30.4713172912598 30.343542098999 30.1479358673096 29.7288188934326 29.7207908630371 29.7973365783691 29.9951591491699 30.1175537109375 30.1881084442139 30.4278087615967 30.974910736084 31.1809139251709 31.5863876342773 32.0877838134766 32.5329971313477 32.9794616699219 34.182014465332 35.5188331604004 35.3120880126953 35.5683135986328 35.8692016601562 36.656135559082 37.2487525939941 37.5473556518555 -3.4e+38 39.8084144592285 41.3800582885742 41.3463020324707 41.3135948181152 41.2885208129883 41.9030838012695 42.4734420776367 43.3118171691895 44.8686943054199 46.0548133850098 46.9545669555664 47.5105743408203
35.9169502258301 36.3522529602051 37.8231544494629 40.7467880249023 38.1192359924316 33.777172088623 33.0056571960449 32.3940963745117 31.9118194580078 31.6821041107178 31.4133911132812 30.6888809204102 30.4802284240723 30.351863861084 30.0007343292236 29.3005104064941 29.3634262084961 29.4446582794189 29.7628936767578 30.1295642852783 30.2405834197998 30.5501880645752 31.0550212860107 31.1981639862061 31.5404357910156 31.8322658538818 32.3327178955078 33.2064781188965 34.1867218017578 35.1742973327637 35.4101333618164 35.7220916748047 35.9908409118652 36.8171844482422 37.0192451477051 37.3663864135742 38.186580657959 40.3460884094238 43.0910186767578 43.2860107421875 41.4440612792969 41.6582069396973 42.2541961669922 42.7028694152832 43.5080642700195 45.1051750183105 46.0951919555664 47.1827049255371 48.1517219543457
35.9684371948242 36.530574798584 37.3335380554199 37.6443862915039 35.081226348877 33.5750007629395 32.7100791931152 32.3222312927246 31.8953304290771 31.4779968261719 30.9494342803955 30.6524848937988 30.4436531066895 30.2832336425781 29.8839092254639 29.2166118621826 -3.4e+38 29.4561862945557 29.7673301696777 30.119047164917 30.2673759460449 30.5344257354736 30.8302440643311 30.9538497924805 31.3882865905762 32.0420684814453 32.6172256469727 33.8806343078613 35.332332611084 35.3589706420898 35.2072601318359 35.4423637390137 35.7332344055176 36.5640182495117 36.9243354797363 37.5846786499023 38.2755508422852 40.3223495483398 44.354549407959 45.5257186889648 42.6060333251953 41.7367744445801 42.0955581665039 42.745361328125 -3.4e+38 45.3689270019531 46.2027359008789 47.3490257263184 48.2754211425781
36.2557373046875 36.5254135131836 39.3708267211914 41.4650611877441 34.4634056091309 33.5904769897461 32.7250213623047 32.2882957458496 31.7982864379883 31.4551277160645 30.9537601470947 30.5285015106201 30.071174621582 29.8848533630371 29.5668163299561 29.152400970459 29.2146244049072 29.3919124603271 29.5619449615479 29.793025970459 30.1331729888916 30.6161632537842 30.5381050109863 30.8231010437012 31.4296054840088 32.0907821655273 32.5885925292969 33.708423614502 35.4483299255371 35.37939453125 35.0038299560547 -3.4e+38 35.5497245788574 36.7173805236816 37.1139793395996 37.8435897827148 38.5730209350586 40.4303131103516 43.9395713806152 45.0707931518555 42.3239364624023 41.5557670593262 42.1242065429688 -3.4e+38 44.1120071411133 45.8013000488281 46.4994964599609 47.6947746276855 48.8021278381348
36.6692314147949 37.4583053588867 40.6698455810547 43.3618431091309 34.8258781433105 33.7504501342773 32.9580879211426 32.2702941894531 31.8084506988525 31.4423160552979 30.9137706756592 30.4040641784668 30.0042667388916 29.8799095153809 29.4440460205078 28.8218307495117 28.8891105651855 28.9441394805908 29.0904235839844 29.2873001098633 29.6783409118652 30.2884559631348 30.5729751586914 30.8533840179443 31.5237426757812 32.1395988464355 32.3075065612793 33.18603515625 34.0980415344238 34.7288398742676 35.1280517578125 35.4311485290527 35.7815933227539 36.9380302429199 37.233039855957 37.9075355529785 38.9897193908691 40.0548782348633 41.5043296813965 42.7245025634766 42.177059173584 41.5598373413086 42.5487098693848 -3.4e+38 -3.4e+38 46.1889686584473 46.7926216125488 47.7996635437012 49.0514183044434
37.2151107788086 39.808406829834 42.5736389160156 41.6704139709473 35.6147308349609 34.1241760253906 32.9653968811035 32.3476600646973 31.7927722930908 31.3216228485107 30.7267227172852 30.0849227905273 29.9644031524658 29.8330593109131 29.4106025695801 28.8125591278076 28.8818206787109 28.9497623443604 29.0964965820312 29.2720928192139 29.4967498779297 29.8804779052734 30.5681991577148 30.7845668792725 31.4137706756592 32.254508972168 32.4654159545898 33.1116180419922 33.6474075317383 34.5076217651367 35.1783447265625 35.4965553283691 35.9001579284668 36.7296028137207 37.0684127807617 37.8346824645996 39.1149520874023 39.6765365600586 -3.4e+38 -3.4e+38 42.4448127746582 41.8708610534668 42.8450622558594 43.5311164855957 44.4382019042969 46.1961059570312 46.957275390625 48.0661087036133 49.0045928955078
