rcp4.5models/CNRM_CM5/sc1gr1.6
NCOLS 261 
NROWS 433 
XLLCORNER 336357.134 
YLLCORNER 654653.479 
CELLSIZE 1000 
NODATA_value -9999 
[rows 308 to 329 of 433, columns 50 to 99 of 261]
60.6360240107124 60.5625283730733 60.8394990363588 61.0575943417775 60.9635308174782 61.0972082597687 60.9191127695074 61.1737452030802 61.1673500921511 61.2514176018955 61.3592527046003 61.4160324664984 61.3853030522789 61.1919008756332 61.0316388791732 60.8672030491516 60.9457353584321 61.2574053770187 61.4069059301493 61.3665947735066 61.3956472293274 61.5111569419879 61.6037638230659 61.7685769587914 61.9234945019921 62.0697695431229 62.109547181981 62.1052434005318 62.1039234944887 61.881385712175 62.034827121377 62.1387624929835 62.1745389591296 62.0708376003583 62.2691398712306 62.2665526138873 62.1647479806206 62.4855677282377 62.722093791429 62.7178204123636 62.8231450307988 62.9663710314129 63.1360078006989 63.6187925478688 64.6826615641333 65.4469193024968 65.6052450553631 65.4177829521811 65.4070134298081 65.7376220058787
60.5573748762757 60.7349271898828 60.9460647381408 61.1206336647385 61.2204543806097 61.2320752291285 60.9506642408741 60.9773369732484 61.0735859576298 61.1007184126923 61.312074389867 61.3908539898437 61.5076709875982 61.5871607879222 61.3611855133993 61.0306388908318 60.9324913173805 61.2994112203664 61.271843570781 61.4045926212565 61.5245239454558 61.6275037675579 61.8168900997937 61.6738335169611 61.7439134072625 62.1175890438617 62.3508794950395 62.3205383472549 62.19583355842 62.1465999276704 62.1426678996622 62.3230227754525 62.3259656959455 62.1647056006145 62.347154529299 62.6585889968726 62.5752176910393 62.6949441217187 62.8174246755672 62.92634062785 62.7522321486644 63.1745817410494 63.4835170465243 63.9154006891939 64.8923775895136 65.1959120794704 65.1551719072161 65.4723413487882 65.389012459932 65.6442668086786
60.6251477878133 60.9597884021701 61.0624541168664 61.0845591677481 61.1819676795386 60.9218750610859 60.744252807084 60.6875014816348 61.1181576341019 61.3732744423541 61.3750900863834 61.2860232115454 61.4067391358886 61.5749443960545 61.3517040056925 61.1661402995263 61.2244856426187 61.549796172815 61.5771245581381 61.8275793109711 61.8306030538682 61.7388609608873 61.5475676152774 61.4493240064016 61.865299649259 62.1523654598416 62.3439628309542 62.377287024975 62.3373597018713 62.451122954128 62.3041314331076 62.3255311505125 62.3600179038226 62.3290429632195 62.4741515943478 62.8310939945557 62.6408179012315 62.4237208428612 62.7883963053403 62.9501590236123 62.8487482491783 63.2975068425258 63.656006862647 64.0991500506375 64.6553954236059 64.6816943947033 64.6988688051269 65.0924352213547 64.9083004746771 64.9088997633816
60.6108381157589 60.9371113453928 60.9659952141578 61.0021185197166 61.1554448111847 61.1286324101756 60.9121120582558 60.6854260996118 61.0604682066426 61.4781224499564 61.2931809485359 61.3500740214949 61.6252812391785 61.5648260739433 61.2909506226992 61.2661524622476 61.4679978322175 61.6243846475915 61.672080744211 61.7496518319406 61.8840252490815 62.0197622328745 61.7683364771225 61.7353612360865 61.8985940531409 62.1409168999938 62.275280704304 62.0914560199796 62.0979129486376 62.4868108795038 62.5511128481989 62.4078169043969 62.3675651466722 62.5714068291627 62.6227789159781 62.7982904138759 62.7082682787797 62.6082185135675 62.8665420273169 62.9248548275781 63.0477923249322 63.3329828706873 63.4728175485018 63.8813144614438 64.1703883307302 64.0119048577853 64.1297512399519 64.2272858371365 64.0115996550558 63.791476882189
60.7791328306722 60.895316224383 61.0967440391053 60.9705746671839 61.0638756839917 61.1802441640514 61.2471508406194 61.0358552047959 61.1650429050929 61.3664602874639 61.195315266909 61.415551236393 61.5360601264121 61.3406546999807 61.3290396309906 61.3505245669214 61.5979717324458 61.498613376385 61.7313097075691 61.7824822365913 61.9086935615238 62.0560792054889 61.9786672045766 61.9919609381271 61.9852965812285 62.1764584074394 62.2075149592748 61.9678734965076 62.3554532824858 62.6677823269883 62.5789216880613 62.4829765396193 62.6218302702567 62.7905656858845 62.5997072442546 62.6559507374786 62.9091534085477 62.9717847876945 62.7615918901885 62.827579779936 63.0270475517294 63.3445388175969 63.3441715320807 63.6233766974714 63.7261765160978 63.5721307426867 63.5954236090034 63.7385036607341 63.8464787197426 63.7185704447986
60.939705472627 60.938660235184 60.8283327993778 60.9202268150142 61.1800971094822 61.2339271584498 61.4356993793368 61.6395474374552 61.4681897192017 61.3223640456328 61.3397878938107 61.5107084156084 61.5913768206808 61.6036103456712 61.6484324119949 61.7590302355013 61.7308703300025 61.8044469289259 62.0838518896195 62.2352280048505 62.1595749497332 61.9892268331842 62.2222344509502 62.1701576372499 61.7593069440883 61.8178171256557 62.113894153954 62.4871687009667 62.5037081204577 62.7538284301648 62.7032374595518 62.3985975336457 62.3920360335433 62.5377767543133 62.5445850643723 62.7135902243286 62.8015176052315 62.6282907619268 62.7796649020609 63.1174403737549 63.3350346313823 63.4361197988959 63.5824446047098 63.5922190838249 63.5995012178103 63.5509787523735 63.6974013365352 63.7700138140223 63.6182484944202 63.7849772767811
61.2375348476503 60.9301582837544 60.7911195501158 61.0601271377593 61.3502697307389 61.4894013523145 61.276662442582 61.5767751896793 61.5658128605526 61.5030331106967 61.4264926561589 61.4708238321103 61.6562951312361 61.7341396591576 61.7642230100595 61.7895647245589 61.6838892841836 61.690488039172 61.8205516051007 61.9688294843714 62.238791540202 62.1922087579045 62.1860334825118 62.2940655040955 61.9951341542443 62.0414772117539 62.4264590271069 62.3564257053539 62.4219284650227 62.4603557775324 62.7309886598469 62.8132629912713 62.7388415894597 62.8010990049549 62.7167362070257 62.7351264961302 62.7633709327333 62.8261190930492 63.0768822224279 63.1053435382168 63.175954726154 63.2047752963535 63.3237212083172 63.5709902287611 63.6029194769466 63.7570600211792 63.9763001980962 63.7517366465018 63.7721063705868 64.1795231316101
61.3900584652456 61.012222645713 60.7256682814393 60.9580443175292 61.3329825261501 61.5505701092054 61.3152805354628 61.5604654463336 61.553298785128 61.6179524363934 61.6202122570026 61.7258139322354 61.9165392717947 61.6736717368909 61.6906491331553 62.0471830068519 62.0654523827489 61.6667278145435 61.7830567369795 61.9395653670275 62.1078394340662 62.1332014970729 62.0741798982551 62.2237577129707 62.0253601893257 62.1056476124538 62.4885658392241 62.3708706081268 62.7290763273181 62.7258518131027 62.691556471555 62.7059005033582 62.884857064014 62.8889624731342 62.9572950354111 63.1083083554301 63.1033967153924 63.3200728470302 63.5043289149043 63.2632820390807 63.4308162321821 63.5905135025313 63.7580340519389 63.9001708976797 64.19807582678 64.2847451851648 64.1737676884099 64.0209598408501 64.1249209447738 64.5529961810062
61.522381085287 61.1724432145856 60.9265216892722 61.1171300062658 61.3756560049021 61.5011054722673 61.4676220771732 61.5437569254543 61.6598442752348 61.5745042323634 61.3947927353752 61.4479958690024 61.6579748674048 61.6406078363932 61.8364832345423 62.1253745610727 62.1757264132426 61.7557630274726 61.82307264345 62.0172362574917 62.1701320774985 62.1925157498671 62.1809111613178 62.3371404603803 62.2763651386772 62.3204474365807 62.5089808705697 62.500001651623 62.7850645017997 62.8329072955289 62.7918999844279 62.8421968817039 62.9821855634743 62.9752155303907 63.0442130061331 63.3263363819301 63.2962782440304 63.3618082149148 63.5135582233708 63.5320295070164 63.7375244725122 63.8485696112548 64.1718045016668 64.5270593892428 64.9756829576347 64.6369010954015 64.2917773879487 64.3967758034899 64.3844282851116 64.6027065663668
61.7268663588256 61.3485872936385 61.2059448524903 61.1970580094944 61.2217523516739 61.4631950097492 61.6381175735263 61.5144532209469 61.6010192389967 61.6403767208402 61.6822195599389 61.5751117774089 61.4809048567889 61.7243191191845 62.1655231083329 62.1702640215266 62.0593026037432 61.7908603965328 62.0257485388291 62.1703210027416 62.2813844369232 62.3868952910562 62.3777931071426 62.4705019485737 62.6190088170848 62.6827788248986 62.6211809218916 62.5522979717691 62.7145429089199 62.7552977529073 62.7774323499564 62.8372924406362 62.8866747951317 62.9935174592636 63.1000686075367 63.1377962939805 63.1514336992623 63.1880989424378 63.172007825818 63.4201632140573 63.6335963728397 63.9674574817531 64.3328471406819 64.8174457331952 64.9416211823701 64.5147311641252 64.2957345616304 64.3591434191508 64.5255403491235 64.5819633197536
61.5603503309832 61.3701172087302 61.4973622563906 61.4253674602239 61.2564392340159 61.3081593346895 61.7825826973385 61.6567245817575 61.5844170421737 61.6956538470051 61.8474699632969 61.9059572043921 61.9059011155323 61.9900881310125 62.0300542211509 61.9036740147777 61.8330213402677 61.8836959697022 61.9596485728218 62.2439590883209 62.5457767611677 62.5190029650326 62.3980847681709 62.5553352352026 62.5812483107086 62.6175769293204 62.6012928557033 62.6133436104 62.7926974246637 63.0088068220863 62.9943715108138 63.0348608243486 63.0124585852031 63.1248352755705 63.2091328966771 63.1359231463499 63.212460600294 63.5550630339368 63.5907968973723 63.3967520450932 63.5641597129444 64.1218845284286 64.3875233770069 64.6017756313252 64.3971725662787 64.1948701325153 64.1336018619094 64.2863446467961 64.7662832054213 64.9835726742385
61.7076278891706 61.4871337451153 61.392928064941 61.4049980609113 61.600815702865 61.4581561223721 61.614067961595 61.8450922032631 61.7100633808217 61.5927442402295 61.8115011693225 61.9375632252546 62.07491940001 62.1034252367199 61.9545680815118 62.0764978180936 62.14017050079 61.9524174561109 61.8263406507847 62.207592620224 62.4180850049986 62.2910554459627 62.5262293092004 62.6919863924571 62.5182448643979 62.6114361465937 62.6860805892342 62.7027567429949 62.7336837424544 62.9917795238076 63.2213549292953 63.353974250305 63.2769965125349 63.1016879244577 62.9398440835844 63.090325760378 63.2223323740983 63.4849056809749 63.7107740596968 63.7397576957117 63.6010362826614 64.0032084830945 64.1979948553512 64.2387764505295 64.06144681697 64.1504547397301 64.1815906852361 64.2743986643248 64.8444793899068 65.2873943731379
61.6973091166436 61.3471929783689 61.1631742974668 61.3576067599129 61.788393227342 61.7382441528836 61.5541416547299 62.0828493423981 62.2194379708288 61.9443749702047 61.9240704433886 61.9165722680882 62.0585109216463 62.2018759407688 62.1365253329614 62.2840465414184 62.3448217381498 62.0461032044297 61.9699949463252 62.2369670784274 62.283801737488 62.3098349043132 62.6048989711934 62.7787500379959 62.5781396721712 62.5799631947878 62.8179773630975 62.7625740323295 62.6196164366479 62.9983403392354 63.1314369617593 63.0019100977549 63.1425175259886 63.2401310275361 63.0149818020986 62.9641312733805 63.2538552529953 63.4233315165207 63.8191118557346 63.9135770574802 63.4878892642066 63.831720253729 64.11022997413 64.2930523529641 64.1889436638064 64.0500037847924 64.2191720002025 64.3964776113865 64.7006090929608 64.9376699448343
61.5815963166622 61.6405396741632 61.6396886489412 61.662665287317 61.5741515562573 61.6920734566821 61.9030085617757 62.0910587135483 62.1801696321078 61.9133411733549 61.8115333683588 61.8510493573903 61.974673599696 62.2500347038365 62.2239386841229 62.1723182750549 62.1912837010461 62.0843999420414 62.1339639412693 62.3976345699436 62.3803994347432 62.537453213842 62.6106577846111 62.5770361858769 62.5477695561608 62.553495865137 62.7465236889326 62.7246672984975 62.7034458784101 62.9256263666075 63.1054824809104 63.1385234770014 63.1820682644932 63.3397468168808 63.4506742026784 63.4831191059473 63.4973177278526 63.740737057775 64.2698473382897 63.9743892224983 63.6840254892231 64.1639638961144 64.2210840884395 64.1934885217182 64.2373165838427 64.0716443732691 64.0197510888255 64.3268658163199 64.6600461620069 64.7918328650383
61.8843974157457 61.8958233892479 61.7556876788914 61.6332012795298 61.4096646276387 61.5859742256654 62.1839034154701 62.1784951669973 62.076061725265 61.987138691973 61.9514141027006 62.0432696494171 62.0739213889375 62.1893411950631 62.2089017285945 62.126885249754 62.1327327375708 62.1964021913966 62.2707131932143 62.4956333803421 62.4562267986114 62.5169004349505 62.734091674297 62.7190042186633 62.6233047567026 62.633796930445 62.8075379443732 62.8004847564032 62.7302980024165 62.7730153806689 63.1696229199575 63.5567010904972 63.5858115714146 63.3000067842913 63.2768170654714 63.5866796246018 63.6248982211054 63.6901599047969 63.9169559992731 63.9549816811601 63.8079656685057 64.0985140340701 64.3043672632721 64.4764855107066 64.2210022779762 64.1804566120259 64.4533459981149 64.5203134922339 64.5550853515873 64.7378218221559
62.0441764254007 61.9917531622464 61.5009671997377 61.4155242230135 61.5529036885451 61.7234349420945 62.1175460043494 62.0878911701845 62.0632187135058 62.1607427207293 62.1414514461427 62.1841472063042 62.1768585896554 62.1777532241599 62.264452048842 62.1762208811022 62.2506078729934 62.3309690859437 62.3496516618496 62.4650161697633 62.4716101908986 62.3743899654718 62.6668202479711 62.6882174001799 62.5552229042286 62.6375622826701 62.7372701841763 62.7625919036115 62.9189169245335 63.0991631832114 63.3113065796068 63.2659725099439 63.4145582136339 63.2557165971215 63.2956209076345 63.5866052455221 63.7352029703452 63.5866345686614 63.6456451040902 64.0834584749037 63.789266754966 63.8994112101348 64.2596820365029 64.4450500428249 64.0286100263822 63.924434704475 64.326749856847 64.702647367171 64.916776940189 64.8903292581685
62.2147534138903 61.8984972522175 61.5108807758165 61.4754655592626 61.6264485851314 61.881512324542 62.06296199443 61.982457760581 61.8842438254132 62.0326489954858 62.0595188024805 62.0629529127884 62.0013450061555 62.338066763298 62.5246360929546 62.3638503937365 62.3674023203683 62.2439054713174 62.4078736704032 62.5888653581336 62.4960933799473 62.5121913286523 62.6770100043645 62.6091889530889 62.72754705802 62.8571917273353 62.8294384549576 62.8398589358922 63.1244375095639 63.4570410057424 63.3813135294694 63.0284084247983 63.1259384758479 63.2963339674911 63.6031791139222 63.9050863244478 64.1211026086104 64.0740360671528 63.9627949779746 63.9034453332805 63.8558008749854 63.9167068470129 64.0101399837572 63.795005900239 64.0455356065868 64.4045711239784 64.5149736687232 64.8540575944221 65.0600898625595 65.1698178428064
61.8115917090655 61.8993726575195 62.0170521253012 61.8930405938238 61.8609536857321 61.8622704738555 62.1531938528854 62.1187465517249 62.0982556883325 62.154889506057 62.1593758243529 62.1787219380795 62.1886451327617 62.166504902544 62.3324690295688 62.4243639623133 62.34781424476 62.539881155132 62.5356927557646 62.5946530077124 62.7176375117473 62.7498865342732 62.822088108983 62.6768956229512 62.6794723707978 63.014600385077 62.9992710325675 62.8197603989432 63.0945524334517 63.2055080313932 63.3627614210806 63.4490847763554 63.3120618469803 63.3597789807457 63.8027820583603 63.9018292015181 63.9145546525007 64.0929391463937 64.1980519742774 64.0166622906773 64.2915625942478 64.1302974839474 64.246949540602 64.3906443146919 64.836020069136 64.7140820426704 64.4436902942261 64.7463851822865 65.1051564468048 64.9500328006536
61.851698520585 61.9313000985265 62.1386185101458 61.9255065242545 61.7986867511502 61.9528714933666 62.2275221551294 62.1323251451291 62.0902940200404 62.1666004153358 62.1489249623018 62.146592313042 62.1811389874914 62.2264373960761 62.3057951139846 62.4789482449966 62.3982847014556 62.452538270124 62.5981648030032 62.7082125305092 62.8788944336138 62.8308786145348 62.758416838624 63.0021134020326 62.9335782021962 62.7298381768455 62.9516353000379 62.9523583363994 63.2868289717782 63.3033549657153 63.2554000441029 63.4691487813262 63.577454699357 63.5436199656415 63.8639922971168 63.9658207672315 63.9768593372473 63.9686312363999 63.9167323460575 63.9997797547165 64.1230701830606 64.2313425383079 64.2572450132772 64.3832311556897 64.8425596139478 64.8194325832872 64.8541812062817 65.2684081786008 65.145032546668 64.8446497141736
62.1435932484758 61.944779910748 62.1394963093446 62.1290038155536 61.8405050452677 61.8159005988494 62.2394555812772 62.1889245260732 62.3604238184617 62.2981355304814 62.067704504423 62.198401396613 62.2369310465173 62.3442948385379 62.6074646447304 62.6500004182166 62.5608003622392 62.531014710516 62.7235885452917 62.8045257678168 62.9493259085977 63.067961484304 62.9087874545911 63.0883063435588 63.1889402504575 62.8394465505282 62.8819312510064 62.9994808643487 63.2889865540576 63.2854627436666 63.3464737761166 63.6262019347552 63.8884428197898 63.7058667033926 63.8912356274318 64.1992852003966 64.038793728284 63.8798000041012 63.7606226220322 64.0297329644826 63.9293019554999 64.1734374485241 64.437323134002 64.6982374676932 64.8923720402379 64.9821041286493 65.0275673906931 65.237509856981 65.1622858158898 64.9889326565374
62.2342525769808 62.1466529482845 62.1500230339886 62.043894895871 61.9869135898658 62.0060991787151 62.2572167841301 62.4218855408917 62.4623829141523 62.1612848731215 62.0269630072496 62.2461871145768 62.4362219008737 62.5869045609159 62.7558963687242 62.6693460178867 62.4859542123142 62.5935066946418 62.7356102575705 62.7706260141496 62.9168633141621 63.1242511688173 62.9832859967163 62.9985205724459 63.1229102594572 -9999 63.091858234174 63.0815957109001 63.3845598867388 63.351291842234 63.3355508223253 63.4560467766427 63.6234188844426 63.8075463085151 64.0127844031903 64.1565615663704 64.0933620101833 64.2262888037047 64.2095804994655 64.2267456599228 63.9444935429881 64.2347752057974 64.5999062187999 64.9061178788725 64.8851515148187 65.0156037453005 64.9825047421237 64.9888050798049 65.1605989024215 65.387239402463
62.3579057320904 62.3320272431476 62.1884289829597 62.227365935064 62.2208297952152 62.2012080873659 62.2714473315282 62.3587503624096 62.2408994257525 62.1200709238886 62.1390806295894 62.2046463416517 62.4680900282381 62.6178729210697 62.611235092525 62.5895511706456 62.4544528167448 62.7464891081461 62.7538977989889 62.7053061876465 62.8136504524211 63.0592898516079 63.1830489718494 63.201386215461 -9999 63.0213792962827 63.1500427915341 63.3181904568286 63.5505061525884 63.4220245752787 63.2612507715754 63.2701804013448 63.5618939486558 63.9605433235225 64.1522261458945 64.1006825327212 63.8351542709815 64.0409483885729 64.4076602514225 64.4141532262786 64.121246222042 64.3672389097818 64.6465556187952 64.8744297946072 64.934459468556 64.981058285906 65.0362427532641 65.0177289049301 65.3169265498091 65.9040408938676
