rcp4.5models/CNRM_CM5/sc1gr4.8
NCOLS 261 
NROWS 433 
XLLCORNER 336357.134 
YLLCORNER 654653.479 
CELLSIZE 1000 
NODATA_value -3.4e+38 
[rows 352 to 373 of 433, columns 98 to 146 of 261]
263.021331787109 263.379821777344 265.203887939453 265.168792724609 257.807220458984 247.015930175781 242.423904418945 247.784301757812 255.510971069336 260.36474609375 260.357513427734 258.444519042969 257.624877929688 257.827453613281 248.947494506836 239.677307128906 234.216445922852 232.182571411133 229.011749267578 226.405624389648 220.352661132812 -3.4e+38 208.371932983398 195.497787475586 191.895309448242 186.875198364258 193.097381591797 203.224792480469 212.103439331055 220.76643371582 228.965637207031 231.922882080078 231.7001953125 231.946899414062 232.990875244141 233.22575378418 232.771957397461 232.477233886719 230.319473266602 230.527893066406 231.503479003906 232.044982910156 234.196716308594 -3.4e+38 -3.4e+38 230.51823425293 233.429565429688 232.930450439453 238.174102783203
261.822113037109 261.406494140625 261.815246582031 266.296600341797 261.027435302734 248.626052856445 235.278213500977 232.711364746094 241.583526611328 252.789611816406 259.768127441406 261.032836914062 260.2236328125 258.844848632812 256.583374023438 250.356597900391 243.548461914062 238.535034179688 231.882141113281 227.890090942383 231.078964233398 238.915191650391 233.975570678711 219.14697265625 211.510482788086 202.001159667969 207.597625732422 210.442901611328 216.894638061523 225.231658935547 232.132919311523 233.607147216797 232.257904052734 232.770568847656 231.978118896484 232.364517211914 231.459884643555 233.649002075195 234.056976318359 233.639236450195 233.482299804688 233.91828918457 -3.4e+38 -3.4e+38 -3.4e+38 231.642761230469 231.782989501953 230.555648803711 237.076736450195
262.205352783203 260.372467041016 257.952697753906 262.839202880859 263.238311767578 259.872528076172 246.296966552734 233.872268676758 231.99983215332 239.651077270508 251.739532470703 257.422729492188 259.620208740234 260.311462402344 259.396667480469 256.8642578125 252.743667602539 245.162216186523 233.705825805664 231.00439453125 241.784866333008 250.776519775391 247.12646484375 240.231475830078 232.431457519531 224.841171264648 231.759414672852 232.455963134766 234.807464599609 238.596923828125 239.736953735352 237.470764160156 235.952423095703 235.061904907227 232.047058105469 231.575424194336 231.136337280273 230.245132446289 232.872619628906 231.883743286133 232.153945922852 234.147720336914 -3.4e+38 233.471893310547 231.737380981445 229.033996582031 226.819244384766 229.356399536133 238.857299804688
263.900543212891 261.789855957031 257.788452148438 260.105560302734 262.895874023438 265.158142089844 259.477172851562 250.029556274414 242.703231811523 236.218902587891 235.473983764648 242.438751220703 249.520446777344 255.306549072266 259.733978271484 259.451263427734 258.507751464844 253.896072387695 245.096588134766 244.170104980469 252.26220703125 255.996978759766 254.020263671875 251.385009765625 248.389358520508 244.17692565918 243.617446899414 245.256790161133 240.862564086914 234.345184326172 233.037368774414 231.535354614258 232.199066162109 232.545623779297 232.032913208008 232.076217651367 231.091644287109 229.965316772461 230.119003295898 228.603530883789 229.058685302734 230.476943969727 231.358779907227 230.898147583008 228.101364135742 225.770812988281 224.925277709961 228.166107177734 239.204360961914
264.134521484375 264.530303955078 262.475433349609 258.758148193359 260.741973876953 264.894775390625 264.675567626953 261.323883056641 256.001037597656 246.645416259766 232.252777099609 225.377517700195 231.307769775391 243.861373901367 258.04052734375 259.181304931641 259.866882324219 258.084686279297 254.709945678711 254.277694702148 256.505004882812 256.722198486328 255.767883300781 255.157745361328 255.6162109375 253.86637878418 247.20002746582 240.256439208984 232.786743164062 225.305313110352 220.638854980469 216.551818847656 220.40998840332 225.791854858398 229.732147216797 230.850631713867 229.897827148438 231.255966186523 231.818359375 231.580947875977 231.003601074219 230.607986450195 230.049835205078 228.295791625977 227.040634155273 228.795562744141 230.291473388672 232.360885620117 237.874206542969
262.384857177734 264.099212646484 264.578186035156 259.175476074219 260.464813232422 262.419616699219 260.258422851562 261.313659667969 261.9599609375 257.282562255859 247.387054443359 234.983520507812 231.791961669922 237.872436523438 254.062438964844 257.622985839844 257.706207275391 256.900177001953 256.453674316406 256.429565429688 256.919952392578 256.924987792969 257.044708251953 257.169952392578 257.257781982422 256.780517578125 248.490829467773 240.484558105469 234.636459350586 230.627639770508 221.81965637207 212.424713134766 213.316070556641 220.021530151367 226.854095458984 228.341171264648 229.363571166992 228.194290161133 231.497711181641 233.591201782227 233.631637573242 233.658874511719 233.143890380859 231.30549621582 231.110122680664 233.510314941406 235.850082397461 236.744155883789 236.409820556641
260.270477294922 262.923492431641 264.531677246094 263.362182617188 263.424926757812 262.590637207031 259.783355712891 261.245788574219 264.371704101562 261.708068847656 258.983001708984 253.523498535156 246.848022460938 246.019134521484 253.469223022461 256.457733154297 256.707214355469 256.289611816406 255.648162841797 254.757614135742 254.438827514648 255.797393798828 257.920928955078 257.169586181641 255.832626342773 254.685333251953 247.223098754883 244.999130249023 242.618896484375 238.602432250977 230.445266723633 225.864196777344 226.235794067383 227.459884643555 230.546463012695 230.188522338867 228.742034912109 228.295989990234 232.914367675781 234.47688293457 235.207092285156 235.835357666016 236.402954101562 235.621520996094 235.609527587891 236.255737304688 237.184951782227 238.002578735352 236.915832519531
259.942932128906 261.331573486328 263.033325195312 264.963500976562 264.688171386719 264.876525878906 263.046783447266 261.366638183594 262.543731689453 262.767395019531 262.795166015625 259.634948730469 254.30305480957 253.191925048828 254.521743774414 256.097930908203 256.188934326172 256.534820556641 255.463500976562 252.650833129883 252.413009643555 255.436889648438 257.697967529297 256.484130859375 254.763259887695 251.922073364258 245.457962036133 243.386566162109 241.513122558594 237.715133666992 233.698364257812 237.004684448242 240.340103149414 237.460021972656 237.058212280273 236.71272277832 233.071594238281 231.165390014648 235.500305175781 236.362503051758 239.766815185547 245.089309692383 242.381393432617 244.240615844727 244.531478881836 243.102783203125 246.956436157227 247.300247192383 246.889419555664
250.140426635742 256.817047119141 257.540954589844 257.802154541016 260.301055908203 262.407135009766 263.808959960938 261.062286376953 258.711395263672 259.386779785156 259.442810058594 258.848815917969 258.444976806641 259.721710205078 257.205017089844 256.908966064453 256.490631103516 257.562713623047 258.328369140625 258.554656982422 258.141784667969 257.699157714844 254.719085693359 251.42008972168 251.754577636719 253.281845092773 251.544799804688 249.397521972656 246.960144042969 245.169876098633 248.186965942383 246.681838989258 240.518737792969 241.606857299805 243.050933837891 242.920593261719 241.25862121582 246.514999389648 250.62077331543 253.859313964844 254.731979370117 256.591125488281 257.20556640625 257.734741210938 257.922943115234 258.00390625 258.489807128906 258.654144287109 258.492492675781
240.475555419922 247.901672363281 256.070129394531 255.440444946289 253.152282714844 254.179870605469 258.30224609375 260.197296142578 261.034393310547 258.932861328125 256.027008056641 254.310699462891 252.615097045898 254.043685913086 250.562438964844 248.56672668457 247.524459838867 250.902923583984 255.599426269531 256.718444824219 256.036010742188 255.79475402832 254.258499145508 251.745407104492 249.12141418457 249.023468017578 249.478805541992 248.95588684082 247.398818969727 242.605087280273 242.187377929688 248.010635375977 246.187469482422 244.710510253906 244.794784545898 241.601760864258 238.458953857422 242.743988037109 245.747970581055 249.62841796875 252.110046386719 255.361343383789 256.306121826172 256.48779296875 256.259338378906 257.250762939453 258.139801025391 258.522674560547 258.831085205078
242.834197998047 240.677017211914 245.7021484375 255.565322875977 251.110717773438 245.143005371094 248.451766967773 253.730484008789 255.812789916992 254.830307006836 251.094223022461 247.091506958008 244.862655639648 245.546310424805 243.673095703125 237.285400390625 236.771331787109 244.145095825195 252.231643676758 254.705673217773 254.062301635742 253.74169921875 252.593307495117 250.826583862305 249.172912597656 248.75813293457 244.500854492188 244.463195800781 248.165283203125 248.277877807617 246.335952758789 250.130523681641 252.328964233398 249.257064819336 247.468505859375 244.484710693359 242.757583618164 240.853179931641 242.058532714844 245.539505004883 251.064208984375 254.460464477539 255.789627075195 254.814208984375 254.628845214844 257.085327148438 257.581665039062 257.944030761719 258.595794677734
248.786117553711 243.620559692383 239.297836303711 251.365905761719 252.482345581055 242.997085571289 238.687271118164 242.22998046875 246.307601928711 250.621627807617 251.421722412109 247.213424682617 244.044692993164 244.5146484375 245.309722900391 237.627563476562 235.319732666016 242.771270751953 249.656997680664 253.010177612305 253.784423828125 252.653121948242 251.468322753906 248.958236694336 248.097061157227 249.593185424805 244.209365844727 243.982086181641 249.546829223633 253.30061340332 254.181381225586 253.727630615234 254.705627441406 253.040924072266 248.913604736328 245.365112304688 243.103713989258 241.636795043945 244.897674560547 248.252471923828 251.453521728516 254.691467285156 255.565673828125 254.614059448242 255.004425048828 257.558685302734 257.865234375 257.854919433594 258.662780761719
250.794692993164 248.568954467773 244.734420776367 244.678756713867 252.101348876953 250.63493347168 241.798080444336 237.057800292969 238.536560058594 243.084884643555 248.994415283203 251.139846801758 250.594970703125 250.125946044922 245.993927001953 240.076293945312 239.862548828125 243.554214477539 247.531768798828 250.695892333984 253.234603881836 253.042572021484 251.863662719727 248.523452758789 245.408386230469 245.349227905273 244.637832641602 243.712799072266 245.725372314453 250.145584106445 254.676010131836 255.524139404297 256.457092285156 255.457901000977 252.6962890625 248.311950683594 243.560012817383 240.338516235352 246.74853515625 253.363494873047 252.962158203125 254.511108398438 255.356048583984 255.476135253906 256.493835449219 257.712127685547 258.395111083984 258.587829589844 259.220764160156
251.381774902344 249.342681884766 247.853057861328 245.025497436523 250.19807434082 254.637451171875 252.506454467773 244.904541015625 237.87043762207 234.601486206055 239.543380737305 246.459045410156 249.128540039062 250.981979370117 248.886322021484 245.536331176758 245.095413208008 244.669158935547 246.000503540039 248.541809082031 252.134307861328 252.904418945312 250.832458496094 249.250366210938 246.731597900391 244.62663269043 242.648620605469 241.639312744141 241.783050537109 247.141677856445 253.165283203125 253.951461791992 255.842147827148 256.528594970703 256.610626220703 254.485977172852 249.672653198242 244.492660522461 250.237609863281 256.507629394531 255.230453491211 254.535980224609 256.0166015625 256.294097900391 257.331451416016 257.969543457031 258.894439697266 259.301177978516 259.737854003906
250.770874023438 248.85954284668 243.905319213867 244.616073608398 247.335174560547 251.126159667969 255.361114501953 253.344772338867 246.525527954102 239.298828125 238.113739013672 240.7841796875 241.235229492188 243.524002075195 251.309555053711 250.438095092773 247.78532409668 245.950653076172 244.859436035156 246.758651733398 251.263427734375 251.876327514648 250.097534179688 250.014739990234 249.323928833008 248.075500488281 245.182723999023 244.636093139648 245.283172607422 248.712661743164 251.170852661133 251.596542358398 254.232421875 255.948455810547 257.044097900391 257.424621582031 255.850692749023 251.414611816406 254.829406738281 257.180145263672 256.766967773438 256.403411865234 257.271484375 257.431396484375 257.613342285156 258.137725830078 259.243072509766 259.601776123047 259.995635986328
250.501617431641 249.293655395508 243.967651367188 232.318862915039 237.395065307617 242.555282592773 245.952774047852 247.985382080078 247.384124755859 246.216201782227 244.937362670898 244.023788452148 240.448989868164 238.164245605469 249.540435791016 250.665603637695 249.782958984375 247.46955871582 244.471115112305 245.257141113281 248.95361328125 249.614471435547 249.559265136719 250.763763427734 251.159317016602 250.774444580078 248.442596435547 248.257919311523 249.300537109375 249.848190307617 250.553344726562 251.20979309082 253.272171020508 254.504272460938 255.699691772461 257.373596191406 257.329864501953 255.599456787109 256.752990722656 257.657928466797 257.737823486328 257.666046142578 257.993286132812 258.211730957031 258.251403808594 258.806274414062 259.488891601562 259.839447021484 259.764282226562
247.231948852539 243.167938232422 243.246932983398 231.649963378906 230.192672729492 230.207794189453 228.975830078125 229.977844238281 232.397552490234 235.543365478516 238.542617797852 242.118469238281 241.727905273438 238.751953125 246.159225463867 248.492980957031 249.226867675781 248.152709960938 246.740310668945 245.65869140625 245.570922851562 244.946228027344 245.294418334961 247.568908691406 249.912673950195 251.505172729492 251.044891357422 251.017654418945 250.750274658203 250.277954101562 250.682006835938 251.253173828125 253.102447509766 253.115234375 254.141082763672 256.638580322266 257.226013183594 257.906036376953 257.935913085938 257.916107177734 257.896759033203 258.009613037109 258.420654296875 258.689025878906 258.954864501953 259.610260009766 259.819213867188 260.035217285156 259.127105712891
246.527923583984 236.44189453125 233.954513549805 237.912200927734 235.6826171875 229.250335693359 220.891860961914 216.801071166992 216.765960693359 219.123321533203 221.385620117188 224.566940307617 230.261596679688 232.769317626953 237.879013061523 241.251831054688 242.863342285156 245.311340332031 247.021682739258 246.037338256836 244.970947265625 243.599487304688 242.787689208984 244.059616088867 246.648315429688 248.763214111328 252.366653442383 252.748306274414 252.212142944336 251.338027954102 251.229263305664 251.611267089844 252.899108886719 252.396057128906 253.474548339844 255.739440917969 255.369384765625 257.167083740234 257.631256103516 257.778076171875 257.77490234375 258.119415283203 258.797271728516 259.199279785156 259.289794921875 259.524017333984 -3.4e+38 260.060638427734 258.635223388672
248.51628112793 236.872253417969 227.796829223633 234.319580078125 239.651718139648 238.222106933594 230.942047119141 222.921340942383 214.383178710938 212.413681030273 212.644287109375 211.806640625 214.532165527344 216.686386108398 226.383087158203 230.796203613281 233.192489624023 236.785186767578 240.158615112305 241.429794311523 242.664657592773 244.186477661133 243.877059936523 242.313522338867 243.836700439453 246.806228637695 251.405212402344 251.513534545898 251.561584472656 251.995544433594 252.785079956055 252.95133972168 253.40380859375 252.788360595703 252.833114624023 254.208679199219 253.468734741211 256.304260253906 257.144714355469 257.540832519531 257.871154785156 258.265838623047 258.877593994141 259.275939941406 259.356872558594 259.303863525391 -3.4e+38 260.110290527344 258.924652099609
244.660415649414 245.513244628906 241.736618041992 226.044418334961 223.627136230469 232.340713500977 236.663360595703 237.277114868164 237.219573974609 235.382904052734 233.956985473633 234.2802734375 231.446411132812 222.958343505859 210.925506591797 205.710861206055 207.304885864258 213.557403564453 218.659164428711 221.195678710938 226.577758789062 235.123947143555 238.530014038086 239.048889160156 237.149719238281 235.197387695312 239.820175170898 243.269134521484 243.487701416016 241.892044067383 244.206344604492 248.445648193359 251.925033569336 254.556106567383 254.674713134766 254.853866577148 254.902755737305 253.572982788086 253.200408935547 255.956787109375 257.649139404297 258.375518798828 259.009582519531 258.870788574219 258.997955322266 259.225891113281 259.518096923828 -3.4e+38 259.622741699219
243.339248657227 245.640518188477 247.149337768555 234.191879272461 229.384170532227 230.871078491211 230.867111206055 231.78938293457 236.539627075195 238.997604370117 238.822677612305 239.63835144043 238.651809692383 234.837020874023 224.514022827148 214.348892211914 209.067611694336 208.685089111328 209.493545532227 210.740310668945 217.499862670898 228.09831237793 231.430892944336 230.450592041016 228.704116821289 227.744598388672 226.830032348633 232.380081176758 234.263381958008 233.32763671875 235.637466430664 240.989028930664 245.381546020508 249.03759765625 251.413940429688 254.840713500977 256.099548339844 250.728607177734 248.040069580078 252.270065307617 257.231170654297 258.408843994141 258.675109863281 258.532867431641 258.973785400391 259.230194091797 -3.4e+38 -3.4e+38 -3.4e+38
244.145843505859 242.392166137695 245.49137878418 242.469955444336 236.765487670898 232.132278442383 228.363967895508 226.911666870117 229.835037231445 236.141906738281 239.74382019043 240.007736206055 239.025543212891 236.780731201172 228.636566162109 223.669052124023 218.791519165039 214.603134155273 210.200454711914 209.372665405273 211.466522216797 213.022048950195 213.421661376953 212.312454223633 215.240127563477 217.764755249023 212.91276550293 217.092590332031 219.032043457031 222.170227050781 228.677764892578 234.683959960938 237.207778930664 238.351181030273 242.160369873047 250.890701293945 257.378997802734 247.041870117188 242.192001342773 247.438659667969 255.700942993164 258.342468261719 258.638214111328 258.848541259766 259.289978027344 259.577178955078 259.594299316406 -3.4e+38 -3.4e+38
