rcp4.5models/CNRM_CM5/sc1gr4.18
NCOLS 261 
NROWS 433 
XLLCORNER 336357.134 
YLLCORNER 654653.479 
CELLSIZE 1000 
NODATA_value -3.4e+38 
[rows 132 to 153 of 433, columns 49 to 97 of 261]
291.536651611328 291.560272216797 291.470245361328 291.725769042969 290.838592529297 290.756896972656 290.545867919922 289.597930908203 289.731201171875 290.078887939453 289.642578125 288.851287841797 289.021667480469 290.174102783203 289.330535888672 289.228912353516 289.376892089844 290.123382568359 290.171569824219 290.238311767578 289.883148193359 289.870422363281 289.728546142578 289.302947998047 289.138061523438 289.051849365234 289.31494140625 290.341522216797 290.654327392578 290.939880371094 291.5673828125 291.473968505859 291.111572265625 290.667297363281 290.921234130859 291.016876220703 290.918548583984 290.668212890625 291.508270263672 291.528930664062 290.966217041016 290.563751220703 290.396209716797 290.162628173828 290.094329833984 290.207611083984 290.152435302734 290.127380371094 289.960968017578
290.731353759766 290.933013916016 291.747375488281 291.051330566406 290.935607910156 290.772552490234 290.680603027344 289.6328125 290.119781494141 290.117706298828 289.713134765625 289.085266113281 288.846862792969 289.261627197266 289.935852050781 289.832611083984 289.271942138672 289.570983886719 290.132354736328 289.641845703125 289.503845214844 290.1083984375 289.987152099609 289.366119384766 289.173156738281 288.861999511719 289.284515380859 289.977600097656 290.395355224609 291.178161621094 291.525054931641 291.521118164062 291.395050048828 290.579925537109 290.665710449219 290.547332763672 290.407379150391 290.496765136719 290.769561767578 290.833038330078 290.660980224609 290.501037597656 290.18603515625 290.046875 290.170867919922 290.119720458984 289.748474121094 289.671478271484 289.746612548828
290.820983886719 290.65087890625 291.058929443359 290.913116455078 290.944488525391 290.784484863281 290.762817382812 290.095397949219 290.245880126953 289.861541748047 289.748107910156 289.498931884766 289.443634033203 288.76904296875 290.246002197266 290.115844726562 289.811981201172 289.173767089844 289.999084472656 289.798492431641 289.275817871094 289.70751953125 290.039337158203 289.764038085938 289.081329345703 288.871276855469 289.270172119141 289.780487060547 290.357238769531 290.881805419922 291.341766357422 291.550811767578 291.636749267578 291.203369140625 290.96142578125 290.617584228516 290.533721923828 290.345184326172 290.365112304688 290.633361816406 291.36474609375 290.568023681641 290.385498046875 290.505493164062 290.686218261719 290.574279785156 290.194793701172 289.775360107422 289.721343994141
291.663391113281 290.889709472656 291.073028564453 291.520111083984 290.727508544922 290.793670654297 290.765106201172 290.056488037109 290.153991699219 289.997161865234 289.798614501953 289.987762451172 288.96533203125 289.114288330078 289.701873779297 289.864349365234 289.824859619141 289.425598144531 289.672210693359 289.487762451172 289.292236328125 289.742645263672 289.756713867188 289.908782958984 289.455291748047 289.029022216797 289.242767333984 289.478363037109 290.215972900391 290.913299560547 291.249237060547 291.559448242188 291.681121826172 291.517303466797 291.388000488281 291.24365234375 291.257476806641 290.735961914062 290.479949951172 290.688812255859 291.138397216797 290.541137695312 290.421630859375 290.585845947266 290.707855224609 290.525177001953 290.025695800781 289.931579589844 289.676605224609
291.821380615234 291.091064453125 290.934478759766 291.406402587891 290.761840820312 290.772186279297 290.329925537109 290.175628662109 289.888824462891 289.844268798828 289.337646484375 289.552337646484 289.219024658203 289.492523193359 289.342864990234 289.529876708984 289.408111572266 289.249633789062 289.262084960938 289.378509521484 289.475646972656 289.488922119141 289.65478515625 289.392364501953 289.678100585938 289.173645019531 289.1845703125 289.715362548828 290.079559326172 290.881866455078 291.217590332031 291.269958496094 291.608673095703 291.634399414062 291.537536621094 291.527954101562 291.377807617188 290.683166503906 290.548614501953 290.688537597656 290.721069335938 290.665954589844 290.384185791016 290.620391845703 290.643524169922 290.416809082031 289.9111328125 289.592987060547 289.684814453125
291.78173828125 291.015960693359 290.722564697266 291.060791015625 290.814727783203 290.799224853516 290.600250244141 290.275146484375 289.908905029297 289.745544433594 289.103424072266 288.876403808594 289.439331054688 289.282104492188 289.401458740234 289.419891357422 289.092895507812 288.420867919922 289.120971679688 289.333251953125 289.480865478516 289.509887695312 289.705993652344 289.306274414062 289.296234130859 289.224975585938 289.106506347656 289.412139892578 289.874481201172 290.967651367188 291.081329345703 290.888488769531 291.235229492188 291.233520507812 290.98779296875 291.519592285156 291.241668701172 290.459747314453 290.586883544922 290.319122314453 290.572082519531 290.599456787109 290.369720458984 290.488159179688 290.530364990234 290.196014404297 289.669250488281 289.769348144531 289.881896972656
291.010772705078 291.0224609375 291.212432861328 290.878875732422 290.819122314453 290.611114501953 290.246826171875 290.566253662109 290.101776123047 290.014617919922 289.087646484375 289.201904296875 289.319793701172 289.458129882812 289.365661621094 289.462951660156 288.9697265625 288.987762451172 289.373992919922 288.732818603516 288.844909667969 288.583282470703 288.883056640625 288.908721923828 289.165222167969 289.260192871094 289.250518798828 289.186645507812 289.200714111328 290.266265869141 290.40087890625 290.319946289062 290.44775390625 290.567169189453 290.3935546875 291.519653320312 291.249237060547 290.990081787109 290.613128662109 290.504791259766 290.25830078125 290.280700683594 290.399169921875 290.538238525391 290.386810302734 290.489135742188 290.291961669922 290.155426025391 289.991943359375
291.748016357422 291.702331542969 291.123016357422 290.939025878906 290.595306396484 290.497985839844 290.375335693359 290.249572753906 289.581695556641 289.599182128906 288.691436767578 289.281127929688 289.444519042969 289.630584716797 289.958770751953 289.552947998047 289.2421875 289.212738037109 289.400024414062 288.92333984375 288.981781005859 288.374053955078 289.035430908203 288.505035400391 289.000396728516 289.060241699219 289.147827148438 289.095031738281 289.121154785156 289.858947753906 290.118133544922 289.985168457031 290.188018798828 290.880249023438 290.864013671875 291.334991455078 291.158935546875 290.720703125 290.579193115234 290.397033691406 290.201416015625 290.413208007812 290.343444824219 290.162170410156 290.133758544922 290.509948730469 290.262054443359 289.543426513672 289.439025878906
292.38427734375 292.226440429688 -3.4e+38 291.6943359375 291.069610595703 290.504547119141 290.361846923828 290.15087890625 289.886016845703 289.502807617188 289.566711425781 289.794525146484 289.829895019531 289.808898925781 290.180358886719 289.956237792969 289.611511230469 289.292755126953 289.292572021484 288.833984375 289.131286621094 288.780883789062 289.074523925781 288.766845703125 289.043670654297 288.963104248047 289.106170654297 289.075225830078 288.859283447266 289.484680175781 290.161376953125 289.927886962891 290.128814697266 291.056671142578 -3.4e+38 291.057434082031 291.217437744141 291.091705322266 291.030212402344 290.806762695312 290.341156005859 290.579284667969 290.175842285156 290.190734863281 290.228240966797 290.451995849609 290.326263427734 289.379425048828 289.753173828125
292.759552001953 292.478515625 -3.4e+38 291.986968994141 291.450531005859 291.094757080078 290.780395507812 290.08203125 290.286804199219 290.221557617188 290.384979248047 290.642486572266 290.118774414062 290.194152832031 290.363922119141 290.119812011719 289.753387451172 289.283325195312 289.698364257812 289.218414306641 289.339385986328 289.155090332031 288.937103271484 289.172882080078 289.127288818359 289.164794921875 289.10009765625 288.972259521484 288.780822753906 289.314056396484 289.582977294922 289.476776123047 290.059661865234 290.342010498047 291.009399414062 290.947692871094 291.147003173828 291.202453613281 291.238098144531 291.161804199219 290.851715087891 290.7900390625 290.614898681641 290.733276367188 290.434326171875 290.647888183594 290.345397949219 289.961029052734 290.276214599609
292.405487060547 292.533874511719 292.418182373047 292.3759765625 292.107849121094 291.802764892578 291.327117919922 290.168395996094 290.5048828125 290.897735595703 291.1806640625 290.867980957031 290.627960205078 290.582214355469 290.682403564453 290.241546630859 289.916870117188 289.770141601562 290.051300048828 289.703521728516 289.719146728516 289.831512451172 289.521484375 289.150726318359 289.647766113281 289.381042480469 289.224426269531 289.235015869141 289.562927246094 289.269958496094 289.838897705078 289.41259765625 289.958618164062 289.923248291016 290.884704589844 290.962493896484 291.175750732422 291.091278076172 291.123291015625 291.0380859375 291.08203125 291.091461181641 291.010589599609 291.000244140625 290.750335693359 290.868927001953 290.28662109375 290.345306396484 290.413391113281
292.227813720703 292.297241210938 292.164001464844 292.402404785156 292.129119873047 292.026977539062 291.864379882812 291.253021240234 291.232421875 291.270782470703 291.372741699219 291.0703125 290.933654785156 290.717102050781 290.993133544922 290.264434814453 289.707122802734 290.090728759766 290.018188476562 289.832611083984 289.941162109375 290.027740478516 289.921905517578 289.610626220703 290.043731689453 289.116424560547 289.735809326172 289.754272460938 289.776733398438 289.262054443359 290.114776611328 289.791442871094 289.961700439453 290.221710205078 290.98876953125 291.070007324219 291.201538085938 290.860809326172 290.74267578125 290.626098632812 290.780853271484 290.862640380859 291.069793701172 291.073516845703 291.079498291016 290.830596923828 290.288635253906 290.585906982422 290.497680664062
292.229400634766 292.193878173828 291.804504394531 291.701141357422 292.060760498047 292.166229248047 292.158294677734 291.8173828125 291.763977050781 291.680603027344 291.356140136719 291.290191650391 291.126068115234 291.021759033203 290.887084960938 290.303375244141 289.961364746094 289.931732177734 290.554962158203 290.441528320312 290.003967285156 290.085052490234 289.962921142578 289.876739501953 290.131866455078 289.069030761719 290.0654296875 289.958984375 289.881591796875 289.71484375 290.018707275391 290.042175292969 289.948028564453 290.078186035156 290.833831787109 291.1123046875 291.099517822266 290.704071044922 290.338745117188 290.150604248047 290.386383056641 290.541290283203 -3.4e+38 290.807708740234 291.007904052734 290.856353759766 290.658569335938 290.697540283203 290.545776367188
292.116790771484 292.082946777344 291.703552246094 291.411468505859 291.586303710938 291.617919921875 291.552734375 291.879150390625 291.864410400391 291.752502441406 291.705963134766 291.568145751953 291.274597167969 290.951080322266 290.850952148438 290.739715576172 290.131378173828 289.783843994141 290.738952636719 290.747772216797 290.102996826172 290.042785644531 289.984130859375 289.967712402344 290.134094238281 289.679718017578 289.916778564453 289.894378662109 290.087707519531 289.994659423828 290.169586181641 290.099365234375 289.929016113281 289.844360351562 290.294647216797 290.929992675781 291.054962158203 290.724792480469 290.374267578125 289.861907958984 290.067443847656 290.441314697266 290.513763427734 290.447845458984 290.770935058594 290.615386962891 290.686553955078 290.619812011719 290.564208984375
292.079254150391 292.058074951172 291.841217041016 291.653015136719 291.746643066406 291.618896484375 291.470672607422 291.429077148438 291.52783203125 291.485656738281 291.54736328125 291.696075439453 291.559326171875 291.198852539062 291.072540283203 290.869476318359 290.512603759766 290.391448974609 290.699310302734 290.746520996094 290.123291015625 290.559722900391 290.540130615234 290.387756347656 290.084320068359 290.370147705078 -3.4e+38 290.015594482422 290.565551757812 290.09619140625 290.16845703125 289.982421875 289.769256591797 289.906890869141 290.049407958984 290.656127929688 291.061340332031 290.750640869141 290.506652832031 289.973999023438 289.944152832031 290.269775390625 290.032470703125 290.236968994141 290.588684082031 290.358764648438 290.540557861328 290.424621582031 290.654693603516
291.735473632812 291.839599609375 291.768951416016 291.499237060547 291.405548095703 291.129547119141 290.927001953125 290.447509765625 290.819061279297 290.934326171875 291.022491455078 290.992462158203 291.725128173828 291.802215576172 291.496551513672 291.076141357422 290.924499511719 290.906677246094 290.918365478516 290.941864013672 290.830535888672 291.051239013672 290.913909912109 290.668731689453 290.683990478516 290.8564453125 290.993621826172 290.66943359375 290.779052734375 290.128875732422 290.024566650391 289.937316894531 289.727172851562 289.659637451172 289.908538818359 290.814849853516 290.978424072266 290.757202148438 290.584106445312 290.381469726562 290.168182373047 290.163879394531 289.7177734375 290.023376464844 290.099334716797 289.87158203125 290.476837158203 290.431762695312 290.341522216797
292.060760498047 291.835662841797 291.398803710938 291.381134033203 291.002410888672 290.850158691406 290.251129150391 289.652038574219 290.067016601562 289.840545654297 290.223114013672 290.594543457031 291.858367919922 292.010284423828 291.693359375 291.490020751953 291.024200439453 290.928314208984 291.350555419922 291.240570068359 291.186767578125 291.175994873047 291.094482421875 290.912658691406 290.990905761719 290.892486572266 290.843078613281 290.581268310547 290.636749267578 289.834197998047 289.857360839844 289.737487792969 289.591583251953 289.587493896484 289.760589599609 290.517395019531 290.882659912109 290.498229980469 290.603424072266 290.491729736328 290.431610107422 289.918029785156 289.730010986328 289.830352783203 289.756408691406 289.496276855469 289.837036132812 289.955047607422 289.891357421875
291.987274169922 291.522094726562 291.062713623047 291.355651855469 290.709533691406 290.860656738281 290.259552001953 289.598358154297 289.177673339844 288.99267578125 289.582000732422 290.821014404297 291.438140869141 291.456665039062 291.288696289062 291.434631347656 291.038635253906 291.0087890625 291.316986083984 291.342559814453 291.149841308594 290.886077880859 291.068267822266 291.001403808594 290.925537109375 291.031646728516 290.767913818359 290.320770263672 290.180206298828 289.683563232422 289.779937744141 289.518310546875 289.433532714844 289.734649658203 289.720947265625 290.152130126953 290.237976074219 290.387573242188 290.792785644531 290.544738769531 290.511016845703 290.124694824219 289.758941650391 289.688781738281 289.71044921875 289.433929443359 289.442352294922 289.541473388672 289.757293701172
291.489105224609 291.643798828125 291.449523925781 291.203552246094 290.735107421875 290.341156005859 289.765472412109 288.878723144531 287.890594482422 289.469451904297 290.451293945312 290.840911865234 291.129852294922 290.828033447266 291.125732421875 290.785675048828 291.150848388672 290.952758789062 290.798797607422 291.017730712891 291.094635009766 290.370941162109 290.367309570312 290.395446777344 290.610107421875 290.734191894531 290.592712402344 290.348358154297 290.348388671875 290.336669921875 290.041320800781 289.926879882812 289.637847900391 289.770599365234 289.524658203125 289.711273193359 289.725799560547 289.772064208984 289.652404785156 290.105194091797 290.593170166016 290.697967529297 290.853607177734 290.710754394531 289.616546630859 289.601379394531 289.538635253906 289.518493652344 289.535217285156
291.000854492188 291.635131835938 291.734375 291.54345703125 290.300140380859 290.203338623047 289.785766601562 288.709838867188 288.095458984375 289.854217529297 290.595977783203 290.763763427734 290.804260253906 290.502960205078 290.778503417969 290.757019042969 290.879272460938 290.732421875 290.602081298828 290.579711914062 290.761505126953 290.664428710938 290.374084472656 290.386260986328 290.485046386719 -3.4e+38 -3.4e+38 290.364562988281 290.4345703125 289.953338623047 289.868774414062 289.910949707031 289.573577880859 289.064147949219 288.971862792969 289.038208007812 289.134918212891 289.281433105469 289.715606689453 289.602935791016 289.9443359375 290.280151367188 290.755310058594 290.659698486328 290.127197265625 289.600036621094 289.520568847656 289.592407226562 289.588287353516
291.351867675781 290.928680419922 291.089935302734 291.118957519531 290.424346923828 289.988037109375 289.876831054688 288.662933349609 287.966644287109 289.135192871094 289.729675292969 290.542144775391 290.584167480469 290.238830566406 290.602081298828 290.714202880859 290.528350830078 290.609069824219 290.524078369141 290.303161621094 290.458892822266 290.527557373047 290.396667480469 290.479522705078 290.446258544922 290.552734375 -3.4e+38 -3.4e+38 290.376678466797 290.230102539062 289.707885742188 289.834686279297 289.635009765625 288.936706542969 289.216461181641 289.220336914062 288.880706787109 289.184539794922 289.432525634766 289.569122314453 289.501373291016 289.6923828125 290.212158203125 290.632171630859 290.557495117188 290.114013671875 289.550537109375 289.548248291016 289.552215576172
291.460968017578 289.949676513672 290.196655273438 290.12158203125 290.013732910156 289.852722167969 289.915557861328 288.558776855469 287.728820800781 287.653839111328 289.674194335938 290.150695800781 290.560699462891 290.354949951172 290.609313964844 290.706481933594 290.420593261719 290.478851318359 290.136596679688 290.223815917969 290.203796386719 290.391021728516 290.41162109375 290.525604248047 290.339019775391 290.113189697266 290.200164794922 290.445678710938 290.548217773438 290.440399169922 289.714477539062 289.815460205078 289.601379394531 289.466552734375 289.587005615234 289.351470947266 288.864227294922 288.965576171875 288.826690673828 289.299865722656 289.571014404297 289.096008300781 289.801239013672 290.224639892578 290.222320556641 290.107818603516 289.595764160156 289.47021484375 289.513610839844
