rcp4.5models/CNRM_CM5/sc1gr5.32
NCOLS 261 
NROWS 433 
XLLCORNER 336357.134 
YLLCORNER 654653.479 
CELLSIZE 1000 
NODATA_value -3.4e+38 
[rows 154 to 175 of 433, columns 147 to 195 of 261]
294.373657226562 294.138031005859 293.892974853516 294.023132324219 293.596496582031 293.052551269531 292.486358642578 292.336273193359 292.579406738281 293.294769287109 293.135650634766 292.818817138672 293.507873535156 292.938201904297 291.655670166016 292.707855224609 294.191131591797 293.820281982422 293.660491943359 296.322479248047 -3.4e+38 294.991729736328 298.62548828125 298.681701660156 298.866516113281 299.088562011719 299.488922119141 299.457397460938 299.521789550781 299.559936523438 299.457824707031 299.187805175781 299.092437744141 299.740875244141 300.234771728516 300.144195556641 300.075164794922 300.065277099609 300.055328369141 300.080505371094 -3.4e+38 300.115814208984 300.015441894531 299.977752685547 299.950805664062 299.975402832031 300.002227783203 300.013122558594 299.944244384766
294.074523925781 293.842834472656 293.6396484375 293.794036865234 293.537933349609 292.992218017578 292.465545654297 292.318817138672 -3.4e+38 292.744018554688 292.581512451172 292.988525390625 294.119598388672 293.472747802734 292.196441650391 293.871307373047 294.567108154297 294.339111328125 -3.4e+38 295.792877197266 294.365753173828 295.732757568359 298.491058349609 298.838745117188 298.919525146484 298.951934814453 299.2001953125 299.376892089844 299.488189697266 299.347045898438 299.011505126953 298.82763671875 298.955932617188 299.750335693359 300.042175292969 300.1240234375 300.067810058594 299.919311523438 299.847625732422 300.124053955078 300.073608398438 300.018188476562 300.008209228516 299.998199462891 299.988220214844 299.910278320312 299.986236572266 299.733520507812 299.386108398438
293.702026367188 293.651397705078 293.373291015625 292.977020263672 292.982116699219 292.683166503906 292.083221435547 292.40478515625 292.412414550781 292.219696044922 292.189910888672 293.262054443359 294.142578125 293.744689941406 292.915069580078 294.232879638672 294.771362304688 294.475830078125 295.225128173828 -3.4e+38 293.439300537109 297.403533935547 298.231384277344 298.714874267578 298.931304931641 298.934509277344 298.944427490234 299.087493896484 299.229309082031 298.962097167969 298.675720214844 298.644989013672 298.835754394531 299.637542724609 299.800109863281 299.815063476562 -3.4e+38 299.568206787109 299.509704589844 299.70166015625 299.645660400391 299.812286376953 300.059295654297 299.955139160156 299.886779785156 299.676513671875 299.58837890625 299.444854736328 299.038391113281
293.545349121094 293.482940673828 293.016235351562 292.162048339844 292.176696777344 292.306793212891 291.813690185547 292.439910888672 292.119689941406 291.728271484375 291.871337890625 293.583770751953 294.615478515625 294.516540527344 294.109039306641 294.584594726562 294.65234375 295.085144042969 295.261596679688 294.974945068359 295.056701660156 297.780792236328 298.229644775391 298.693786621094 298.868438720703 298.939880371094 298.965606689453 298.959869384766 298.896728515625 298.519165039062 298.440734863281 298.644256591797 298.773742675781 299.536254882812 299.705169677734 299.582397460938 -3.4e+38 299.376434326172 299.366577148438 299.356689453125 299.381896972656 299.567779541016 299.899108886719 300.014343261719 299.865203857422 299.712005615234 299.630065917969 299.611022949219 299.469421386719
293.442565917969 293.252197265625 292.661560058594 292.057861328125 291.616302490234 291.745147705078 291.632629394531 292.001525878906 291.765563964844 290.801727294922 290.921356201172 293.366485595703 294.360534667969 295.209594726562 295.172424316406 295.013610839844 294.763122558594 295.786224365234 294.433013916016 293.230926513672 296.973327636719 297.741973876953 298.307739257812 298.734344482422 298.803070068359 298.726745605469 298.705261230469 298.695953369141 298.608673095703 298.403442382812 298.410125732422 298.695922851562 298.953491210938 299.494842529297 299.577758789062 299.495971679688 299.484222412109 299.368927001953 299.359100341797 299.349243164062 299.366668701172 299.472839355469 299.760925292969 300.057037353516 299.961029052734 299.938171386719 299.930053710938 299.759887695312 299.786865234375
292.987182617188 292.842163085938 292.428649902344 292.008361816406 291.477081298828 291.441772460938 291.457427978516 291.507476806641 291.536560058594 290.723205566406 290.484680175781 293.014495849609 294.178405761719 295.303283691406 295.651092529297 295.368896484375 295.480773925781 -3.4e+38 294.703979492188 294.512542724609 297.359527587891 297.807800292969 298.192749023438 298.511932373047 298.740692138672 298.71826171875 298.467529296875 298.225006103516 298.457061767578 298.48046875 298.590301513672 298.774139404297 298.965301513672 299.181243896484 299.318756103516 299.407684326172 299.417633056641 299.292572021484 299.233825683594 299.341735839844 299.331878662109 299.376739501953 299.5126953125 299.691833496094 299.895538330078 299.880218505859 299.641021728516 299.621490478516 299.581512451172
292.524475097656 292.561126708984 292.239288330078 291.586364746094 291.575317382812 291.504577636719 290.869293212891 290.828338623047 290.797149658203 290.356811523438 290.860809326172 292.584075927734 294.229766845703 294.902282714844 -3.4e+38 -3.4e+38 295.646942138672 -3.4e+38 296.418487548828 297.265075683594 297.436767578125 297.799438476562 298.059875488281 298.237121582031 298.495452880859 298.685241699219 298.364685058594 297.955322265625 298.11083984375 298.285736083984 298.530548095703 298.628051757812 298.699462890625 298.733062744141 298.924957275391 299.254791259766 299.363525390625 299.196838378906 298.971405029297 299.123138427734 299.265686035156 299.314483642578 299.339904785156 299.408142089844 299.584381103516 299.676910400391 299.463134765625 299.456176757812 299.328552246094
291.261596679688 292.145263671875 291.518463134766 291.744232177734 292.175262451172 291.558135986328 291.134094238281 289.913299560547 289.558441162109 289.939636230469 291.890472412109 294.260375976562 294.9619140625 295.199371337891 -3.4e+38 -3.4e+38 295.539764404297 295.761413574219 296.755950927734 297.156158447266 297.537353515625 297.781524658203 297.986480712891 297.914611816406 297.84765625 297.896331787109 297.804656982422 297.861663818359 297.885894775391 298.019500732422 298.282287597656 298.539031982422 298.548889160156 298.922729492188 298.987060546875 299.017395019531 299.063232421875 299.19873046875 299.235412597656 299.178771972656 299.136505126953 299.205780029297 299.16845703125 299.058074951172 299.012664794922 299.128265380859 299.129089355469 299.152618408203 299.163421630859
290.752593994141 291.644714355469 291.493103027344 291.993743896484 292.667083740234 292.636749267578 291.497009277344 290.540100097656 290.982971191406 291.564666748047 292.523071289062 294.578796386719 294.982543945312 -3.4e+38 -3.4e+38 -3.4e+38 295.882476806641 295.825988769531 296.643005371094 296.999664306641 297.319671630859 297.649810791016 297.793395996094 297.765502929688 297.739074707031 297.715850830078 -3.4e+38 297.847930908203 297.792541503906 297.805328369141 298.193115234375 298.3134765625 298.149261474609 298.916839599609 298.992645263672 298.896911621094 298.961975097656 299.164031982422 299.154327392578 299.171722412109 299.180877685547 299.125030517578 299.115234375 299.034912109375 298.907928466797 298.923645019531 298.935821533203 298.940124511719 299.130035400391
290.609375 291.302520751953 291.521881103516 292.127258300781 292.687133789062 293.319580078125 292.715881347656 292.233703613281 292.813110351562 293.300872802734 293.450958251953 294.980560302734 295.122375488281 -3.4e+38 -3.4e+38 -3.4e+38 296.286529541016 296.263397216797 296.602752685547 296.799530029297 297.100891113281 297.573608398438 297.667663574219 297.650848388672 297.451507568359 297.301330566406 297.417602539062 297.720672607422 297.678100585938 297.708557128906 297.809234619141 297.973571777344 298.016845703125 298.747619628906 298.873016357422 298.901397705078 298.953979492188 299.088104248047 299.028686523438 299.136871337891 299.127136230469 299.047760009766 298.920440673828 298.855590820312 298.825378417969 298.834136962891 298.886260986328 298.843200683594 298.966125488281
290.284484863281 290.994781494141 291.136932373047 291.962158203125 292.113861083984 292.931396484375 292.8740234375 293.012084960938 293.438903808594 293.772766113281 294.067657470703 295.095886230469 295.214050292969 -3.4e+38 -3.4e+38 296.072174072266 296.350952148438 296.453277587891 296.668701171875 296.71630859375 297.042663574219 297.527923583984 297.466796875 297.216918945312 296.943267822266 296.863006591797 297.151062011719 297.514465332031 297.492797851562 297.679321289062 297.761840820312 297.959197998047 298.452209472656 -3.4e+38 298.815582275391 298.729095458984 298.785308837891 298.8154296875 298.766265869141 298.815002441406 298.780639648438 298.879119873047 298.953582763672 298.944000244141 298.989349365234 298.782592773438 298.807373046875 298.763244628906 298.787017822266
289.781921386719 290.684814453125 291.104370117188 291.488189697266 291.767150878906 292.459747314453 292.182373046875 292.292022705078 293.448333740234 294.056823730469 294.339294433594 294.955749511719 295.142242431641 295.221649169922 295.397491455078 295.858856201172 296.340606689453 296.567687988281 296.690368652344 296.768890380859 297.033843994141 297.376098632812 296.976593017578 296.797180175781 296.803985595703 296.737091064453 296.87109375 296.947570800781 297.157897949219 297.674957275391 297.953918457031 298.299499511719 298.690643310547 298.89794921875 298.737030029297 298.612548828125 298.683898925781 298.699615478516 298.733306884766 298.770874023438 298.565338134766 298.683502197266 298.811737060547 298.906799316406 299.072631835938 298.719696044922 298.709899902344 298.736083984375 298.748382568359
289.550964355469 290.476776123047 291.211303710938 291.163970947266 291.105163574219 291.825134277344 291.463317871094 291.416687011719 293.098846435547 293.683258056641 293.981597900391 294.764282226562 295.085388183594 295.063690185547 295.199584960938 295.478912353516 296.146331787109 296.535247802734 296.675598144531 296.717620849609 296.8095703125 296.924652099609 296.722351074219 296.837341308594 296.901519775391 296.875732421875 296.869964599609 296.656066894531 296.815277099609 297.606567382812 298.050079345703 -3.4e+38 298.662780761719 298.765472412109 -3.4e+38 298.651672363281 298.736389160156 298.763763427734 298.644897460938 298.7529296875 298.603759765625 298.663238525391 298.701629638672 298.7265625 298.901000976562 298.899658203125 298.854431152344 298.778350830078 298.799560546875
289.675231933594 290.495941162109 291.046752929688 290.586700439453 290.6728515625 290.930236816406 290.185302734375 291.433715820312 292.751525878906 293.379333496094 293.690582275391 294.567718505859 294.8349609375 294.6748046875 295.085327148438 295.272003173828 295.713256835938 296.057281494141 296.457855224609 296.511383056641 296.626220703125 296.401580810547 296.530853271484 296.899688720703 297.257995605469 297.364715576172 297.31884765625 297.055999755859 296.944854736328 297.609893798828 -3.4e+38 298.4091796875 298.561553955078 298.662414550781 298.653076171875 -3.4e+38 298.687713623047 298.6240234375 298.382385253906 298.487670898438 298.595886230469 298.640563964844 298.668670654297 298.551727294922 298.426330566406 299.037628173828 299.000274658203 298.917785644531 298.846771240234
289.790557861328 290.576873779297 290.707885742188 289.4521484375 289.715454101562 289.065185546875 289.126525878906 292.126068115234 292.690643310547 293.34033203125 293.6181640625 294.359191894531 294.441009521484 294.409576416016 294.987884521484 295.264129638672 295.601989746094 295.964813232422 296.238006591797 296.341552734375 296.433349609375 296.156890869141 296.341705322266 296.651306152344 297.158050537109 297.556518554688 297.559448242188 297.511413574219 297.468231201172 297.649749755859 -3.4e+38 298.250671386719 298.245697021484 298.469116210938 298.526184082031 298.635589599609 298.592559814453 298.436401367188 298.341674804688 298.436096191406 298.470275878906 298.578338623047 298.568695068359 298.504425048828 298.235687255859 298.760986328125 298.961791992188 299.010375976562 298.909362792969
289.97314453125 290.375030517578 289.976745605469 288.298431396484 287.841125488281 286.904754638672 287.580230712891 291.084228515625 292.317626953125 293.104187011719 293.933959960938 294.082702636719 293.843658447266 294.375915527344 294.928070068359 295.194671630859 295.567504882812 296.131164550781 296.178955078125 296.282745361328 296.336517333984 296.344787597656 296.338775634766 296.526977539062 296.758483886719 297.205444335938 297.430267333984 297.593933105469 297.630676269531 297.641265869141 297.927520751953 297.91943359375 297.915069580078 298.312774658203 298.356597900391 298.442169189453 298.405883789062 298.254974365234 298.235382080078 298.476715087891 298.486938476562 298.570434570312 298.560791015625 298.551116943359 298.432098388672 298.496215820312 298.627288818359 298.792175292969 298.871246337891
289.756256103516 289.871551513672 289.843841552734 288.519805908203 287.22998046875 285.084289550781 285.436614990234 289.865753173828 292.405242919922 293.224395751953 293.828399658203 293.577972412109 293.633850097656 294.309356689453 294.610992431641 295.042785644531 295.398742675781 295.875793457031 -3.4e+38 296.273651123047 296.377471923828 296.504638671875 296.476776123047 296.567443847656 296.610229492188 296.751342773438 296.923980712891 297.232727050781 297.493041992188 297.508361816406 297.623962402344 297.535095214844 297.620910644531 298.304565429688 298.229034423828 298.100799560547 298.091278076172 298.128997802734 298.3173828125 298.432922363281 298.361267089844 298.503662109375 298.552856445312 298.543212890625 298.533569335938 298.310882568359 298.131866455078 298.562774658203 298.639862060547
289.068939208984 289.432769775391 289.701446533203 288.944702148438 287.671630859375 286.193511962891 287.210845947266 290.226470947266 292.713439941406 293.453216552734 293.375396728516 293.408508300781 294.030944824219 294.191223144531 294.410766601562 295.050659179688 295.279632568359 295.544799804688 295.9150390625 296.264495849609 -3.4e+38 296.532257080078 296.566711425781 296.558624267578 -3.4e+38 296.542114257812 296.559448242188 296.920043945312 297.458648681641 297.3671875 297.283843994141 297.170318603516 297.388854980469 -3.4e+38 298.167877197266 297.944488525391 297.901763916016 297.980529785156 298.257629394531 298.180236816406 297.991027832031 298.111114501953 298.36865234375 298.535278320312 298.525665283203 298.100280761719 298.042205810547 298.086120605469 298.050872802734
288.747467041016 289.251922607422 289.361206054688 289.185516357422 288.005310058594 287.5244140625 290.308166503906 291.256927490234 292.587371826172 293.192077636719 293.474853515625 293.6435546875 294.250396728516 294.190490722656 294.573699951172 295.147399902344 295.281555175781 295.436614990234 295.614318847656 296.071655273438 296.267181396484 -3.4e+38 296.557800292969 296.581024169922 296.664916992188 296.717224121094 296.645599365234 296.798736572266 297.138214111328 296.87646484375 296.969207763672 297.023223876953 297.398345947266 -3.4e+38 298.040924072266 297.936279296875 297.866973876953 297.77099609375 297.796661376953 297.895385742188 297.980194091797 297.928558349609 298.177062988281 298.213226318359 298.144500732422 298.054016113281 298.192687988281 297.785003662109 297.757629394531
289.089660644531 289.452972412109 289.550689697266 289.417633056641 288.788238525391 287.958862304688 290.248779296875 291.308288574219 291.771606445312 291.453979492188 293.416900634766 293.56689453125 294.241973876953 -3.4e+38 295.104888916016 295.128204345703 295.213165283203 295.256774902344 295.288116455078 295.453369140625 295.621246337891 295.763427734375 296.164093017578 296.166687011719 296.37744140625 296.626220703125 296.945465087891 296.891998291016 296.968536376953 297.027435302734 296.995391845703 297.166442871094 297.380249023438 -3.4e+38 297.658325195312 297.413543701172 297.532257080078 297.448638916016 297.452270507812 297.549194335938 297.647552490234 297.771362304688 297.614013671875 297.511291503906 297.659698486328 297.84326171875 297.879455566406 297.842315673828 297.787139892578
289.447906494141 290.098937988281 289.689758300781 289.006988525391 289.867095947266 289.627166748047 290.219604492188 291.756622314453 292.170043945312 292.326599121094 293.444152832031 293.970062255859 294.209442138672 294.277404785156 294.607238769531 294.623413085938 294.815124511719 294.990478515625 295.270538330078 295.302490234375 295.325805664062 295.37939453125 296.121398925781 296.041137695312 296.295349121094 296.532592773438 296.676544189453 296.850494384766 296.861297607422 296.983093261719 297.199401855469 297.456207275391 -3.4e+38 -3.4e+38 297.489868164062 297.330657958984 297.342987060547 297.393005371094 297.377014160156 297.422943115234 297.531646728516 297.454315185547 297.326843261719 297.351409912109 297.585418701172 297.842712402344 297.891845703125 297.847290039062 297.779235839844
289.708984375 290.287902832031 289.921508789062 289.462890625 290.365905761719 290.788482666016 290.525207519531 291.886383056641 292.305725097656 293.008605957031 293.480529785156 293.903198242188 294.162628173828 294.051788330078 294.289245605469 294.189575195312 294.282592773438 294.668273925781 295.183807373047 295.187408447266 295.327514648438 295.370147705078 296.219360351562 296.241180419922 296.286346435547 296.498077392578 296.489959716797 296.565002441406 296.720733642578 296.833343505859 297.179412841797 297.447662353516 297.406555175781 -3.4e+38 -3.4e+38 297.376525878906 297.346252441406 297.351470947266 297.256164550781 297.286712646484 297.397033691406 297.274536132812 297.171295166016 297.325714111328 297.714111328125 -3.4e+38 -3.4e+38 -3.4e+38 297.806488037109
