rcp4.5models/CNRM_CM5/sc1gr6.6
NCOLS 261 
NROWS 433 
XLLCORNER 336357.134 
YLLCORNER 654653.479 
CELLSIZE 1000 
NODATA_value -9999 
[rows 198 to 219 of 433, columns 150 to 199 of 261]
-9999 -9999 -9999 1047.48538411261 1046.59855037682 1051.32998819762 1056.77278696821 1059.32981010121 1070.27393649389 1073.36167973782 1077.72911292556 1082.48833620866 1087.60001657885 1093.17102558715 1098.82223303134 1105.4930717722 1110.82653439081 1116.50966750738 1120.61354847034 1131.65094721564 1134.86167970765 1138.61320256647 1143.273058623 1146.80504422536 1151.2561005542 1155.47451698376 1159.05959775141 1163.39198217492 1167.77780601942 1171.52115278135 1177.95690236153 1180.53201829769 1184.93867027155 1190.51857497671 1194.91004609886 1198.41159193981 1201.62554641091 1207.44154247121 1210.5797372331 1211.71649202672 1213.83204985767 1214.52382930766 1212.51441085487 1214.42277132267 1217.60506172216 1220.10628029314 1219.41640939471 1215.8508426549 1215.46522671772 1217.40056107307
-9999 -9999 1042.05350649158 1043.20883977844 1046.6521519214 1051.75771455415 1056.94094804427 1060.12880503837 1070.73557553895 1074.94728464895 1079.2012618112 1085.17196485167 1089.90459534596 1095.42160008591 1101.65488909591 1109.44410604281 1115.21315396273 1120.51883228303 1123.05246690529 1134.05278577563 1137.9047175839 1141.04995639759 1145.25778290895 1148.90397225958 1153.99437464206 1158.59197703411 1162.23726424783 1165.79643283714 1170.52498585655 1174.68831284945 1181.4294314443 1183.9209474493 1187.66714526618 1193.91059477901 1196.99115075388 1201.0321986947 1204.80161591874 1209.3507344666 1213.27233452898 1214.30989427231 1215.48362039098 1215.70335264272 1215.612965682 1216.97245441878 1219.7803574097 1222.89407274464 1223.44966462045 1221.1465010855 1220.08993933591 1220.91104718202
-9999 -9999 1049.80689438555 1046.85923994952 1054.92296631207 1064.08720523124 1060.06271721892 1064.79976077807 1073.51504845835 1078.51227261004 1083.49342910968 1088.78222732774 1094.02355447169 1099.81010680788 1107.83899024156 1114.75972073923 1119.74466364033 1124.56073472798 1129.11957445648 1135.61969591368 1140.81101815792 1142.86215165732 1146.90383190195 1151.16824132412 1156.26459589414 1160.68450866167 1165.66630720261 1169.86027687017 1174.62586128478 1177.79349621945 1185.59798248953 1188.30611493574 1189.98298476859 1194.6187618751 1199.47535130878 1204.40234720443 1209.0282359113 1212.14316790746 1215.83425450211 1218.40483426279 1218.80382167378 1217.79236779955 1218.6024778701 1219.42507651811 1221.10538347339 1224.56224663616 1225.69867277244 1225.61115472861 -9999 1224.12361657174
-9999 1066.31084545856 1074.09289169749 1061.12907049201 1067.34631871728 1082.52762660566 1067.11032555855 1070.62457590951 1076.49196161143 1081.35293895815 1086.75931384151 1093.11202853336 1100.01238889449 1105.49367796201 1112.88747665565 1117.85759077221 1121.61129596537 1126.3636328403 1131.96283735085 1139.27316651558 1143.33340393823 1146.38010963608 1149.91523386947 1154.76123449417 1160.229797216 1165.0987737281 1169.48664671081 1173.55412149436 1178.65556590326 1181.59727200733 1188.53939896166 1193.32959082822 1195.49267029859 1197.40519270461 1201.69250442442 1207.61105816253 1212.14829853103 1215.45147675811 1219.09961160007 1219.91536144829 -9999 1221.19325522293 1220.86898656354 1222.43915492491 1225.39061150974 1226.66312335385 1225.46636326975 1225.36106235348 1225.61246174537 1227.5018382373
-9999 1074.82874988799 1081.25439536066 1071.06949020532 1073.27298812492 1085.78396409524 1072.6920894183 1074.51287626257 1081.23288591039 1086.39091740805 1091.81213935348 1099.64165946465 1106.1006755422 1109.7632718293 1116.01041891031 1120.79080349371 1123.35839299346 1127.7939223648 1133.05151544141 1143.47061853535 1146.50025554761 1150.08589696373 1154.23545933742 1159.76582217365 1164.73388223403 1168.90333365154 1172.92977001791 1177.1829112833 1183.02673363913 1186.01664540498 -9999 1196.68156538913 1199.72818799624 1200.7065902013 1203.93226967537 1208.56342627665 1212.31361864938 1216.03299957308 1220.2054862542 1221.49123191578 1222.5455650078 1223.63685447765 1224.79939233294 1226.28336057224 1228.87642024288 1228.62607646232 1227.25678771298 1226.19545590246 1227.93372226052 1229.28674685039
-9999 1082.43824635502 1084.51854593762 -9999 -9999 1083.51347087627 1077.3978942668 1079.35859058577 1087.18354442801 1093.36383242875 1098.13751585633 1103.64995359038 1108.07984208333 1112.67634090135 1118.68280052046 1123.82919272953 1127.68372598678 1132.16797467426 1138.33259090824 1146.56688232288 1149.69890216299 1154.59380398523 1158.88885817834 1163.76422928283 1168.32066462721 1173.51681321046 1177.57376704951 1181.44633765534 -9999 1189.17055058154 1194.59678931358 1198.82934083564 1202.51975869645 1206.24704337075 1207.78148802301 1210.76320565433 1213.68732434087 1217.5325108812 1221.26620963813 1225.44891816592 1227.45284330956 1227.5189666573 1227.11021752601 1229.46275814017 1231.66635099499 1231.2093724269 1230.45686493665 1229.74664347711 1232.11871891977 1232.54696668418
-9999 1091.82878349523 1097.77450429142 1096.94873049493 -9999 1090.36685445256 1084.61714983832 1088.11386528068 1098.11092347761 1101.66444673727 1104.84428034871 1108.29145594929 1112.11871589281 1119.0306366368 1123.63731746725 1127.36568231669 1132.88069551594 1137.54102709587 1143.67176314145 1151.37778299341 1154.66130166178 1159.99274298534 1165.6113344302 1168.45478676521 1172.49515261258 1178.15866916262 1182.20249396599 1187.10593931753 1190.70706850767 1192.78196847239 1197.44495649653 1202.0495991225 1206.65463170177 1210.54389848187 1211.917180009 1214.84494762355 1218.26020514651 1220.83557118819 1224.0725386864 1227.67083733092 1231.27801300344 1231.79279445752 1232.65848675645 1233.685602326 1234.19799949009 1234.30186280711 1234.14788642789 1235.11559606561 1235.39733331089 1235.89615440991
1098.3099462851 1106.5532296196 1112.40125294353 -9999 1103.23732607497 1103.8152650706 1096.84618137177 1101.56487796718 1108.35806516083 1108.08229092335 1111.31064544734 1115.65438962482 1121.29728022097 1128.57090986656 1132.97034127829 1135.00782406315 1140.473392741 1145.05613484666 1149.83200419313 1158.31021829019 1160.70967249853 1165.47311577791 1172.92953858644 1175.32797983105 1177.74743128037 1182.2798671257 1186.4931448936 1191.31402894425 -9999 1196.31318582197 1199.48131836913 1204.01508793372 1209.41132265258 1213.3890043628 1217.14326683944 1220.4062054784 1223.65993858219 1224.62435428202 1227.90493763228 1231.09875196981 1234.60785626064 1236.52111650096 1236.81193015852 1235.62872483104 1235.08481323289 1236.23334144697 1238.18978485605 1239.13549630525 1236.76350498857 1236.05724656428
1113.72042927524 1124.97842112214 1128.95332565279 1131.44410619612 1133.5649201462 1127.00432757646 1113.50576107886 1114.55176538401 1115.11690926288 1115.31703369585 1119.43575208848 1123.58923705619 1130.96970822226 1138.48496378347 1142.2058682602 1144.70985522276 1149.54061278928 1153.87138929787 1157.95974510956 1164.92812326944 1167.40882503142 1172.09273990278 1177.84468171231 1178.87852044536 1182.3455701111 1188.38476570147 1192.47743333989 1194.86095152905 1197.79445310715 1200.33631567729 1205.20197733013 1207.80761779223 1212.3612151 1216.17755541325 1221.01414109579 1224.97874242336 1229.69896323218 1231.89982488797 1233.57560356232 1236.13947922513 1238.29560634392 1238.61058036915 1236.09673838399 1236.38315036388 1236.87005314978 1237.3664338846 1238.94216569684 1238.96547578973 1238.10194437667 1236.09102353664
1129.47747211898 1138.43394398924 1139.28464837108 1140.49237745625 1148.05411060815 1140.79554736602 1129.28975919843 1125.96349325646 1124.38216370167 1127.8773462507 1131.81537051189 1137.01985462099 1142.35215135493 1149.10034995499 1152.12459693237 1152.71776788662 1156.98536845108 1162.09507634864 1166.58978015712 1171.53994449837 1176.15182682706 1180.51678895832 1182.93152784066 1183.45680264522 1187.96892520454 1193.80255858904 1196.83450852149 1200.06569844649 1202.57956497851 1204.81503341023 1212.42187656635 1213.43734150308 1215.81072381982 1218.74186155759 1223.22155389364 1228.94716785312 1234.47259645539 1235.25524903004 1235.4464083786 1236.5391084594 1239.08889401488 1238.63696807508 1237.38384619457 1237.97180637252 1238.14691817616 1238.46986777681 1239.74060164959 1240.07338219731 1240.70033182476 1238.32600543548
1162.58695544467 1164.82139111976 1163.45336826509 1172.87413187885 1186.16414772065 1174.11579307495 1159.46393369406 1150.78844938241 1146.29087517144 1144.34610374329 1148.64608935055 1152.47033108546 1159.94288944162 1166.26489944525 1168.84708091017 1169.39147946911 1169.64619369385 1173.30774527389 1176.40098841929 1183.95177428982 1190.33097378076 1192.43624390968 1194.05046468625 1197.87997478963 1202.13088193142 1205.47937567939 1208.06578759181 1209.96668159389 1213.17830609491 1216.79561939862 1222.07485378527 1226.012969837 1228.34851374679 1229.37278808999 1232.884778297 1237.01512946512 1240.04772298349 1239.23114000562 1240.82275531854 1241.57009015605 1241.99569928308 1242.05267623503 1241.68091072764 1243.24258423744 1241.98793254479 1242.67414651653 1243.88850741129 1243.61495850223 1242.82151508832 1241.54556402438
1179.86850559965 1184.03151480486 1183.73424805961 1193.09164339024 1200.75672319735 1181.26250371843 1172.51883401987 1164.77258120513 1159.6581734513 1161.25631347566 1162.23047139453 -9999 1171.64982953426 1174.74050755034 1174.61026191892 1176.52397240081 1177.37890049793 1180.43516036164 1183.19716146478 1188.71025950543 1194.77573993846 1198.06439895817 1199.90160787273 1205.4161437799 1210.18054449451 1211.91407686296 1214.2002259276 1214.09123941458 1217.56302409304 -9999 1226.90538708947 1229.74828766955 1233.25316447986 1236.38666772425 1238.49955056682 1241.54318913548 1242.40086985006 1240.67415254529 1243.17597628266 1245.12447949111 1245.194148114 1243.63347659992 1244.34275831968 1245.84059154467 1245.51319094511 1245.39454640307 1245.84650979834 1245.77841103723 1246.35258809568 1245.32627359842
1195.91908445107 1200.98481010119 1201.85483946811 1209.3192036693 1212.65785777223 1191.69334816247 1183.45872978728 1173.35220992612 1171.30162367123 1176.72462513398 1177.67655741926 1180.66506625568 -9999 1183.30912414268 1181.76604020102 1184.81747984014 1187.85247174702 1190.03268997779 1194.0889777167 1196.475637645 1201.10946721224 1203.38732682522 1205.59977291521 1211.21116309133 1215.24118061315 1217.31419879341 1219.36142674109 1220.61037198059 -9999 -9999 1231.73592019283 1234.39451998585 1237.54965576962 1242.96734278209 1244.65989916492 1244.08620020317 1245.34459910396 1244.70889421717 1245.86397178802 1245.74230111068 1247.55186439782 1247.69499373817 1247.82721875356 1248.88590229978 1248.73623049958 1248.6073132981 1248.99971645171 1248.65534401245 1248.38524957494 1248.50326368054
1214.04275154384 1218.11367860168 1219.95034384517 1225.52801089069 1219.62666195894 1203.9211110369 1197.15199680182 1187.0436273732 1183.42847274918 1185.79444130039 1187.57880672452 1192.73204794927 -9999 1196.97965608341 1194.93694233177 1198.68620037 1201.0484246031 1200.69211731638 1203.48301882126 1204.69945363943 1208.22027466325 1211.14211664233 1213.26809313975 1217.42050135767 -9999 1222.66891271936 1224.56556187856 1227.65704558257 -9999 1234.29880125508 1237.40890820639 1239.38841979867 1243.14950478016 1247.02944371527 1249.80315021235 1247.39178508474 1247.99754704609 1249.44870942282 1249.7086277682 1249.35895961021 1251.08832608583 1251.66848862006 1252.64898927053 1252.47010728332 1251.56183363635 1252.25500615904 1254.05809352309 1253.66793696155 1252.68044436077 1251.81710571784
1234.24030010499 1237.17029123214 1239.507938809 1243.36242491758 1234.3623831441 1223.50167596713 1213.30786793948 1207.33574572995 1197.63601619825 -9999 -9999 -9999 -9999 1211.4958987084 1210.76648805472 1211.55060331476 1211.77953829308 1211.35455500798 1213.51242915013 1214.14660115858 1215.58230270464 1219.0719003096 1221.60565298481 -9999 1226.62589955238 1229.41673006859 -9999 1235.86590395577 1237.76641863558 1238.60030787347 1244.7027968462 1245.82059683586 1250.60268691692 1253.0777711131 1254.57813658417 1253.32831807574 1251.70052570851 1252.49353344811 1253.46185315395 1254.87220333795 1255.65952530694 -9999 -9999 1256.98570105959 1255.96747334469 1258.72482633442 1263.11269380289 1260.99051097785 1258.15598354288 1257.94196880194
1253.86464628749 1256.20980072972 1260.54022027682 1264.26392320258 1258.0881111566 1246.04228413187 1234.24946121708 1227.60385692142 1218.96570477069 -9999 -9999 -9999 -9999 1223.38106970902 1224.04482516915 1222.04587754142 1221.52696838507 1221.30423948589 1223.53744234767 1226.30643209715 1227.50392335608 1228.40171439746 1230.86223110556 -9999 1234.60423781551 1238.12890213381 1240.33944619163 1243.41444650122 1244.74221208365 1244.45777825702 1251.84150093456 1252.15771580497 1256.18968692472 1258.92213561338 1257.79762621794 1258.02205323741 1256.87369197435 1256.83363057458 1257.36175305185 1259.16122302348 1259.95800156312 -9999 1263.69746795511 1261.45727536772 1263.26608027938 1265.66884530786 1267.93254211971 1266.62407279734 1263.23709544085 1263.36857686308
1276.56754374613 1279.67466044109 1285.37327552049 1287.98769574638 1282.66801922701 1270.47309202577 1262.2807305438 1253.50410060688 -9999 -9999 -9999 -9999 -9999 1233.10614030157 1234.270246749 1234.31348955081 1232.52826484966 1230.81827790957 1231.59574896718 1236.40446105047 1238.33413098208 1237.70843583687 1240.47648503052 1241.53478716451 1242.81783155779 1244.79834576687 1246.99842993236 1249.77530168183 1251.27640046369 1251.94388455726 1258.95734770425 1259.85430851984 1261.47261004829 1263.04816114039 1261.11061132547 1262.1673998345 1261.53363035396 1262.04007852363 1261.77401095575 1263.77485710013 1265.85707605606 -9999 1267.12193817799 1265.28320256774 1267.00237877472 1270.38403562116 1272.15217696039 1271.7631086068 1270.15575767817 1268.0493514605
1302.09522699727 1307.49880709672 1310.81325138907 1310.1933485564 1308.2781571601 1299.10239262766 1289.36932473382 1281.43075868123 1262.57017393551 1259.06985288257 -9999 -9999 1243.80188913245 1242.21279634979 1243.16827510788 1244.73976969332 1243.34672032449 1242.84146490202 1243.16046215811 1245.30522241987 1245.98375844196 1245.68416012414 1248.33133595803 1249.64574267627 1250.7963283762 1249.79453966451 1252.29937234294 1256.00837741039 1258.29319001775 1259.5638853602 1265.70456522704 1269.11128540774 1269.31749550463 1269.18558829661 1267.58048165163 1267.13276770934 1266.95331855565 1265.90200830759 1265.89811197506 1268.90385629726 1270.89737666704 -9999 1273.19544625953 1272.56369111333 1273.35117976346 1274.63937183765 1275.5401753533 1275.41011749037 1274.71749922128 1272.17047866125
1328.80246369028 1336.64399310593 1334.20773813002 1326.24410418325 1336.85853041233 1326.67157551786 1313.54473639514 1303.20614475866 -9999 -9999 -9999 1260.51827341696 1255.63832791926 1254.19923462309 1255.58481026221 1255.06496380001 1255.47221608911 1255.1088427198 1253.87413039349 1254.64645034182 1255.05001723521 1254.78075977559 1255.53968414819 1258.22228903163 1260.49575450416 1258.45538500797 1259.93995957312 1261.5574167199 1264.45377187708 1268.23327414597 1274.63782370371 1276.35491851134 1276.11673466939 1274.92396828418 1274.66658036952 1274.20334772273 1273.08415167732 1270.43440215936 1271.39629173632 1273.4840427171 1274.34460606359 1275.47084436661 1280.88172093017 1281.20822114217 1281.55568942959 1280.46048449623 1279.25952044398 1277.96977586585 1277.42519434159 1276.21744216474
1353.60585189732 1365.35057059163 1366.1615627613 1360.79504233204 1366.9408000252 1354.70494150778 1340.66951517725 -9999 1299.20230174005 1292.9079651706 1288.00423495731 1277.30697594137 1271.88015388058 1269.14892139426 1270.86823495746 1267.86875543645 1267.20620198198 1266.5725894391 1264.73224123217 1263.46414742942 -9999 1263.70893653421 1262.51743517354 1265.29629976599 1269.06810477235 1268.72074084876 1269.94263091953 1273.57141363617 1279.97076848448 1274.92939805592 1283.0394422549 1283.25365229336 1280.80812272517 1279.1816284259 1280.96635014919 1281.5070355796 1276.69067549256 1276.20469520839 1276.81968230834 1277.56255137849 1279.31914647632 1280.10723732561 1286.14642284628 1287.10907423636 1288.03829575523 1286.85210816822 1286.02031112339 1284.61178091599 1283.71655235313 1279.32286664947
1380.10181456338 1393.9992244425 1399.64059279775 1396.12346870988 1393.84844706199 1379.75931083404 1360.56743670619 1342.30961000786 1318.08632516094 1310.46175764813 1303.43254105717 1295.12918152193 1289.63393845148 1288.06791365062 1287.76125096308 1283.41526144757 1280.38016642379 -9999 1274.80159041564 1273.08716742755 1273.78910303581 1271.88165456388 1270.37664149054 -9999 1274.50990972652 1277.02389052929 1288.86903257545 1316.40796039098 1335.70245338664 1319.78261388093 1287.61349702818 1289.35255795668 1286.62066895623 1285.53503429195 1287.1972722253 1287.17158418272 1279.83304096703 1280.89979162872 1282.22726183034 1282.19420102645 1284.63064878662 1286.47597826661 1289.57055415725 1291.63396388687 1294.00637925527 1295.72646196077 1294.6591758224 1289.81734498216 1288.65517680604 1283.80331229049
1404.81899285591 1422.67013731138 1432.47842757542 1426.27100688154 1414.85746302005 1397.41968705392 1374.79556606644 1361.85686221521 1336.15322715849 1327.07037022861 1319.27889341636 1311.73591495985 1307.18495503931 1305.34728574938 1302.25464478446 1296.65449069676 1292.49429565032 1287.7144488451 1285.06369196895 1281.81824162375 1282.33219916637 1281.74898612768 1281.48855257953 1277.20204182912 1280.07734570744 1282.6528215556 1293.23823133856 1316.8366795536 1340.41095477391 1343.54951812501 1293.39662074451 1295.87272252259 1294.71938878329 1293.54768740059 1293.22029501764 1291.03570335068 1286.09933397393 1285.35129113952 1287.26557988958 1288.82378568671 1290.59960824055 1291.66144844655 1295.61735575096 1297.43080336323 1300.85860176426 1305.73549506234 1305.43779607005 1299.26300288272 1293.73394327927 1289.77616929383
