rcp4.5models/CNRM_CM5/sc1gr7.5
NCOLS 261 
NROWS 433 
XLLCORNER 336357.134 
YLLCORNER 654653.479 
CELLSIZE 1000 
NODATA_value -9999 
[rows 242 to 263 of 433, columns 150 to 199 of 261]
80.0200982294286 80.6611631247376 80.7916102563483 80.7945240141134 80.6885947454812 80.7793787378744 80.7441622615756 80.7232222573491 80.7115505701937 80.6306589922393 80.6061600740302 80.5278291690913 80.4691300954663 80.4556029639377 80.3500278884297 80.2994303983641 80.2754443891091 80.2207902444882 80.0858072136876 79.9983734911736 79.9354469069986 79.8540947026959 79.625718744561 79.5551092631538 79.4107336544949 79.2503236213607 79.1043898467133 79.0471903392712 79.0139046540636 78.9136796996608 78.8785195183907 78.7890336084906 78.5888359670506 78.3824918362733 78.2729197921786 -9999 -9999 78.0581078835678 78.0291898559506 77.9248283277703 77.7722728884247 77.5938249178451 77.5204857894906 77.4138369409693 77.3007021740798 77.2500081851294 77.1569315584609 77.1914768667633 77.3162378256307 77.346907483883
80.1288834983546 80.5056254496058 80.5695337418611 80.6157455705457 80.629685087364 80.6029191401298 80.5836768624153 80.5613543784558 80.5658938813894 80.5114905977879 80.4734454490027 80.5504305677909 80.4549393509992 80.2660112152001 80.1995079152176 80.1426990291697 80.0067004847299 80.0096707045098 79.8149496247516 79.8173632794969 79.695542189692 79.6415642947175 79.5594739980412 79.3740098001143 79.2296938944937 79.0562477549394 78.9643285660798 78.845602443474 78.7161102846113 78.6278201228169 78.5848352118399 78.4283576202658 78.2287932114118 78.1072203982902 78.0337841019651 77.9348168189187 -9999 -9999 77.488243404259 77.5146857751832 77.4184199284597 77.2824942319226 76.9891713807065 76.9244206537499 76.8770746400904 76.8772472509741 76.8622140408799 76.8624755607218 76.7620838799447 76.8443114519943
80.0377039002992 80.3789751822818 80.4828099818644 80.5541309295026 80.5841203589479 80.5172757791463 80.5921390314956 80.5389338926167 80.50588577156 80.4364188148832 80.3990240343751 -9999 80.360006335377 80.1462671955025 80.1023882543241 80.119970413905 80.0061683579008 79.915013342135 79.8469497710135 79.737012387313 79.5818650864702 79.508159669522 79.4620300447372 79.2332608898687 79.0547118750121 78.8044864008394 78.661588658428 78.7409531724476 78.6391238529941 78.5879455820472 78.4961876087311 78.3267893246162 78.1079175742626 78.0081759602182 -9999 -9999 -9999 -9999 77.4383032229308 77.3353040753667 77.1901238661691 77.1169319395107 76.7763228628071 76.7440428838935 76.7307359143435 76.6628812030593 76.6090721319849 76.6419679034209 76.5851689061468 76.6206914051023
79.9182702824277 80.2731176612247 80.3846805086144 80.4662109792996 80.4835024993581 80.5239253161598 80.6146048581818 80.5124848632313 80.5428816645756 80.5061497858286 80.4439784161249 -9999 80.3328940636816 80.214488361952 80.0926696661319 80.0822529419709 80.0364645567464 79.9534853950531 79.8755199362975 79.7077766925704 79.4729555994007 79.3668894220661 79.354240687371 79.2064587421684 78.8101155769063 78.3380520202562 78.3522936184085 78.5388627798051 78.551546138022 78.5111100699776 78.3200176465137 78.2259180780414 78.0597932780572 77.9950195943529 -9999 -9999 -9999 77.4523668468159 77.3191793315171 77.166358397171 77.0125552479061 76.8775175331566 76.687140416059 76.6069740153831 76.5886447998825 76.4483888964346 76.4288374325456 76.4808331143678 76.4611719217992 76.4922703142613
79.3443727007028 80.1588674729703 80.3157947132249 80.3149572655576 80.3275788469269 80.4545553784211 80.4872814395822 80.4517012079761 80.4601369605911 80.4153389559451 80.4370574758405 80.4515036101426 80.376141007294 80.2520614437177 80.1482795230746 80.0993750650592 80.0644556510162 80.0082995443165 79.8937029350739 79.7311289428382 79.4824422247747 79.3733064144008 79.3734482197108 79.1680382289787 78.7606055565804 78.3778095323907 78.2631249464113 78.3388075999462 78.4732842787548 78.4463087420096 78.246151453474 78.1364567076504 78.0786445564151 77.9317766000945 -9999 -9999 -9999 -9999 77.1707129865624 77.0656359520432 76.9487273368082 76.742045795603 76.597613471762 76.4104280010157 76.3629912396942 76.2927106695749 76.3059578650083 76.3420504695614 76.3649806876074 76.3224032238545
79.537418027648 80.1775286404642 80.3262863247102 80.319771283106 80.3900501534372 80.4015522026506 -9999 80.4265106165383 80.3795772865298 80.3582485250887 80.4060316309954 80.4159908343534 80.3668672054712 80.2589288746772 80.2172119836731 80.1591714196979 80.1282458338033 80.0802842003499 79.9601969841788 79.7182763761461 79.5093790383702 79.3866401767617 79.2701933990386 79.0328668062259 78.7884386256553 78.6405462195668 78.4747545961172 78.4614576339185 78.4391851740291 78.3723435320456 78.2468705520191 78.1310987018146 78.069824883821 77.8603746152554 77.6404649487898 -9999 -9999 -9999 -9999 76.9957192748275 76.8278789966204 76.7107718935682 76.4158172390888 76.2090934828096 76.1935300638519 76.1884278993807 76.1716368430865 76.1686471932283 76.1369298037828 76.1360508514753
79.9722839842265 80.2709176197128 80.2257638916882 80.2431319840825 80.3927594157963 80.3865598248706 80.284083801693 80.3425892918257 80.3358639642593 80.3855163200312 80.3844909507804 80.3327214637033 80.2506666512624 80.1966867880172 80.1835963336766 80.1143437565815 80.0436427715161 80.0646169533897 79.9036709321642 79.6590793166936 79.5247521488144 79.4013067135719 79.2221787108829 78.9599605684996 78.7317854576245 78.6135983406883 78.5545846228499 78.4356764924945 78.3182147986097 78.3121987455291 78.1859131026517 78.1172047117203 -9999 77.766277082302 -9999 -9999 -9999 77.1174001258259 77.0638370452888 76.9497483440529 76.6764752413679 76.5995175934306 76.2798803095726 76.1335078970808 76.1396787234002 76.0741728345059 75.9901474125562 76.0033771778696 75.9237582794675 76.0168653295578
79.4242789486194 80.1908023473977 80.159015672381 80.1527766258446 80.1640840905753 80.2841035216149 80.2959238646951 80.2592827522164 80.2654530322526 80.3304030352152 80.3496763986789 80.2747434283958 80.1860941093132 80.1290988356828 80.1076867709952 80.0104177790741 79.9586853940233 79.9389094627877 79.7629573595186 79.6391389701744 79.5433755093698 79.4534721267057 -9999 -9999 78.8200113472057 78.6337625246783 78.5035888322013 78.3039887532995 78.3420085232006 78.2886344501766 78.0796459610008 78.0096987796765 77.8518651482393 -9999 -9999 -9999 77.2278983331584 77.0483850578957 76.9200839797808 76.8203779467655 76.6061112946789 76.4722412522879 76.1974069045619 76.0535317461485 75.9665068500591 75.8856634389901 75.8215545145745 75.7831061957057 75.659782479338 75.7625352734675
78.5768033985353 80.0119584743949 80.0983568734365 80.1513088091683 80.0316374556649 80.1270988602022 80.2432632528453 80.2281613446911 80.3142141255517 80.3431171035723 -9999 -9999 80.1713457259876 79.9860689327517 79.9821566404816 79.9580194590146 79.9203882899869 79.8489873072182 79.7642240720213 79.6706929209218 79.5332423798171 79.3463927640947 79.2332378597303 -9999 -9999 78.7048009234764 78.5546427938491 78.3668830790083 78.3680689414578 78.1599909207184 78.116346912545 78.0131620003297 77.7759352632663 -9999 -9999 -9999 77.1664452750704 77.0021127478469 76.8175360312915 76.6855555070096 76.5345990182779 76.3184901676591 76.0851617078134 75.9521914699961 75.7618342217512 75.7228368140692 75.6619141298034 75.5276504328634 75.4337685685347 75.5186553035872
78.4170356897749 79.934096511695 80.0425493433896 80.0688317945599 80.0052474670096 80.095215237831 80.1374938075354 80.1499592759634 80.3505986685001 80.3517692351152 -9999 80.3214111021491 80.1458542279835 80.0531794060889 80.0131871485595 79.9883280611162 79.9369330753813 79.8644660227285 79.7477272271241 79.6649989598433 79.5265927686119 79.29002920549 79.1265755566018 78.9823407058353 78.7956944926829 78.7611395086533 78.5359965121524 78.3796956408905 78.298145792047 78.1758209804606 78.2126401697716 78.1210796340724 77.8620064739614 77.6931357037499 -9999 -9999 77.1084148660112 76.9176271447201 76.7976725807391 76.6777658642496 76.4719892700951 76.3212195325645 76.0196457904727 75.874883233674 75.6536642444714 75.5385585953431 75.4869268990213 75.3501047669792 75.2707797591156 75.2825264885564
78.3706011522057 79.4110768526554 79.908054252564 79.9579429678351 80.0466724642206 80.082551159785 80.0971804429042 80.1510093566493 80.3664371892044 80.3305772901064 -9999 80.2929307362163 80.1475949349597 80.2270637285892 80.169223205793 80.0887969494408 80.0262214473643 79.9097072224437 79.7892768559619 79.6072301128758 79.4157053145766 79.1888890728112 78.9732795994604 78.5049133874088 78.2743894477819 78.6881006236772 78.4970723226713 78.4069825723957 78.378734876946 78.2966459358952 78.1962311737636 78.076155445063 77.9002077392897 77.69682824716 77.5322147489028 77.3397495175331 -9999 76.9389729212665 76.7359621136425 76.648622508023 76.4959035317516 76.3538872055186 75.9587432419172 75.7898697821361 75.5790525010282 75.4362335547759 75.4706974274666 75.3193140439061 75.0584055771217 75.0224114433008
78.1306526408014 78.9872152842552 79.6396963272029 79.7840362297304 80.0863924956541 80.0590112694167 79.9994317377761 80.073322913383 80.3359108119598 80.3630435312852 -9999 80.2814140293331 80.1879536118567 80.1490539953128 80.1469442659724 80.1485050606325 80.0939517557623 79.9549411761099 79.9074569516234 79.545469380086 79.4013569427416 79.1870259657115 78.896611133977 78.3129812031094 77.9854027177182 78.6057158242214 78.4853947518952 78.4451422376131 78.4139183532642 78.2644418810396 78.1846545793964 77.9490650698388 77.8463912979807 77.7349008726915 77.5133217435604 77.2596282042027 -9999 77.0437041467708 76.7633548523095 76.613527128343 76.5232288919965 76.3049686141611 75.851925110957 75.7046958288191 75.5182941320263 75.3038650150147 75.2568336651378 75.1552685613915 74.9675932607634 74.9075168883496
78.5313538009906 79.2414753483776 79.7539298697424 79.9073770375861 80.1078992497398 80.1223170039729 80.0918144291496 80.0606833650835 80.2821580932017 80.3926011452751 -9999 80.2208837341928 80.1870328147829 80.1130241190969 80.0597463098846 80.0837718600845 80.1302229339107 79.9970779804736 79.8484391816925 79.5336361001922 79.3833351054104 79.2304428987385 78.9131610083944 78.6311628373167 78.4189737136225 78.6215286330752 78.3883769369571 78.2320612977611 78.3039609753756 78.3035114604757 78.2035939681404 77.9760928145689 77.889790968214 77.7714614014037 77.5604705656671 77.3305810570976 -9999 77.0855389912376 76.7884051855295 76.5944823823976 76.4860374856883 76.2344310615353 75.8216536101476 75.6188601931315 75.4145184637925 75.1992619679339 75.0477204174409 74.9065851654535 74.804182956129 74.7630688109794
78.4822247850173 79.2830409751084 79.8899751829358 80.0514572114658 80.0461084328607 80.102316383804 80.1426348092824 80.2027239279808 80.3300604868196 80.3601494061765 80.3338493595502 80.2501627446369 80.219598402944 80.2449858059629 80.219808567014 80.1654479497149 80.206891082997 80.1172158083178 79.9712409361081 79.6308861891218 79.576298984721 79.328005884001 79.2019627633958 79.2225498847156 78.9888528833474 78.8052716237563 78.595872714451 78.4491705253208 78.4189209274253 78.4123523563162 78.2538751716539 78.0439825210131 77.9126561701377 77.7842259667122 77.6264592309898 77.4058585899819 77.2736843010415 77.0685927861684 76.8890658559488 76.7072852109834 76.4971293349758 76.2844930537989 75.7999856591963 75.5876442862243 75.3312599154724 75.1115343751603 74.8795608630991 74.6864950845207 74.5454435497893 74.46741745743
78.2663576952013 78.9221206179771 79.787589855238 79.9224833574511 79.9263270569397 79.979369669052 80.0386339057089 80.1615581639131 80.3400413394434 80.3439508652439 -9999 80.2876887244802 80.2501111973547 80.2042182254147 80.1974250797262 80.1267127662401 80.177604526054 80.1653458470653 80.0661284190972 79.785628382127 -9999 -9999 79.397837342308 -9999 79.1332400137329 78.8675659346002 78.6191460560778 78.3165959914069 78.3859589432576 78.4783905460809 78.2820365443988 78.1541115519144 77.8923045906512 77.7583987757951 77.6907640870588 77.5155291129788 77.303257196157 77.117227270617 76.8966583628364 76.7755460867094 76.5336879075922 76.2972215234041 75.8285586615996 75.6381592685733 75.3451918542071 75.1029841934571 74.8497200248598 74.6648793838318 74.6414119684848 74.5791536081634
78.3517467966988 78.8985707993409 79.6931123483631 79.6557861634056 79.7171622237362 79.9409053846574 80.1685914094413 80.2130315364083 80.3309764286275 80.3701875387117 -9999 80.4085555740512 80.3629517700207 80.3530878243143 80.3384178821102 80.1731336492397 80.1738752377928 80.2066657496526 80.1626789116657 79.9505477202536 -9999 -9999 -9999 79.3405598127752 -9999 78.9226834100357 78.5433209549785 78.1084222407026 78.4842433511867 78.5242428522276 78.3152119840838 78.2247768825771 78.0344183667996 77.8969175365485 77.7543521590437 77.5373649782004 77.3964613405373 77.2457403213825 76.9898686395373 76.8568271479494 76.5858921220511 76.3597748825806 75.8274227238274 75.6512570789557 75.3689809312332 75.1501921290013 74.8568161846585 74.6661222107488 74.6870354659963 74.7129203560765
78.4635878052885 78.768022744533 79.1469941715261 78.882640313049 79.2107545873276 79.9536605073276 80.1714524382645 80.2117390220794 80.3684487132559 80.4009893013848 80.4849836680068 80.3944027087968 80.3697390119169 80.419895679841 80.3380430789952 80.1649652085199 80.182861201777 80.2772148411091 80.212126674912 79.9653287331958 -9999 79.564463225291 79.4889029151917 79.1557638321732 78.9009103946797 78.8735939225667 78.4633490769281 78.0247435047427 78.7220956976734 78.5753629671857 78.4440130029153 78.3059137774033 78.1953129248999 78.0628458976052 77.8696500709538 77.6343545380086 77.4855027644348 77.25417248658 77.058465690491 76.9348099076981 76.6973190399915 76.4902895279554 75.9558283597549 75.7212434118862 75.4727133528713 75.2194768317382 74.9639896696865 74.7977669536418 74.6970917855865 74.7747121394943
78.7987643678969 78.6599196923532 78.5796121706089 78.4750525690265 78.877570146937 80.0257466196988 80.2002850339654 80.1968076788442 80.4167333585174 80.4333944424855 80.5268464247736 80.4283281322975 80.3473980644671 80.3889307075926 80.3759691011655 80.3310598338486 80.2877271667521 80.2497435283179 80.2248691804116 79.9828055048405 79.741820174422 79.6137790692172 79.4284764554149 78.8963746916196 78.3627018097269 78.311013097859 78.2355826645523 78.4372347145368 78.7918259261798 78.6719284112228 78.5242423878322 78.3835755714157 78.2578279202692 78.1281068074791 77.9846660735893 77.7630159350607 77.5315690816055 77.2661334764546 77.0680674069104 76.943964075336 76.7832358155435 76.6048008185625 76.101812746935 75.8193992745641 75.6010810937073 75.3335024376694 75.1958225239657 75.0382730825637 74.8948239339549 74.834502842121
78.974761817969 78.6136306528823 78.6537520945765 78.8709924813167 78.9851855332771 80.0549883758608 80.2226574374366 80.2702325066013 80.4294761903014 80.4596408766078 80.5823888457469 80.5254106407325 80.3896831543748 80.3103960194454 80.4370982089613 80.4408093024815 80.298961758417 80.2203468963091 80.3151105712514 -9999 -9999 -9999 79.272234177846 78.4152163495294 77.9524671262324 78.0837094076696 78.6073827725826 78.8662431563598 78.8423600590855 78.7893569712642 78.5336940145491 78.4697140055396 78.415926635463 78.2703838693196 78.107990861952 77.9095036393307 77.6830042834965 77.508391975543 77.2661642392368 77.0713985191856 76.8479590996014 76.6576043545629 76.1980736315707 75.9301993653711 75.7324126955016 75.5276875750459 75.4334843561622 75.2402627616202 75.0673169845662 74.9233627531899
78.9699983646628 78.9165542468465 79.0615786577475 79.1610261397533 79.1617448743279 80.090156872393 80.1591911287164 80.2255234441706 80.4339614538333 80.506008466474 -9999 80.5522385379188 80.4054604616167 80.2893998541027 80.4269026439409 80.4452689831089 80.4174498867993 80.3841964115641 80.3998172046036 -9999 -9999 -9999 79.3388342982949 78.5001162616874 78.6085804470196 78.8796173255747 79.2298275927085 78.9970460961505 78.8892740328929 78.9086480937944 78.7054927974388 78.6328111969407 78.5719284268102 78.3741148526499 78.1974675989142 78.0154876753695 77.8326788522237 77.6633224746672 77.4810546380697 77.2478301377084 76.92638487902 76.7542861798553 76.3890301304759 76.1615259841165 75.9457646997381 75.755783177085 75.667014234152 75.5016693944248 75.24586061204 75.1166755712329
78.9157869164437 79.0600129574509 79.1358457490945 79.3313586358107 79.3007387181153 79.5720172588917 79.7448487943029 80.2174997925488 80.4925130876424 80.5133843494568 -9999 80.6014927221611 80.4969065890976 80.3630602248583 80.4615350309015 80.4308962613159 80.4912607129436 80.4800215895627 80.4491573637507 -9999 -9999 -9999 -9999 79.4486942936325 79.5305432730805 79.5314021133435 79.3477935927252 79.1897521375782 79.0671914326579 79.0178489749805 78.9331121478836 78.7747702151753 78.6615890840871 78.3880271901164 78.205593017667 78.0830424189601 77.9643420451497 77.7751509086781 77.5215375369978 77.3850319574571 77.0867996844317 76.90821705009 76.6323714735591 76.49915642622 76.2115589286626 76.0199275871934 75.9255668434663 75.7697067291907 75.5235434502197 75.3865294599667
79.5816728182822 79.7754162653603 79.4630486332493 79.4445968106919 79.3938718172111 79.3117361994879 79.7819025430642 80.3152942237529 80.5754869115798 80.6043233487473 80.654178677475 80.6615674636192 80.6532964825939 80.5013827818835 80.5433126996158 80.4348046022213 80.4726496355895 80.429998701867 80.5323915137803 -9999 -9999 -9999 80.1630373986149 80.0370155523695 79.8591568850409 79.764258159376 79.4309905097791 79.2695434978762 79.2382094854757 79.129587012571 79.0304550159227 78.869876271254 78.8020855045566 78.5996325561106 78.4142309052337 78.3184564888847 78.1791513792315 77.9303406531758 77.6364826823105 77.554954709386 77.3315054280258 77.1281703767091 76.7992002221702 76.6799613908792 76.4472475224516 76.2541301410672 76.2254413493607 76.0738151359203 75.7313994258667 75.6478538209323
