rcp4.5models/CNRM_CM5/sc1gr9.4
NCOLS 261 
NROWS 433 
XLLCORNER 336357.134 
YLLCORNER 654653.479 
CELLSIZE 1000 
NODATA_value -9999 
[rows 88 to 109 of 433, columns 100 to 149 of 261]
92.4128518809758 90.8666708651121 92.101076298909 102.317394495814 111.587648385385 91.8548242503755 81.0142272502233 81.2491697749158 81.807633812219 82.3889966961081 82.5916899104849 82.8445744152477 83.5717557309658 84.4506311359206 85.552842185448 85.587662279038 86.3452527248528 87.8383860675241 87.9176942915565 88.4607672247526 89.9349851315317 89.9507383227006 89.9980425394789 90.7474080042991 92.2620916956516 92.4503650846663 92.6376213618618 93.7657852289471 94.1446644276208 94.2007461231043 94.9489504268604 96.029675416838 95.9994746680075 96.5291796769393 97.3640520842901 98.3627172109251 98.602391546664 99.5535443449903 99.9533188097683 99.9979832178825 100.753799438935 101.385010999632 101.376733459729 101.349393661237 101.996212134778 102.904681883956 102.523491848438 102.374536459756 102.820030550974 103.342096983804
101.266901548654 100.348332011993 99.5562547230512 94.0973644942556 110.327622250849 81.0051065068375 81.5145440401367 81.7440706759717 82.2029510139835 85.0159190442019 100.419844576905 82.8617051303344 84.0875146325284 85.196988647958 85.9290650047889 86.1651993251383 86.5071605604007 88.0602722995039 88.4558736026827 88.8512096555044 90.16221418626 90.5673850926881 90.7533127898407 90.8850806815903 92.5194733406171 92.8584285302558 93.1634348455251 93.8290621254421 94.7820061339327 94.9894150469089 95.362698685882 96.585646329563 96.6637291182529 97.0952292187676 98.5058983880948 98.7749364494314 99.7832628307471 100.279831260764 100.25391758991 100.896231964558 101.850040467055 101.742056897675 102.126457649539 102.171264194429 102.916657488991 103.336680057368 102.8525654445 102.583258793316 103.078057896934 -9999
111.034629468131 91.2589960444275 90.8621136384624 81.6022170088255 92.3303384437318 81.5100158903783 81.8231985635473 82.0465935710595 82.4409766717246 84.2675874607817 93.9221450743414 83.4953603092112 84.0580467001506 84.9208064426092 86.0271239113333 86.638163449455 86.5276135042734 88.100568700005 88.6587950793945 89.168067160511 90.0261579556358 90.7858464291108 91.4103358976144 92.1985759811112 92.8778923285215 93.1598868730681 93.8134406711196 94.6787623355924 95.2374832620508 95.8466016138059 96.4893186507286 96.9246814196131 97.3851609727719 97.6572602332357 98.7466678451468 99.4920706175475 100.393288599665 100.731700538104 100.681051130388 101.828377076571 102.339793222578 102.075021093793 102.603419208892 103.392062722635 103.44668362935 103.697342844267 103.200024961174 103.318077573307 103.882369026945 104.332574992531
113.495002494144 79.355743311657 79.5450383074181 79.8431215004938 83.3738330881009 101.671392933637 92.8758546014958 82.3196495782032 82.8675858258471 83.3034576536752 83.5816248517399 84.2670441750713 84.8762952424286 86.0460892238351 86.6950076372129 86.9442655801824 87.5374892772297 89.0651923912565 89.2394246557115 90.6763484297155 91.5283191483399 91.575129695568 92.437697280471 93.4601728427892 94.241997215463 94.5197024998952 95.4321948202189 95.8299354424867 96.1795984518775 97.0080841599411 97.8952602415552 98.2433760710927 98.9867412212783 99.6435466074191 99.9872064627811 101.33777120031 101.404007351549 101.501887164773 101.973197182837 102.967406238336 -9999 103.473835339624 104.164435676068 104.357415981601 104.490108814741 104.181607750454 105.029461753643 105.333748607741 105.30300588182 105.005149603079
93.5615662954539 101.82231780035 101.716172766543 99.5395825361311 83.0199619134857 93.3895353615453 82.1123113545331 82.4745344220027 83.0101555308971 83.4235986243543 84.0760989498935 84.4390558978631 86.2052390882311 86.8318931655452 87.1777244730486 87.3944528163943 87.650146727831 89.3217284263166 89.957961873535 91.2249917574297 91.7865860292269 92.4002741541049 93.5475830163395 93.4774063400096 94.3513278362001 95.0694449278371 96.101722944792 96.2861784092824 97.038013578816 98.1693420739088 98.355944668254 99.065440110076 99.9658078054661 100.032295137815 100.603840195087 101.686407226118 102.132943214204 102.26664932092 102.904077079289 103.544350904914 103.600263268897 104.015134131157 105.010188392938 104.704697081368 104.83358468556 -9999 105.853935623617 105.556415154379 105.79031858949 105.587620178769
82.1682146953496 92.8576537521837 95.4199340455575 113.815573750652 100.154025343247 82.5084303739651 82.5334005370511 83.1767286403396 83.5269708918882 83.9660985663725 84.4391690643757 84.6719954451803 86.7881461250259 87.1949650803223 87.3943302268506 87.6234054004229 88.6104913419787 89.6042224145657 90.4517473659235 91.6932507227808 92.0527075737447 92.8073030176707 94.0854493402585 94.1229844959017 94.7227509802794 95.9182876746844 96.5407821195298 96.6349511881228 98.0436474914961 98.9346022496588 99.2389825987272 99.8565509079666 100.6161614453 100.767307815102 101.003371043587 -9999 102.552325684833 103.551283918166 104.002295895047 103.900608149781 -9999 104.691981170028 105.350635095659 105.308300191118 105.446066309575 106.180985579964 106.337857925898 106.203736351821 106.461755792336 106.995052398391
82.8006023931919 80.7282814036313 82.3181683901491 93.6581138533497 93.0080803569837 82.8628180964335 83.1535029529408 86.2749167138315 101.732995994335 84.3889329396871 84.6009657076539 84.8468427183187 87.0202583752578 87.3927350161309 87.8077443026282 88.1960298472201 89.1611576916339 89.7471766537086 90.5670672627529 92.1907257966557 92.3410571878836 93.5619469516461 94.3716987258663 94.6928857416391 95.3845806619703 96.519115431674 97.0557529436825 97.3546819535772 98.5839650822166 99.173435624697 99.8994298957916 100.890526376389 101.032791563135 101.482765436422 102.188762672013 103.042790826735 102.931152909191 104.384741928751 104.665048979737 104.450682813623 105.460670591306 105.698626170135 105.791178755828 106.150686065195 106.823678480814 106.970798220749 106.827288001473 107.121495969127 107.659893533256 107.957351809548
101.087624639644 101.174760708732 81.4577186448865 81.3387815419541 82.1548024612258 85.3385943169756 102.097440146089 85.5119143563566 95.0705352452485 84.3111419812575 85.4646693592467 85.1841691180808 87.3843113179433 87.6259287368032 88.1341812853186 89.3159722834555 89.8180965204792 89.9914523781022 90.8000071403305 92.4176333383513 92.8919442411203 94.169613768211 94.552154345196 94.9819186543505 96.4545289875391 96.7739036182179 97.4560996057026 98.0894802203493 -9999 99.5519753043846 100.777265574523 101.55311425591 101.583373984697 102.630461613438 103.216575466117 103.702944854677 104.221402688691 -9999 105.165432755587 -9999 106.123978520817 106.433646093333 106.395801952631 106.697225646799 107.665800914075 107.358765002068 107.769302720743 108.165706717045 108.620783793815 108.556434623692
93.989314916037 93.3101739710086 84.2948227318072 103.924433007481 101.74039107546 87.3312041655477 113.651642265209 84.0502787456524 84.5546106915286 85.5369650499419 86.3346291750498 86.227385237131 87.5830136006242 87.9912310492807 88.4531122667643 89.9390771683603 90.0243234759901 90.1599303125912 90.9460186097126 92.5353382088332 93.3925337067348 94.3498530443766 94.7800602418687 95.1644675829391 97.3154824991373 97.4932199398444 97.6410589238392 98.8726935343006 99.7659785223429 100.263078985318 101.535526176893 102.050958444285 102.504339951721 103.504840062066 103.719475720417 104.623837204069 105.364209589175 -9999 105.634736574789 106.890318173066 106.77769109348 106.874020650868 107.104834582689 107.52934372334 108.067883205166 108.127612786435 109.003805532615 109.271231670519 109.067297926724 109.033708872311
101.458893845964 81.708669627369 83.4437133343953 95.3096062298049 94.0856595166508 84.7414869210019 95.2300417783058 84.2856816668403 84.8204910553066 86.3477416226657 86.59294595993 86.9980028969744 87.8175821053168 88.1930961596875 88.8084927773548 90.1703087487069 90.5693912757207 90.7059824645412 91.8084952960436 92.9865759440122 93.8451167937556 95.0248172310243 95.141922835524 95.4345500418694 97.5929473190626 98.2249476910226 98.3759064334965 99.483406979994 100.075967352062 100.76164941241 101.703553355446 102.439995303921 103.582059272878 104.114665415484 104.33925136125 105.813855102372 105.785242933834 106.233485629823 106.911652508055 107.367466301217 107.441196903814 107.426708998829 108.230020013769 108.64774944874 108.493987321989 108.931277085508 109.6529084363 109.704691112033 109.290591134018 109.521809807283
94.2098451045342 81.7539371065759 82.1462452768829 82.3425503195764 82.5851669826261 83.1357285580819 83.6458144728835 84.2288433364692 85.0396086122207 86.4042370790267 86.827905034079 87.1959656008814 88.183912143123 88.5733611988445 -9999 90.4560868766786 91.1824037892357 91.9096944377318 92.7847127857287 93.5792416142362 94.6435322236749 95.5548228235105 95.7577210534093 95.9544728461834 97.8207275009504 98.6409087454048 99.5836568646942 99.8737590596036 100.606975949055 101.759236926098 102.336782583986 102.778093251707 104.259230773373 104.920056415908 105.741735601889 106.427300033372 106.292445759541 107.201806508506 107.930254054224 107.755647127544 108.119696233785 108.805135338476 109.003545694661 109.276785110024 109.389906653215 109.836734190818 109.99541208285 110.069937215768 109.935606851543 110.195343708198
81.4718216981742 84.6071406936514 104.581876220914 101.778559978538 82.7437353361437 83.2859419896768 83.8252008642734 87.8419773032429 103.544975704727 86.6710038999266 87.1937223860498 87.3915178590076 89.2775806141869 89.6276051903763 90.5375977370948 90.8225727012543 91.4929545855748 92.4831883211012 93.0744225552539 93.8445911605013 95.264758667618 95.8186841806448 96.1725128974712 96.6179536277637 98.3157484592309 99.5488628478035 100.490725603652 100.838921287865 101.095632724702 102.590743760517 103.25345801771 104.087456670244 104.648765523038 105.494101374441 106.766640013914 106.968351553051 107.683548156562 107.945833581674 108.442743236457 108.690776506063 -9999 109.947536550442 109.73326348057 109.807890896774 110.650922075603 110.523463212006 110.760994853834 110.736436554809 111.379371998667 111.48240475209
103.465992782813 83.735874209051 95.9267152803069 94.4045694794079 83.1552307108756 86.2244206913315 103.131650191898 87.3446611705001 97.0777286535845 87.0253668406544 87.3203936008237 87.4214218629938 89.7020321760318 90.3627399911125 90.742809291889 91.2131417302849 91.8603728544184 92.7287048037403 93.4408889056279 94.6844379146367 95.6548509751398 96.1824953011259 96.6073238555722 97.6870442592549 98.7986339106945 100.310643773446 100.93746193934 101.587583404663 102.019413891795 102.981450169746 103.820383230429 105.116212568414 105.18562731235 106.398752057612 107.2202582609 108.054880188865 108.824592984224 108.722237653914 109.07886107286 110.08709399475 110.328587348377 110.428324755905 110.693936037456 111.176514358733 111.517131749363 111.290282146748 111.737549498925 112.090589691275 112.272861637108 112.266391738052
94.1001287768383 101.934841102768 82.7294845172001 83.1414060561915 86.2380337934196 104.057564982122 96.0146125314924 85.6257754617634 86.1194941758834 86.9025031435853 87.1261220983226 87.6141335852384 89.6056098200131 90.544954985568 91.0142009837372 91.63787252064 92.4186740487176 93.081118911161 93.732132267365 95.4510397143236 96.0456823966201 96.7003556603926 97.640814773488 98.5464496960642 99.7348018170689 100.701579382595 101.435558654972 102.591637861584 103.174644900682 103.514636756906 104.734751438071 105.616808945587 106.073101560174 107.148637339232 107.706016660656 109.189769652828 109.351695354188 109.835909458836 110.460134960476 110.916218418061 110.991978397598 110.979226336595 111.832896703791 112.349814268763 112.001769894621 112.090467855498 112.817093507254 113.231498692144 112.988973012667 112.680385021926
101.125423887282 96.9019940419451 102.089055416199 83.2833512824749 85.2397643797398 95.5085201892243 85.252253396876 85.892326455822 86.4619245642085 86.9819885961717 87.3562279440794 88.6010504419896 89.7759985632235 90.3241984805141 91.0270271851775 92.2189178534197 92.8810647065397 93.2658779537577 93.967270743581 95.6620291290476 96.5623258604295 97.7334417348603 98.4052601338362 99.0030036461238 100.496047577427 101.09311533794 101.92264592437 103.421628904962 104.086787642665 104.925128844938 105.488858557369 106.230576635641 107.366131723037 107.930203163287 108.281831351575 110.023315288019 109.933136003387 111.038458137943 111.601232016689 111.68934838839 111.670233961677 112.536854441982 113.155924125289 112.990395858176 112.93730986548 113.214735853678 113.918568985571 113.721992303095 113.649779662816 113.174590345339
115.336071120338 82.7946829659654 83.0417711213156 83.573524017722 84.0217692880151 85.1170937520873 85.8734534179909 86.4233732718673 86.877262086979 87.5237652973682 88.5583451839544 89.3974507788943 90.386174826644 90.9757488222801 92.4597693122683 92.7474552886701 93.4573490607451 94.6973332255271 95.6652236399452 96.2604164467981 97.067483832082 98.5911674210562 99.18948717441 100.008970034384 102.053527829287 102.506778308661 103.605687442426 104.344036306604 105.566223583297 106.453202409088 106.910044757525 107.988756433632 108.732865792797 109.942793049144 110.695962824097 111.885884753937 112.455584735367 112.801693783919 113.566968150838 114.237617504127 114.210136500688 114.356020128435 115.095276771871 115.342168247879 115.153342788134 115.287500486245 114.7173436026 114.653155214379 114.910031237508 114.960714933546
94.0088200351979 82.9806398794085 83.3950389234078 83.7464546013275 84.3191884426905 85.6716907820248 86.1218777719801 86.6602924184109 87.0449633410215 87.7722310652638 89.206685980692 89.7864086176661 91.5896901850624 91.9468442283478 92.8499590489511 93.1390008295009 93.9291332567499 95.4627638859339 96.0571899983895 96.7778408787958 98.0143007562642 98.9834216218533 99.7121966030436 100.945164774465 102.605875766945 103.531125673655 103.997330908182 104.833444040587 106.320574652582 107.063104476842 108.202409913018 108.771949993502 109.276949941767 110.858805789568 111.352653637659 112.678918502966 113.253895765077 114.191210261886 114.72767702187 114.835570736021 115.149077417864 115.713992623093 116.039812348423 116.13904557321 115.918952772349 115.730242910415 115.835468130525 116.040433854572 116.131218009868 115.759581048667
101.64830264544 102.079419116473 83.8533237315767 84.6980042800604 85.1110263753392 85.9078975908308 86.2872520349178 86.8389626871138 87.3995125201034 88.6066601070939 89.4096749883366 90.1760370161845 92.244642827065 92.7130737843397 93.240871428613 93.64951344284 94.8878545032553 95.854542569372 96.5731661324708 97.8092149018796 98.7776027247972 99.3763699156242 100.152242638367 101.487405833623 102.887575309948 104.227047915854 104.751931430825 105.74879291557 106.852884454985 108.070191526103 109.030741776016 109.746406646203 110.720998716398 111.397135348788 112.600255984326 113.646053727865 114.414834314795 115.238100092606 115.842748579197 116.245478802542 116.237959359631 116.897815375556 116.806688279435 116.622454067091 116.748113022104 116.744678440566 117.057795398316 116.863641888256 116.727930160696 116.043688269413
113.335413510579 94.3589514133669 84.2362167508874 85.0120594417439 85.3362959946905 86.2733839465773 86.5365664313809 87.0766342092751 87.6356828166012 89.1642212899545 89.6470372676248 90.3471109635024 92.516341542427 93.0674431265418 93.568213314589 94.687191364057 95.6525642115261 96.2077665758563 96.8710776351192 98.5721454710746 99.1291535151859 99.6801200996096 100.883029095683 101.731465699655 103.69309077912 104.659901117003 105.501252855358 106.899250957645 107.343477736715 108.820715563983 109.565637689554 110.861523626016 111.993308310619 112.368785735375 113.461749204704 115.033270010824 115.577034989634 115.939400968969 117.034878465213 117.49795311002 117.392331395946 117.498173244298 117.632762060755 117.637579423958 117.854890571498 117.968067140651 117.637054414151 117.399502835104 117.049968214447 116.6838485443
113.564572912476 85.8970616137609 103.52843462218 84.9055719379917 85.3949582367516 86.1707965380192 86.4353024887708 87.1321846505731 88.4819563249235 89.4349579222003 90.0149822590275 90.5624628104785 92.8707572549755 93.2531534184812 93.9200185543298 95.4513287046848 96.0059759452325 96.3955933600169 97.1072012470328 98.746374198155 99.3175612544809 100.014575915806 101.523954357073 102.124968512556 104.450657534216 105.190085112436 106.444189366826 107.501288012491 108.131549657837 109.21100807654 110.107255846202 111.7783111365 112.647222773262 113.770880219411 114.441060912601 116.02524905618 116.51989694073 117.306756956316 117.82067316996 118.197082712229 118.380946100757 118.514151548409 118.737635215275 118.99857961313 119.057394327336 118.708492687583 117.961291939176 117.89512493809 117.42309391371 117.669067749557
94.0027072480903 88.684839029871 115.34399424242 85.1715740104781 85.7060737466479 86.0650686494879 86.6210126593332 87.8490799695007 88.7561027713567 89.3000598148852 89.6956733803148 90.3677728434112 92.5637534505926 93.1506390265178 94.4714541546291 95.8048768486065 96.1935617330203 96.7934659972077 98.0264353594028 98.9931431578371 99.7201390724716 100.949982958944 101.917250035239 102.651468616637 104.843834616765 105.679221350969 107.166442222164 107.989476055414 109.422293449129 110.13915319004 110.990196498995 112.263924078072 113.64096981969 114.596296352654 115.370298499995 116.737436913143 117.810737231107 118.609148302876 118.788038229932 119.374399985213 119.604027915632 119.739421987027 119.558711986883 119.759599602082 119.659075482191 118.987200169494 118.515689618271 119.043316590201 118.800511430223 118.669924145164
85.3503689022301 86.3395756666752 96.5825883351816 85.3340991052195 85.8819943531685 86.4361859922237 87.6386224517569 88.3775378433438 88.834948908011 89.3902890645433 89.8167042806716 -9999 92.5174042691187 93.298649817198 94.9295280212668 95.9921548713277 96.4684030655055 97.2707899236865 98.7883086141634 99.3870042433927 100.201936967375 101.70966234876 102.268054083793 102.963057453996 105.373273672988 106.594430711812 107.69778250137 108.947806290784 110.078270458887 111.019503747273 112.094959866116 112.637781591489 114.383022684735 115.133551129 116.334960218788 118.144353121931 118.701403198162 119.4152707736 120.334189725508 120.600492365368 120.424364788518 120.534035226563 120.323504913929 120.083858165686 119.835190859041 119.418515745403 119.626906315184 119.765505216647 119.692103962637 119.170250743512
