rcp4.5models/CNRM_CM5/sc1gr3.2
NCOLS 261 
NROWS 433 
XLLCORNER 336357.134 
YLLCORNER 654653.479 
CELLSIZE 1000 
NODATA_value -9999 
[rows 242 to 263 of 433, columns 150 to 199 of 261]
253.739659140612 259.601565123309 262.488710020303 263.146866427431 263.537133430329 264.176524944152 265.053512392051 265.248414042045 265.597746256506 265.326680784261 265.228241743939 265.381302436211 265.713742926354 265.874236137742 265.626619868341 265.614623142567 265.507502555783 265.454474341478 265.098173613587 264.834295332671 265.100625584748 264.864333572348 264.493563183042 264.064021049811 263.72501735078 263.404587644028 262.742146712534 263.013286067818 261.113514689147 256.050069783577 256.629838843613 256.813642871188 256.516391587816 255.771506605197 255.400935198616 -9999 -9999 256.453776111068 256.951881228462 256.535036127246 256.820072765807 256.378092311956 255.973727933283 255.698669909625 255.616864690011 255.185298571991 255.000276977476 255.433281968029 256.199611614435 256.650814337238
256.562930676773 260.850886957564 262.885016594925 263.71278458677 263.927562951277 264.130021129908 264.683972855035 265.104484603927 265.782351108036 266.043052247603 265.915928355898 265.708880111096 265.444799038379 265.505437016765 265.425946503569 265.194839873093 264.595140628775 264.459388672179 264.220499302397 264.482550892492 264.497162670737 264.482895568909 264.36710491613 264.095343610403 263.529395398622 262.919130835256 262.606444901693 261.135438159401 257.401803657145 255.30842624552 255.981028739538 255.821198573543 255.374382115486 255.398142884863 255.905421162288 255.90543943447 -9999 -9999 256.086208408147 256.151362701496 255.948556744229 255.416369788087 251.835972984116 252.260942710887 253.909488052833 254.770979016631 255.323903480406 255.590097730308 255.835292049663 256.266139760383
257.529779846054 261.009120054027 262.916390770178 263.707729802674 264.113645664942 264.535038626832 264.679118399511 265.066575025259 265.688358178058 266.05155463569 265.957685180568 -9999 265.570704029072 265.12102198825 264.93675411585 265.141584306355 264.804561175646 264.511193703755 264.390226123457 264.209298057897 264.039861781225 264.19513612729 264.265476351115 263.592068582759 262.554217240636 261.17995516883 261.491222709958 259.534705059156 254.710344033638 255.013585665323 255.908700071895 255.707279415588 255.245462239574 255.702869447968 -9999 -9999 -9999 -9999 256.130223478024 256.134829200026 255.802313288078 255.161828795656 254.398306226802 254.128905805949 254.411707445963 255.234889651723 255.849898743713 255.979392538278 256.249325292551 256.452611300427
257.506244516548 260.949630044535 262.624924447612 263.357968018749 264.291032475515 264.91618590327 265.0181243064 265.232353990497 265.98012024298 265.987828937989 265.94673221595 -9999 265.61672535733 264.997382797257 264.985071252624 265.411520176772 265.169350998647 265.049028023218 264.950070216337 264.199863510422 263.732624319066 263.723772190316 263.833627847455 263.222812536267 260.890758956428 257.20350045114 258.661732224476 258.369342461901 254.702536157214 254.912843992622 255.491354150439 255.336347912575 255.359560649917 255.927658236997 -9999 -9999 -9999 255.983288671735 255.646788231032 255.142706636386 255.259950085234 254.958171539793 254.796109321564 255.125444659642 254.992174690564 255.230705001048 256.272463826517 256.429473111941 256.705548973165 256.788120714342
254.915973384814 261.085703751807 262.658943044227 263.343422883055 264.302479761395 264.934625243212 264.938525293884 265.318486694993 266.074440175014 265.976815414277 265.964744034515 265.896675219628 265.747524377349 265.465758839659 265.411433830155 265.586988382924 265.500083816156 265.425955124933 265.096904957548 264.604438935408 264.117815756459 263.879299948749 263.699932752313 263.059336746871 260.805908407498 257.331970105573 257.340693875707 257.535173164784 254.740794477018 255.152972931072 255.495769482094 255.125131447851 255.351456505228 255.617878720786 -9999 -9999 -9999 -9999 255.610439860809 253.091009090864 250.747930772684 254.597706131288 255.010738787513 255.623810663995 255.622211035135 255.618907742201 256.433956607253 256.956027378969 257.23928202163 257.318718485419
257.293891737201 262.084373309003 263.248955985156 263.834595158139 264.588939142248 264.949125344233 -9999 265.194344349136 265.476810203915 265.641206056014 266.038665017072 265.967529784358 265.841449914319 265.597146151189 265.474411848062 265.514434314053 265.490777769924 265.484763108955 265.231989469322 265.012230867032 264.576906227675 264.194793333344 263.421278128238 262.610099073799 261.501986118845 260.514492646453 258.617024956121 256.143507960524 254.760993897998 255.08549522579 255.945192218867 255.68971770221 255.726316423571 255.643585029637 255.779087287886 -9999 -9999 -9999 -9999 253.901077737628 251.549591201365 255.361426188879 255.160805694036 255.42692730014 256.059844792611 256.54455058794 257.108797238958 257.680571186807 257.632507358554 258.012259289661
260.789132199678 263.072657606538 263.387374539417 264.148757701293 264.514359043892 264.61558428193 264.570356514325 265.102242129771 264.881670349831 265.339543260109 266.109461934903 266.041485798897 265.773787036838 265.250143392113 265.233874291049 265.368466490947 265.122822082814 265.277489321264 265.26245539635 265.183439950088 264.716134368112 264.385893721153 263.324904086343 262.52719417925 261.783069875749 261.593015178608 259.261608737348 254.059042101153 254.268243163952 254.924062689752 255.406518592274 255.676909302749 -9999 255.923689917316 -9999 -9999 -9999 255.820205348038 255.829225421886 255.544600813752 255.167949352872 255.83330821115 255.487193205225 255.257048348258 256.192241915266 256.94993951377 257.441345620699 257.900802901841 258.042815761139 258.176238905438
257.505811462804 262.910840817239 263.265003403457 263.889257373969 264.15869289448 264.461497829192 264.628182545182 264.891320664063 264.992648883252 265.564012195615 266.124459700586 266.025582491539 265.622134597164 265.114727422464 265.035537077866 265.275908966258 264.924169480495 264.782181591508 264.818895856404 264.939522833351 264.539495209855 264.177645985519 -9999 -9999 262.625738102337 261.881660015587 258.7500161292 253.057111476763 254.016477331919 254.616441776362 254.793414110425 255.122406052204 255.68023115817 -9999 -9999 -9999 255.823005185158 255.633336641633 255.318174340066 254.957107780103 255.016161679922 255.671383592343 256.027098013716 255.610087964556 256.101141555931 256.806933021406 257.273484394017 257.483218052557 257.698714061482 257.627719074306
252.372655246188 262.653722584555 263.025620707538 263.333199476853 263.651512683869 264.28778683741 264.603944725297 264.722998183372 265.608105280647 265.852985409845 -9999 -9999 265.09372736349 264.629142966562 264.76319952622 265.238172166113 264.920637109168 264.519638329825 264.288782778723 264.624495928422 264.284254559642 263.52137654985 263.883368688471 -9999 -9999 260.84756496719 256.053604823299 253.312809786436 253.827334154524 253.385984090724 255.220048258845 255.548182364228 255.738140073648 -9999 -9999 -9999 255.504545567817 254.757964144741 254.187961720337 253.655224222274 254.283100367347 255.864829213371 256.412805041581 256.338505601371 255.803188611881 255.834168430243 256.367909125506 256.852415044704 257.284745993503 257.47665502091
251.842131339485 262.680704642667 263.091293262251 263.367606581804 263.63061541062 263.956142186519 264.132861092308 264.740166474897 265.607440412668 265.921601343427 -9999 265.584568954096 264.892513467384 264.582397167127 264.806159627129 265.168561005337 264.961762845302 264.675551735607 264.215603798377 264.362666636503 264.025274368032 263.197773447529 263.358084073444 262.655413110492 261.676882610443 259.549529738948 253.940366613639 253.776029266541 253.731380838706 253.799145190863 255.568417615867 255.970263721706 256.009012223502 256.050450897533 -9999 -9999 255.378036705764 254.503795829817 254.172720073663 253.594330207983 253.999743376029 255.3264970927 256.366569928816 256.862982010381 256.208705342978 255.324009632662 255.18794981769 256.011327748642 256.908746072215 257.251258858576
252.30067537143 259.811758812182 262.791502996886 263.338909329075 264.162574962614 264.331801141793 264.104972628672 264.637005389912 265.60859230393 265.764924841095 -9999 265.558377110912 265.093391984493 265.025186098101 265.005693062081 265.045929169682 264.951107617184 264.800011938437 264.45934600556 263.782998519462 263.525581057246 262.812839917998 262.108939739717 259.473643143278 257.387720485968 258.719440445037 253.602531304967 253.595454082548 254.053857839742 254.872882239071 255.624391860277 255.614840916234 255.764110720122 256.013185396996 255.935247685567 255.919288966014 -9999 255.27588829096 254.741284687038 253.782111745699 253.427052566396 254.501619547022 255.506498884733 256.694506308195 256.778305475549 255.669267464623 254.379246692704 255.076606665324 256.470902606059 257.213686915514
249.818105480579 257.590078845233 261.601642601442 262.285346311751 264.249661751008 264.65664767205 263.852498739155 264.051032307407 265.472558439076 265.592102848271 -9999 265.329662108485 265.167283943752 265.096184317565 265.027785333416 264.982128735241 264.940420798961 264.841107459946 264.666936274577 263.669576203077 263.437207476535 262.407782390616 261.136148770238 257.667277345041 255.130492761399 258.618150609505 253.336526653908 253.120030540636 253.914466498706 254.596717493664 255.433979376297 255.125339527369 255.6554297211 255.909665076397 255.958117733012 255.882780019073 -9999 255.628114986591 254.843227990836 253.6146534653 253.00843773558 254.423269424021 255.110882648675 256.358012144269 257.088411529846 256.536461196819 254.936049113485 255.383274078687 256.688144920645 257.885225695179
252.96348125856 259.349884284943 262.455269022751 263.016252611874 264.273649847055 264.737887932956 264.311470956282 264.350417521531 265.096927031592 265.641851687261 -9999 264.882461811319 264.742631876335 264.729854944261 264.953689922668 264.853681770407 264.929704520233 264.686981256344 264.32445082034 263.694590816264 262.902946904822 261.935939901933 260.960202669127 259.644837994969 258.718023094292 258.842557710039 252.624860497434 251.885155568109 252.89128663589 254.311850512286 255.15791445221 254.900590476567 255.636147903509 255.822921372205 255.73074527355 255.835785974335 -9999 255.333450298108 254.369819910994 254.15655747367 254.189858248962 254.781005617285 255.609443879975 256.456332500319 256.772637466284 257.140648216586 256.657315457581 256.418646758708 257.172075690689 258.07518894707
251.876772317302 259.927733506106 263.661362322163 264.2033568876 264.406140105777 264.670675702399 264.709276912226 264.952611230174 265.691722194485 265.751633037069 265.239992012405 265.229080483621 265.081235187561 265.063466696609 264.851465157958 264.655801930034 264.908183836839 264.808959250695 264.520469831498 262.899345141927 262.866292618366 262.461546601261 261.981400621539 262.725775806168 262.036562191695 258.665486342598 253.229237083032 252.403524260896 252.997538483933 254.336978584282 255.209869412825 254.655043210654 254.769237649904 254.999160002076 255.096950117235 255.478682375703 255.697430332085 255.125777558288 254.964427539149 255.667210772648 255.726642417396 255.050459252907 256.262904036496 256.358541959338 256.696354427333 257.186802028017 257.712965121231 257.673029112993 257.001565125119 256.4297666463
249.0246181686 257.851100749296 263.442239786795 263.782640833671 263.708027755217 264.092021102893 264.460349210067 264.664434983224 265.810281386265 265.721826697649 -9999 265.159436799664 265.030306668287 264.991096275257 264.676242314526 264.148030245138 264.54453734055 264.798156656258 264.512526138625 263.217830213567 -9999 -9999 262.94361539355 -9999 261.285018268006 256.520926603482 253.041044015081 251.236263513107 252.352450032907 254.113820281755 254.889880553909 254.432785203679 254.310278419395 254.73001423535 255.129683314197 255.788766488155 255.742966336126 255.135468122129 254.973326697728 255.726083524848 256.225480868298 255.534302612263 256.216095920737 256.791879341385 257.401086294693 257.287474211747 257.545049620536 257.408828612246 256.119575370945 255.593911951321
250.757148027182 258.039238512429 262.693293983716 262.292518376836 262.728580367399 264.032129766842 264.624185628782 264.695802223577 265.596706448512 265.78967562495 -9999 265.09603517933 264.886884012682 264.900857888976 264.672209027683 264.132836538034 264.215597832358 264.698279036264 264.586560724513 263.581593236024 -9999 -9999 -9999 262.443982552958 -9999 253.701936308339 252.637515545632 251.795409524344 252.523918977201 254.220696579144 254.475735885709 254.426645761794 254.295985959264 254.680058371413 255.095366027747 255.654323326195 255.731947125337 254.922822223192 254.706858952733 255.480032541991 256.327384571439 256.42673793101 256.801201371415 257.260069528838 257.330358929408 257.13394093394 257.10894941863 257.097225950239 256.202809922841 255.299051679782
251.178089586359 256.344869764672 259.167513160039 256.872528072878 259.582340440095 264.310917491061 264.596234318267 264.580004998151 265.310076130453 265.719120487568 265.351152675932 264.852449275449 264.612590948512 264.831130689119 264.796661955808 264.367714123181 264.002625107126 264.344505258785 264.452607697964 263.598724859784 -9999 262.392130175731 262.053462472571 261.06296425795 259.358710087949 255.632459916539 252.031141166009 251.370514815519 253.60344044901 253.932826373753 254.111865927105 254.307127347429 254.680624688563 254.649604497502 255.020456353597 255.426148682285 255.189785474893 254.689993995634 254.627700054295 255.13833241795 256.147743245646 256.810802161114 257.248337134453 257.028189059689 256.682678802154 256.987782205448 256.894206177171 256.614535264967 256.576274265317 255.616914259034
248.750486058486 252.546306755978 256.125512738445 255.211394195305 257.55670787384 264.386721566183 264.863349733857 264.797080477587 265.368466259389 265.682939868325 265.509790726691 264.862500592933 264.539221531066 264.678253006949 264.896276163496 264.468520039725 263.92451507697 264.095667556839 264.281627922498 263.236282530755 262.660624378939 262.181456047738 261.202645928857 258.657447594337 253.799597573381 248.856464660808 249.194302625214 251.438391159588 253.398857471433 253.464272717148 253.963968097477 254.307675365919 254.906942609765 255.015467799591 255.173416896549 255.206719134662 254.589541044671 254.315407645233 255.022473975358 255.655104421603 256.434573829882 256.93866143876 256.883568751409 256.502728968887 256.608748256481 256.870747251935 256.306996943653 255.925253284137 256.153290946448 255.872581773683
248.997292287806 252.759023572746 256.266103272631 258.152961591964 258.350492424735 264.687439109558 265.218845162069 265.14981354843 265.340950634092 265.66887069976 265.545451952234 265.062160638348 264.630982458676 264.412049708844 264.821147644243 264.509467266452 263.991578333237 263.940238236792 264.094307787264 -9999 -9999 -9999 260.147508798585 253.741616492912 246.29161013452 244.62538172554 250.025405043759 252.643232575861 252.9569839267 253.200295443683 253.77636408025 254.279708780387 255.057768480449 255.357086832304 255.161366195194 255.24798003123 254.783674774032 253.844880043771 254.670358642566 256.128228289281 256.4809235176 256.830722442588 256.268940091612 256.136675133523 256.32196763933 256.027293772085 255.271801134173 255.409988164467 255.965182075565 256.449680415623
255.325446612284 257.999865145401 259.186811935432 259.75138637617 259.699685328529 264.7997794367 264.773363438601 264.502847748537 265.228653241263 265.544496481889 -9999 265.050750819797 264.452366041381 263.893038513569 264.354332809968 264.263776254838 263.983038631844 263.885154072273 263.981761781333 -9999 -9999 -9999 260.19537025192 254.367919991887 251.426336544309 251.408446108597 253.192331449688 252.719224367609 252.766593893279 253.31894349134 253.715560315936 254.402893769629 254.949694730014 255.102748819423 255.089260848231 255.32186484555 254.987429478533 254.454157826872 254.723489566661 255.671852554712 255.985176546223 256.516523020895 255.699930378251 255.396929415643 255.589656474871 255.484139674732 254.812721834492 254.950113612605 256.016819606721 256.345301397333
257.113058777781 257.081585797259 259.140654912068 261.177454791458 260.670555743932 261.797853533689 262.1792815305 264.078064277174 265.067774564757 265.161141597259 -9999 265.068054471141 264.452171518197 263.68095487069 263.968027545967 263.721662972776 263.416017124566 263.572687883366 263.965455463746 -9999 -9999 -9999 -9999 259.078046669939 256.347243579283 254.31150564793 253.688940898336 253.031810124834 252.974646445492 253.4908823941 254.046307135069 254.546540973438 254.615204940701 254.558811328404 254.816451532736 254.956355978094 254.813308332863 255.176728421928 254.704224280887 254.283720029006 255.384474244068 256.193289509016 254.866510215606 254.034393366052 254.723846685714 255.090958450859 254.598155379649 254.580499717007 255.778073018517 255.562819068434
251.100581390985 249.205774323123 254.442487159217 261.891753701585 260.908633329855 259.985904199459 262.163773785193 264.346764731428 265.24894551273 265.290967933777 265.598107411692 265.141153788226 264.632473223556 263.951652847773 263.904474129006 263.564022638682 263.139166229325 263.155878556771 263.872402959862 -9999 -9999 -9999 262.854999979123 261.537306388043 257.351528631919 254.031470046121 253.583835668884 252.983065759186 252.898197239425 253.218055912511 254.198022142958 254.017033203999 254.258697011147 254.602463848885 254.945475544101 254.945416586622 254.315621804734 254.655578514275 254.423723400172 253.992083709602 255.172429864382 256.162931378768 254.792165888745 254.048968038712 254.130028692572 254.347079009208 253.533051448997 253.651143883367 255.62138558859 255.140672624773
