rcp4.5models/CNRM_CM5/sc1gr4.30
NCOLS 261 
NROWS 433 
XLLCORNER 336357.134 
YLLCORNER 654653.479 
CELLSIZE 1000 
NODATA_value -3.4e+38 
[rows 396 to 417 of 433, columns 147 to 195 of 261]
274.042327880859 275.134857177734 275.848663330078 276.236999511719 275.914459228516 275.807434082031 276.413116455078 276.938507080078 277.282684326172 277.939147949219 278.231811523438 278.346710205078 278.444305419922 278.303253173828 278.337524414062 278.024658203125 277.538696289062 278.074462890625 278.452789306641 278.580444335938 278.915863037109 278.745239257812 278.489349365234 278.30419921875 278.042724609375 278.671203613281 279.398254394531 -3.4e+38 -3.4e+38 280.477111816406 280.714691162109 -3.4e+38 -3.4e+38 280.909820556641 280.739685058594 280.617248535156 280.627563476562 280.254638671875 280.33544921875 280.86962890625 281.279876708984 281.169158935547 281.225036621094 281.386444091797 281.685394287109 -3.4e+38 282.613098144531 282.710510253906 282.790557861328
273.423797607422 274.690063476562 275.511169433594 276.219421386719 276.412628173828 276.086273193359 276.426696777344 277.230834960938 277.63232421875 277.869110107422 277.9775390625 278.405944824219 278.402648925781 278.247772216797 277.876098632812 277.806793212891 277.517120361328 278.093536376953 278.817230224609 278.7724609375 278.913421630859 278.732604980469 278.908203125 278.673919677734 277.889923095703 277.93994140625 279.381164550781 279.876281738281 -3.4e+38 -3.4e+38 280.900573730469 -3.4e+38 -3.4e+38 281.276336669922 281.005401611328 280.856567382812 280.663757324219 280.430389404297 280.575103759766 281.029022216797 281.234008789062 281.310485839844 281.553375244141 281.65576171875 281.702087402344 -3.4e+38 -3.4e+38 283.085388183594 283.053497314453
274.216033935547 275.080169677734 275.623718261719 276.184387207031 276.678436279297 276.513000488281 276.338195800781 276.791748046875 277.393768310547 277.927337646484 278.211761474609 278.196075439453 278.112274169922 278.370727539062 278.33544921875 278.385589599609 277.992553710938 278.306060791016 279.028747558594 279.148834228516 279.269104003906 278.908477783203 278.991973876953 278.585723876953 277.745574951172 277.567321777344 278.800506591797 279.408050537109 280.037506103516 280.209777832031 280.628234863281 280.969665527344 280.835388183594 281.462493896484 281.295013427734 281.243133544922 281.053375244141 280.945556640625 280.989837646484 281.497161865234 281.164489746094 281.364959716797 281.757568359375 281.812561035156 -3.4e+38 282.134063720703 282.955871582031 -3.4e+38 283.020599365234
275.14794921875 275.625823974609 275.988342285156 276.476684570312 276.880035400391 276.955108642578 276.652801513672 276.596496582031 276.85595703125 277.528594970703 278.166656494141 278.247131347656 278.224029541016 278.763244628906 278.810852050781 278.827484130859 278.318786621094 278.417510986328 279.331817626953 279.47998046875 279.84521484375 279.595977783203 278.832672119141 278.301971435547 277.85009765625 277.892059326172 278.218231201172 278.996215820312 279.503540039062 279.837890625 280.399719238281 280.938262939453 281.141754150391 281.413482666016 281.283203125 281.742828369141 281.795593261719 281.599426269531 281.439971923828 282.077117919922 281.673706054688 281.548828125 281.58642578125 281.931213378906 -3.4e+38 281.839263916016 282.572052001953 282.843780517578 282.930633544922
275.332977294922 275.797973632812 276.222381591797 276.556549072266 277.053314208984 277.347137451172 277.232757568359 277.068145751953 276.668975830078 277.072052001953 277.878631591797 278.186248779297 278.084411621094 278.761047363281 -3.4e+38 -3.4e+38 278.76025390625 278.652801513672 279.492248535156 279.723327636719 280.087432861328 280.002685546875 278.848724365234 278.279113769531 278.108032226562 278.282348632812 278.179626464844 278.3974609375 278.852813720703 279.658721923828 280.222534179688 280.836334228516 281.221923828125 281.449737548828 281.458099365234 281.969116210938 281.989471435547 281.939392089844 281.934753417969 282.406494140625 282.154754638672 281.690216064453 281.696960449219 282.152954101562 282.33984375 281.838012695312 282.314514160156 282.698455810547 283.100921630859
275.657440185547 276.126800537109 276.459289550781 276.574676513672 276.849395751953 277.061767578125 277.3447265625 277.426574707031 276.850616455078 277.265899658203 278.19775390625 278.425689697266 278.340759277344 278.782531738281 -3.4e+38 -3.4e+38 -3.4e+38 278.916229248047 279.345764160156 280.005554199219 280.030731201172 279.755767822266 279.149291992188 278.790222167969 278.820709228516 278.893859863281 278.401062011719 278.086212158203 278.861511230469 279.761474609375 280.312408447266 280.769409179688 281.283020019531 281.618377685547 281.720397949219 281.778015136719 281.772369384766 281.952728271484 282.116149902344 282.261199951172 282.313079833984 281.930603027344 282.174072265625 282.564178466797 282.691284179688 282.088958740234 282.327301025391 282.757263183594 283.078308105469
275.735443115234 276.018249511719 276.387969970703 276.651947021484 276.734558105469 276.750152587891 277.273162841797 277.570770263672 277.145568847656 277.35107421875 278.344787597656 278.738891601562 278.786163330078 -3.4e+38 -3.4e+38 -3.4e+38 279.582458496094 279.232727050781 279.414764404297 279.791870117188 279.535247802734 279.329956054688 279.052490234375 279.191253662109 279.497863769531 279.318359375 278.744018554688 278.583923339844 279.168701171875 279.954925537109 280.344848632812 280.636627197266 281.126159667969 281.734497070312 281.668731689453 281.645263671875 281.768127441406 282.015625 282.273803710938 282.226989746094 282.517822265625 282.198944091797 282.272857666016 -3.4e+38 283.019897460938 282.479461669922 282.596435546875 282.705718994141 282.66455078125
275.703491210938 276.052673339844 276.377624511719 276.804473876953 277.024139404297 276.924285888672 277.48974609375 277.689300537109 277.471649169922 277.379516601562 278.074768066406 278.868804931641 278.836364746094 278.913452148438 279.0673828125 279.363555908203 279.775421142578 279.682556152344 279.701354980469 279.480804443359 279.067932128906 279.252960205078 279.008728027344 279.297149658203 279.687561035156 279.586883544922 279.240020751953 279.303009033203 279.363647460938 279.9921875 280.187805175781 280.390228271484 280.997680664062 281.932373046875 281.767456054688 281.826934814453 281.963958740234 282.046234130859 282.211730957031 282.228729248047 282.533172607422 282.317230224609 282.474060058594 -3.4e+38 -3.4e+38 -3.4e+38 282.952239990234 -3.4e+38 -3.4e+38
276.104461669922 276.401794433594 276.839019775391 277.119537353516 277.309875488281 277.260223388672 277.652099609375 277.952026367188 277.757263183594 277.667236328125 277.896911621094 278.492919921875 278.647064208984 278.988616943359 279.176696777344 279.391723632812 279.687408447266 279.894744873047 279.832550048828 279.5556640625 279.220977783203 279.657470703125 279.396911621094 279.429656982422 279.7158203125 279.677215576172 279.594696044922 279.477844238281 279.769744873047 279.957061767578 280.095092773438 280.389038085938 281.152557373047 281.677947998047 281.993621826172 282.234802246094 -3.4e+38 -3.4e+38 -3.4e+38 282.112487792969 -3.4e+38 282.126770019531 -3.4e+38 -3.4e+38 -3.4e+38 -3.4e+38 -3.4e+38 -3.4e+38 -3.4e+38
276.272277832031 276.529998779297 276.930694580078 277.239501953125 277.596618652344 277.729766845703 278.067077636719 278.337829589844 278.110137939453 277.990905761719 277.853118896484 278.134002685547 278.310943603516 278.989593505859 279.226470947266 279.382995605469 279.513854980469 279.957733154297 279.698608398438 279.552978515625 279.438140869141 280.06591796875 279.849731445312 279.643218994141 280.011596679688 279.888275146484 279.68115234375 279.573852539062 280.206634521484 279.945709228516 279.870239257812 280.248229980469 281.111267089844 281.552337646484 281.938842773438 282.463897705078 -3.4e+38 -3.4e+38 -3.4e+38 282.316558837891 282.147644042969 281.887298583984 -3.4e+38 -3.4e+38 -3.4e+38 -3.4e+38 -3.4e+38 -3.4e+38 -3.4e+38
276.377166748047 275.899261474609 276.14794921875 276.438873291016 276.688995361328 277.099212646484 277.552551269531 278.148010253906 278.805786132812 278.765930175781 278.620635986328 277.958160400391 278.106079101562 278.728210449219 278.998046875 279.437408447266 279.619995117188 279.548828125 279.952758789062 280.199951171875 280.269683837891 280.453826904297 280.246551513672 280.20654296875 280.354431152344 280.762054443359 280.951995849609 280.851409912109 280.492553710938 279.772888183594 280.531188964844 281.112670898438 281.306091308594 281.646789550781 281.664154052734 281.811981201172 -3.4e+38 -3.4e+38 -3.4e+38 -3.4e+38 -3.4e+38 -3.4e+38 -3.4e+38 -3.4e+38 -3.4e+38 -3.4e+38 -3.4e+38 -3.4e+38 -3.4e+38
276.737518310547 276.302825927734 276.55126953125 276.655975341797 276.505279541016 276.768218994141 277.288330078125 277.893585205078 278.483093261719 278.685882568359 278.694366455078 278.156951904297 278.336029052734 278.806091308594 279.259552001953 279.392211914062 279.583038330078 279.624969482422 279.956451416016 280.032806396484 280.182250976562 280.456970214844 280.323883056641 280.161071777344 280.016265869141 280.593811035156 281.281158447266 281.164733886719 280.517425537109 280.330108642578 281.162048339844 281.469635009766 281.65087890625 281.537841796875 -3.4e+38 281.725738525391 -3.4e+38 -3.4e+38 -3.4e+38 -3.4e+38 -3.4e+38 -3.4e+38 -3.4e+38 -3.4e+38 -3.4e+38 -3.4e+38 -3.4e+38 -3.4e+38 -3.4e+38
276.687316894531 276.56298828125 276.934692382812 277.235443115234 276.767791748047 276.416473388672 276.778076171875 277.389404296875 278.178833007812 278.758728027344 278.807312011719 278.427276611328 278.669189453125 278.807678222656 279.382019042969 279.616027832031 279.634674072266 279.68115234375 279.757293701172 279.827453613281 279.985992431641 280.17041015625 280.328338623047 280.088104248047 279.99365234375 280.205413818359 281.043395996094 281.178161621094 280.798614501953 281.021026611328 281.402069091797 281.533935546875 281.828186035156 281.427124023438 281.365509033203 -3.4e+38 -3.4e+38 -3.4e+38 -3.4e+38 -3.4e+38 -3.4e+38 -3.4e+38 -3.4e+38 -3.4e+38 -3.4e+38 -3.4e+38 -3.4e+38 -3.4e+38 -3.4e+38
276.452514648438 276.726165771484 277.285308837891 277.5 276.868774414062 276.773315429688 277.187774658203 277.446929931641 278.183013916016 278.867736816406 278.801483154297 278.811981201172 278.826751708984 278.739105224609 278.960754394531 279.341400146484 279.332611083984 279.537475585938 279.802642822266 279.820861816406 279.927093505859 280.041442871094 280.270782470703 280.093414306641 280.256866455078 280.02734375 280.775665283203 281.357025146484 281.6484375 281.62158203125 281.2568359375 281.493927001953 -3.4e+38 -3.4e+38 -3.4e+38 -3.4e+38 -3.4e+38 -3.4e+38 -3.4e+38 -3.4e+38 -3.4e+38 -3.4e+38 -3.4e+38 -3.4e+38 -3.4e+38 -3.4e+38 -3.4e+38 -3.4e+38 -3.4e+38
276.658081054688 277.208190917969 277.624572753906 277.413421630859 276.894927978516 277.154907226562 277.721557617188 277.865509033203 278.379150390625 278.842712402344 279.070526123047 279.053802490234 278.968078613281 278.788238525391 278.648559570312 279.239807128906 279.553527832031 279.769134521484 280.0224609375 279.953735351562 280.079711914062 280.265380859375 280.178131103516 280.144683837891 280.330078125 280.180297851562 280.637176513672 281.181976318359 281.573852539062 281.379211425781 -3.4e+38 -3.4e+38 -3.4e+38 -3.4e+38 -3.4e+38 -3.4e+38 -3.4e+38 -3.4e+38 -3.4e+38 -3.4e+38 -3.4e+38 -3.4e+38 -3.4e+38 -3.4e+38 -3.4e+38 -3.4e+38 -3.4e+38 -3.4e+38 -3.4e+38
277.188018798828 277.381317138672 277.659301757812 277.742126464844 277.208801269531 277.148559570312 277.864379882812 278.213500976562 278.514831542969 278.730743408203 279.061004638672 279.159912109375 278.855743408203 278.866027832031 278.798919677734 279.407836914062 280.066223144531 280.138854980469 280.129455566406 280.168701171875 280.382446289062 280.433746337891 280.330017089844 280.255645751953 280.372131347656 280.406005859375 280.869049072266 -3.4e+38 -3.4e+38 -3.4e+38 -3.4e+38 -3.4e+38 -3.4e+38 -3.4e+38 -3.4e+38 -3.4e+38 -3.4e+38 -3.4e+38 -3.4e+38 -3.4e+38 -3.4e+38 -3.4e+38 -3.4e+38 -3.4e+38 -3.4e+38 -3.4e+38 -3.4e+38 -3.4e+38 -3.4e+38
277.609375 277.630767822266 277.8466796875 278.062866210938 277.209442138672 277.117889404297 277.908111572266 278.408142089844 278.5859375 278.655242919922 278.803466796875 278.942169189453 278.81884765625 279.060211181641 279.293853759766 279.401641845703 280.058319091797 280.134124755859 -3.4e+38 280.278533935547 280.470703125 280.351135253906 -3.4e+38 -3.4e+38 -3.4e+38 -3.4e+38 -3.4e+38 -3.4e+38 -3.4e+38 -3.4e+38 -3.4e+38 -3.4e+38 -3.4e+38 -3.4e+38 -3.4e+38 -3.4e+38 -3.4e+38 -3.4e+38 -3.4e+38 -3.4e+38 -3.4e+38 -3.4e+38 -3.4e+38 -3.4e+38 -3.4e+38 -3.4e+38 -3.4e+38 -3.4e+38 -3.4e+38
277.346252441406 277.569305419922 277.835968017578 278.014556884766 277.272705078125 276.849090576172 277.329345703125 278.039184570312 278.621826171875 278.736846923828 278.796081542969 -3.4e+38 278.903137207031 -3.4e+38 279.247985839844 279.317687988281 -3.4e+38 -3.4e+38 -3.4e+38 -3.4e+38 -3.4e+38 -3.4e+38 -3.4e+38 -3.4e+38 -3.4e+38 -3.4e+38 -3.4e+38 -3.4e+38 -3.4e+38 -3.4e+38 -3.4e+38 -3.4e+38 -3.4e+38 -3.4e+38 -3.4e+38 -3.4e+38 -3.4e+38 -3.4e+38 -3.4e+38 -3.4e+38 -3.4e+38 -3.4e+38 -3.4e+38 -3.4e+38 -3.4e+38 -3.4e+38 -3.4e+38 -3.4e+38 -3.4e+38
276.740295410156 277.312774658203 277.898162841797 277.993103027344 277.570129394531 277.273803710938 277.293151855469 277.826995849609 278.453247070312 278.761627197266 -3.4e+38 278.679504394531 -3.4e+38 -3.4e+38 279.173370361328 -3.4e+38 -3.4e+38 -3.4e+38 -3.4e+38 -3.4e+38 -3.4e+38 -3.4e+38 -3.4e+38 -3.4e+38 -3.4e+38 -3.4e+38 -3.4e+38 -3.4e+38 -3.4e+38 -3.4e+38 -3.4e+38 -3.4e+38 -3.4e+38 -3.4e+38 -3.4e+38 -3.4e+38 -3.4e+38 -3.4e+38 -3.4e+38 -3.4e+38 -3.4e+38 -3.4e+38 -3.4e+38 -3.4e+38 -3.4e+38 -3.4e+38 -3.4e+38 -3.4e+38 -3.4e+38
276.622863769531 277.374176025391 278.003723144531 278.047149658203 277.857421875 277.881439208984 277.983123779297 -3.4e+38 278.604797363281 -3.4e+38 -3.4e+38 -3.4e+38 -3.4e+38 -3.4e+38 -3.4e+38 -3.4e+38 -3.4e+38 -3.4e+38 -3.4e+38 -3.4e+38 -3.4e+38 -3.4e+38 -3.4e+38 -3.4e+38 -3.4e+38 -3.4e+38 -3.4e+38 -3.4e+38 -3.4e+38 -3.4e+38 -3.4e+38 -3.4e+38 -3.4e+38 -3.4e+38 -3.4e+38 -3.4e+38 -3.4e+38 -3.4e+38 -3.4e+38 -3.4e+38 -3.4e+38 -3.4e+38 -3.4e+38 -3.4e+38 -3.4e+38 -3.4e+38 -3.4e+38 -3.4e+38 -3.4e+38
276.959411621094 277.359954833984 277.897155761719 278.172637939453 278.095306396484 277.926330566406 278.083312988281 278.537963867188 -3.4e+38 -3.4e+38 -3.4e+38 -3.4e+38 -3.4e+38 -3.4e+38 -3.4e+38 -3.4e+38 -3.4e+38 -3.4e+38 -3.4e+38 -3.4e+38 -3.4e+38 -3.4e+38 -3.4e+38 -3.4e+38 -3.4e+38 -3.4e+38 -3.4e+38 -3.4e+38 -3.4e+38 -3.4e+38 -3.4e+38 -3.4e+38 -3.4e+38 -3.4e+38 -3.4e+38 -3.4e+38 -3.4e+38 -3.4e+38 -3.4e+38 -3.4e+38 -3.4e+38 -3.4e+38 -3.4e+38 -3.4e+38 -3.4e+38 -3.4e+38 -3.4e+38 -3.4e+38 -3.4e+38
277.2626953125 277.292877197266 277.759826660156 278.118743896484 -3.4e+38 -3.4e+38 -3.4e+38 -3.4e+38 -3.4e+38 -3.4e+38 -3.4e+38 -3.4e+38 -3.4e+38 -3.4e+38 -3.4e+38 -3.4e+38 -3.4e+38 -3.4e+38 -3.4e+38 -3.4e+38 -3.4e+38 -3.4e+38 -3.4e+38 -3.4e+38 -3.4e+38 -3.4e+38 -3.4e+38 -3.4e+38 -3.4e+38 -3.4e+38 -3.4e+38 -3.4e+38 -3.4e+38 -3.4e+38 -3.4e+38 -3.4e+38 -3.4e+38 -3.4e+38 -3.4e+38 -3.4e+38 -3.4e+38 -3.4e+38 -3.4e+38 -3.4e+38 -3.4e+38 -3.4e+38 -3.4e+38 -3.4e+38 -3.4e+38
