rcp4.5models/CNRM_CM5/sc1gr21.10
NCOLS 261 
NROWS 433 
XLLCORNER 336357.134 
YLLCORNER 654653.479 
CELLSIZE 1000 
NODATA_value -9999 
[rows 92 to 114 of 433, columns 50 to 99 of 261]
-9999 -9999 -9999 -9999 -9999 -9999 -9999 36.3216934204102 44.8476409912109 34.725887298584 27.3965263366699 24.3077449798584 23.2505111694336 22.7805156707764 20.5795345306396 17.8854141235352 19.2819747924805 33.1038246154785 35.165111541748 16.4039535522461 7.44949436187744 6.99546241760254 6.62940883636475 5.42146730422974 4.10995388031006 3.86273336410522 3.86302804946899 3.86332035064697 3.86360955238342 3.86387777328491 3.85674786567688 3.79389977455139 3.53316760063171 3.26559686660767 3.20829558372498 3.20555663108826 3.20544672012329 3.20539259910583 3.2053394317627 3.20528697967529 3.20523476600647 3.20516586303711 3.20397973060608 3.18269371986389 3.06718063354492 2.8747889995575 2.86972594261169 5.42467069625854 7.10583305358887 7.84984350204468
-9999 -9999 -9999 -9999 14.5457324981689 14.3060655593872 15.3270511627197 -9999 22.8988704681396 17.9667358398438 18.8573474884033 21.8440322875977 22.5168018341064 16.721076965332 20.3309764862061 22.9595985412598 -9999 -9999 43.1394958496094 22.3196392059326 7.52352952957153 6.97128868103027 6.62330436706543 -9999 4.40558052062988 3.80963969230652 3.80969405174255 3.80974793434143 3.80979800224304 3.80817675590515 3.76825261116028 3.63002133369446 3.35818338394165 3.22263479232788 3.21603226661682 3.21601986885071 3.21600532531738 3.21599841117859 3.21599149703979 3.215984582901 3.21597790718079 3.21597146987915 3.21595025062561 3.21380710601807 3.18157625198364 3.26150989532471 4.06302213668823 7.20256662368774 7.84908008575439 7.95576477050781
-9999 -9999 -9999 35.2251968383789 -9999 14.9113569259644 20.6466770172119 29.3228855133057 21.35524559021 9.98408508300781 10.5685138702393 12.4136571884155 11.893985748291 5.8633017539978 8.79492473602295 15.518835067749 29.7854423522949 44.7303199768066 43.3152618408203 22.3096904754639 7.51995134353638 7.03851938247681 6.698646068573 -9999 -9999 3.80375695228577 3.80333995819092 3.80333924293518 3.80287790298462 3.77376794815063 3.60721015930176 3.39239263534546 3.24949789047241 3.21711754798889 3.21702885627747 3.21702885627747 3.21702909469604 3.21702885627747 3.21702885627747 3.21702885627747 3.21707916259766 3.21892118453979 3.24157333374023 3.50759673118591 4.4668083190918 5.64605188369751 6.40405464172363 7.87409162521362 7.95663452148438 7.9583888053894
-9999 -9999 -9999 45.3655700683594 23.3245220184326 26.1658401489258 38.2240829467773 37.9510612487793 18.8452568054199 7.63201761245728 7.27119159698486 6.97466039657593 4.69132947921753 1.29921388626099 2.0591607093811 5.01454162597656 12.8404560089111 27.7198467254639 39.8149070739746 29.7694892883301 11.8691892623901 7.17421722412109 6.66406393051147 5.46388483047485 4.22295570373535 -9999 3.80333995819092 3.80328941345215 3.78910398483276 3.67911863327026 3.40968489646912 3.23975849151611 3.21993708610535 3.21702909469604 3.21702909469604 3.21702909469604 3.21702885627747 3.21702885627747 3.217036485672 3.21742391586304 3.2289879322052 3.45083427429199 4.78778266906738 8.16838836669922 11.6693134307861 11.8166399002075 9.26703548431396 8.05000877380371 8.06210899353027 8.07848739624023
49.6757698059082 57.8120155334473 59.1383857727051 43.4982070922852 40.1773147583008 48.5872039794922 56.1161346435547 46.8958892822266 21.6437644958496 7.46315479278564 6.81746482849121 5.97364282608032 3.06949043273926 0.63181734085083 0.706165432929993 1.1144243478775 2.91284561157227 11.3093423843384 29.4223308563232 29.451940536499 12.0516567230225 7.26394891738892 6.74143028259277 5.20627069473267 3.88588738441467 3.80333971977234 3.80332684516907 3.79919004440308 3.74038290977478 3.50819635391235 3.23143196105957 3.19793200492859 3.21703886985779 3.21702885627747 3.21708369255066 3.21951961517334 3.2295196056366 3.23554039001465 3.24392223358154 3.3052978515625 3.99548292160034 6.80578804016113 11.4644832611084 15.3489570617676 17.3674488067627 16.9687690734863 14.5362892150879 13.4437217712402 13.807746887207 14.0698871612549
48.0603179931641 56.1542510986328 60.7116775512695 65.5319900512695 63.7939453125 61.8726654052734 63.0852012634277 55.8689651489258 28.8613471984863 8.18053245544434 6.83868932723999 6.05111837387085 3.05734491348267 0.601235151290894 0.603019595146179 0.616311609745026 0.833327889442444 3.1104052066803 10.6544990539551 13.1259698867798 8.34007263183594 7.26715135574341 6.82567310333252 5.22211074829102 3.8384370803833 3.80333971977234 3.80322527885437 3.78165316581726 3.63846850395203 3.36577725410461 3.23579239845276 3.39387583732605 3.55443000793457 3.8036367893219 4.62012958526611 5.76702737808228 6.71506977081299 7.04581022262573 7.45957088470459 7.93854665756226 8.81236553192139 11.4176902770996 15.6352167129517 18.4033374786377 18.9425296783447 18.9860134124756 18.3768405914307 18.1510486602783 18.3791522979736 18.1052875518799
49.701587677002 61.9899826049805 77.3711547851562 91.3921661376953 93.6951370239258 91.5289001464844 97.0638656616211 93.7644653320312 54.1468086242676 15.1463403701782 7.08997344970703 6.26182651519775 3.25009846687317 0.60099321603775 0.600810945034027 0.600905001163483 0.615471065044403 0.864859640598297 2.01504278182983 3.24026846885681 5.19273996353149 8.6738109588623 9.7244701385498 8.31858921051025 8.05230236053467 9.04563903808594 6.88319063186646 4.5253472328186 4.43957328796387 4.37430047988892 4.36945056915283 4.51375007629395 4.63031005859375 5.0401668548584 6.83562040328979 9.27254104614258 10.4401035308838 10.6450862884521 10.9057350158691 11.1957998275757 11.5472230911255 12.3854360580444 13.9865684509277 15.7472105026245 17.3067169189453 18.8641796112061 19.4634284973145 19.4578342437744 19.459716796875 18.7118053436279
38.9682655334473 55.1053314208984 98.6135406494141 102.974044799805 92.8771667480469 106.558815002441 124.218734741211 117.583290100098 64.0835723876953 13.977578163147 7.03875398635864 6.34868955612183 3.34579229354858 0.601396560668945 0.600810885429382 0.600810945034027 0.601094543933868 0.605991363525391 0.954720079898834 3.2276132106781 9.16313743591309 14.4608306884766 15.2105579376221 14.6895895004272 14.7672939300537 14.9532051086426 11.5313873291016 6.68580865859985 4.99812602996826 5.01126432418823 5.02434825897217 5.12495851516724 5.18230056762695 5.61741495132446 7.74848937988281 10.6519641876221 11.7315254211426 11.7619304656982 11.801251411438 11.8448705673218 11.8891906738281 11.9839792251587 12.2560558319092 12.9186305999756 14.3821077346802 17.1333541870117 19.3166427612305 19.5731468200684 19.5313777923584 18.7215118408203
19.9683265686035 30.5773162841797 105.885475158691 124.305923461914 104.657066345215 107.371124267578 128.083221435547 115.361587524414 56.6758232116699 9.76053237915039 6.16707324981689 4.6297755241394 2.22846627235413 0.601047337055206 0.600810945034027 0.600811004638672 0.600811004638672 0.634232878684998 1.31081759929657 4.79706716537476 12.2593221664429 17.4112071990967 17.5710716247559 17.5080680847168 17.5283184051514 17.3913536071777 15.3022680282593 9.76247119903564 5.38103675842285 5.11389064788818 5.11794519424438 5.21033000946045 5.25808668136597 5.69095993041992 7.83633327484131 10.7908887863159 11.8753900527954 11.8753900527954 11.8753890991211 11.8753900527954 11.8754138946533 11.8765869140625 11.8940534591675 12.0136089324951 12.7844886779785 15.4756345748901 18.6097831726074 19.5731468200684 19.5338230133057 18.7784328460693
14.8419313430786 20.1372909545898 81.7050247192383 102.775871276855 113.645874023438 111.993064880371 118.437812805176 111.404335021973 53.1869812011719 7.55523061752319 3.83142375946045 1.88140988349915 1.03513717651367 0.600838601589203 0.600811004638672 0.600811064243317 0.600811064243317 0.678553581237793 1.47492492198944 4.43374824523926 11.3857898712158 17.18434715271 17.874418258667 17.8738746643066 -9999 17.8276081085205 16.8608226776123 12.6312294006348 7.58632850646973 5.81863069534302 5.25799465179443 5.21068668365479 5.25890779495239 5.69133996963501 7.82007074356079 10.7726030349731 11.878888130188 11.8785457611084 11.8781480789185 11.87864112854 11.8800506591797 11.8815155029297 11.8838262557983 11.9219264984131 12.4741830825806 14.8882503509521 18.1755084991455 19.573148727417 19.5476055145264 19.0341491699219
90.6649475097656 57.7163581848145 41.7496223449707 75.4130325317383 112.04808807373 131.34260559082 170.382461547852 189.92529296875 129.032180786133 56.5055618286133 22.5629615783691 7.36334228515625 0.722497463226318 0.600810945034027 0.600810945034027 0.600810885429382 0.600810945034027 0.813143849372864 2.15207409858704 3.89404964447021 6.57105302810669 12.8970031738281 17.6508464813232 17.8792533874512 17.8792533874512 17.6698207855225 16.2250556945801 12.9991102218628 10.6555109024048 10.3764905929565 10.1085996627808 9.95668029785156 9.30526638031006 8.22521781921387 9.37885761260986 13.0087766647339 14.7228336334229 14.4923076629639 13.9281148910522 13.4364671707153 13.4656782150269 13.5158252716064 13.5702829360962 13.7029571533203 14.2853450775146 16.3150024414062 18.9868583679199 20.9777755737305 20.7216892242432 19.5422744750977
99.2626724243164 91.3941497802734 36.0731582641602 47.9588012695312 81.951171875 113.118148803711 163.752212524414 190.486022949219 139.605743408203 67.8613586425781 36.4002227783203 22.0314750671387 6.57241487503052 0.600810945034027 0.600810945034027 0.600810945034027 0.600810945034027 0.813298225402832 2.14522838592529 3.66127300262451 4.97169828414917 9.88227081298828 15.9381999969482 17.8792533874512 17.8792514801025 17.5056762695312 15.4321937561035 12.2095737457275 10.7109079360962 10.6896629333496 10.6637287139893 10.8021612167358 10.5216302871704 9.57244205474854 10.4595127105713 14.0428619384766 15.880521774292 15.5900382995605 14.7735862731934 14.0635414123535 14.0604476928711 14.091381072998 14.1184663772583 14.4107055664062 16.5393886566162 23.4418849945068 35.1338233947754 57.2379493713379 43.4279899597168 20.5855312347412
91.8946304321289 107.224494934082 65.6641464233398 50.5392036437988 65.8732604980469 88.6923522949219 137.444595336914 155.820007324219 109.554748535156 63.0920829772949 48.4894256591797 41.8920478820801 22.775411605835 0.633624732494354 0.600811004638672 0.600811004638672 0.600811004638672 0.759877741336823 1.83756589889526 3.3264365196228 4.16642904281616 6.49963092803955 12.2304859161377 17.0201587677002 17.8792533874512 17.4197731018066 15.0421800613403 11.83411693573 10.7062606811523 10.706169128418 10.7123050689697 10.8968677520752 10.7391023635864 9.80318355560303 9.75400257110596 12.9118366241455 16.0474109649658 15.7755746841431 14.9622478485107 14.2170791625977 14.2853670120239 14.6895141601562 14.9934434890747 15.3902168273926 18.8004951477051 27.9937553405762 45.0921020507812 94.548225402832 61.811939239502 19.9172973632812
89.3210525512695 110.80069732666 118.987670898438 74.7652359008789 64.8869781494141 75.1997909545898 121.891372680664 -9999 -9999 61.2308158874512 57.5835304260254 54.0245971679688 33.2748489379883 0.643890142440796 0.600810945034027 0.600810945034027 0.60087651014328 0.708503425121307 1.53954064846039 3.04214525222778 3.89687323570251 4.57086181640625 7.86611270904541 13.9275875091553 17.7134323120117 17.3848133087158 -9999 11.7049036026001 -9999 10.7062311172485 10.7128324508667 10.9015769958496 10.8960571289062 10.5971832275391 10.9806089401245 13.502158164978 16.066162109375 -9999 15.3687286376953 14.7411241531372 14.8971834182739 15.6381387710571 18.0509452819824 27.2951259613037 39.321891784668 39.9170989990234 42.4027709960938 102.554260253906 77.4829025268555 28.3498611450195
89.9070129394531 99.5020599365234 126.528831481934 87.4541702270508 66.5161666870117 73.0203857421875 -9999 -9999 -9999 60.2442626953125 57.5728759765625 50.6940689086914 30.1769237518311 0.621683180332184 0.598378777503967 0.598386287689209 0.598672688007355 0.69479775428772 1.43725728988647 2.97912454605103 3.93885850906372 4.05946636199951 5.31271743774414 9.6293478012085 14.1945858001709 15.8558473587036 15.5569925308228 12.9852828979492 10.9936571121216 10.9330387115479 10.9373483657837 11.0770626068115 11.2993392944336 12.1011095046997 13.7552003860474 15.4485378265381 16.2873458862305 16.234525680542 16.0132236480713 15.7600345611572 15.8841381072998 16.4006519317627 20.7431621551514 -9999 57.5854721069336 51.7926902770996 44.842658996582 99.8163146972656 95.9004974365234 46.5541305541992
95.7383346557617 92.9589614868164 93.0476303100586 75.2361068725586 66.9552383422852 -9999 -9999 -9999 -9999 45.7652778625488 32.6464080810547 17.967414855957 10.4925022125244 0.599661767482758 0.597326219081879 0.597327291965485 0.597787618637085 0.687569320201874 1.38301384449005 2.94186043739319 3.97398972511292 3.98635172843933 4.27005290985107 5.61039686203003 7.33860206604004 9.92198085784912 12.6587324142456 12.8242607116699 11.2860517501831 11.7570362091064 16.1418571472168 25.745433807373 30.376106262207 22.5865783691406 15.7376194000244 16.305700302124 16.4018249511719 16.390079498291 16.343822479248 16.3050308227539 16.3453330993652 16.6554660797119 21.6242332458496 39.6107597351074 55.2303085327148 49.9094848632812 50.2488288879395 98.1023635864258 111.723625183105 75.2705383300781
95.1471939086914 101.190399169922 120.438911437988 97.482292175293 68.2630386352539 -9999 -9999 -9999 -9999 37.0658493041992 20.1592864990234 3.72821259498596 1.86861062049866 0.676013648509979 0.753021717071533 0.859689056873322 0.734278321266174 0.697071492671967 1.4231573343277 2.97814607620239 3.9774866104126 3.97804927825928 4.00528764724731 4.15115976333618 4.36078500747681 6.67390251159668 10.0508852005005 11.6313428878784 11.238320350647 13.4866371154785 25.6235122680664 45.6251411437988 52.3972244262695 34.7672309875488 16.394718170166 16.4133548736572 16.4142589569092 16.4131393432617 16.4093589782715 16.4080200195312 16.4173622131348 16.7829608917236 22.0572643280029 38.6040573120117 49.4514274597168 46.2662658691406 56.680419921875 111.960311889648 140.651977539062 142.078704833984
73.1269607543945 104.700553894043 166.429641723633 172.028793334961 97.3382949829102 41.0497169494629 -9999 44.9244575500488 -9999 108.335350036621 217.549194335938 167.336639404297 29.1500873565674 2.7017126083374 2.80537343025208 2.88030505180359 2.760910987854 2.65028476715088 2.95546078681946 3.60651755332947 3.97748494148254 3.9774911403656 3.97783160209656 3.97947287559509 3.98788928985596 5.96015453338623 9.18429279327393 11.1171169281006 11.2230138778687 15.6915740966797 35.3602485656738 58.5048980712891 60.7314949035645 41.207878112793 17.7720718383789 16.4143104553223 16.4143123626709 16.4143123626709 16.4143085479736 16.4142036437988 16.4346027374268 16.9901428222656 21.2722873687744 32.2202072143555 41.0329895019531 49.4096908569336 75.2170104980469 149.757614135742 203.114120483398 230.658340454102
69.7176971435547 88.5797271728516 121.03345489502 132.184143066406 102.21004486084 58.1738967895508 42.1321296691895 83.8299865722656 243.200546264648 314.805938720703 258.598419189453 117.975494384766 28.2196464538574 3.80402541160583 3.84375476837158 3.86375880241394 3.82908940315247 3.77700185775757 3.82306885719299 3.93125438690186 3.97748494148254 3.97748494148254 3.97748494148254 3.97748494148254 3.98064160346985 5.21673011779785 8.22073364257812 10.8285608291626 12.1653175354004 21.0628356933594 46.0704879760742 67.7532119750977 64.9741058349609 44.7363433837891 20.3826313018799 16.4143085479736 16.4137363433838 16.4114418029785 16.4071979522705 16.3960342407227 16.3441562652588 16.5144748687744 18.4513473510742 22.9733905792236 28.9037284851074 47.7848472595215 91.0517196655273 194.617294311523 256.148040771484 275.042236328125
111.724563598633 117.354095458984 174.504943847656 158.748657226562 115.162925720215 67.8529815673828 48.4814987182617 91.2659606933594 172.779281616211 202.863296508789 129.771026611328 52.3203010559082 23.434419631958 3.9887375831604 3.9936637878418 3.99575424194336 3.99214959144592 3.97347545623779 3.96992325782776 3.97639393806458 3.97748494148254 3.97748494148254 3.97748494148254 3.97748494148254 3.97816705703735 4.56540870666504 6.84107446670532 10.0204172134399 13.8115720748901 27.3719654083252 53.729679107666 71.2659149169922 67.3249893188477 48.2418441772461 23.806173324585 16.4107627868652 16.3483734130859 16.1388092041016 15.8330917358398 15.6358642578125 15.5314970016479 15.5676107406616 16.1274013519287 17.233304977417 21.2546501159668 47.5571136474609 119.712661743164 250.15608215332 278.335876464844 283.282592773438
113.443649291992 140.592376708984 372.479248046875 254.678237915039 123.026489257812 69.2005004882812 46.4200439453125 82.9734344482422 124.121925354004 125.904403686523 99.8209838867188 63.2911071777344 30.2869834899902 3.99886679649353 3.99897837638855 3.99901914596558 3.99870324134827 3.98427176475525 3.97738718986511 3.97747850418091 3.97748470306396 3.97748494148254 3.97748494148254 3.97748494148254 3.97753977775574 4.17161273956299 5.55872869491577 9.59012222290039 15.2810411453247 23.009557723999 34.3841819763184 42.8163681030273 43.7010726928711 36.0120239257812 22.0498027801514 15.9362878799438 15.7150068283081 15.3580780029297 15.1130428314209 15.0845718383789 16.7742004394531 23.938928604126 32.6111869812012 30.3444004058838 22.9146099090576 43.211181640625 128.817749023438 276.646148681641 281.050872802734 281.812561035156
95.5788345336914 136.78434753418 419.658538818359 229.433517456055 120.337715148926 92.4570465087891 83.6320953369141 104.921058654785 116.976409912109 111.424392700195 101.658233642578 85.6996154785156 54.4694671630859 12.7667617797852 5.39159822463989 3.99903082847595 3.9987461566925 3.98440885543823 3.97748494148254 3.97748494148254 3.97748470306396 3.97748494148254 3.97748494148254 3.97748494148254 3.9774854183197 4.07846307754517 5.46256256103516 10.745698928833 16.8424644470215 19.1041126251221 20.8891620635986 22.9214553833008 24.1600952148438 22.7635498046875 18.1287097930908 15.2097692489624 15.0556535720825 14.8959379196167 14.8333187103271 14.9874086380005 18.2731800079346 33.3944129943848 57.9472236633301 66.9574890136719 54.1701431274414 46.8493003845215 84.0644226074219 195.863220214844 192.655502319336 207.975372314453
56.9679565429688 63.5359649658203 97.3717346191406 78.31787109375 66.7695007324219 67.2097625732422 79.5158233642578 116.153137207031 136.800598144531 116.231605529785 98.6498565673828 88.833869934082 74.3592300415039 31.8896923065186 15.8919038772583 22.0124855041504 33.1483116149902 32.9633445739746 19.2790145874023 8.75788116455078 4.00616073608398 3.97748494148254 3.97748517990112 3.97748517990112 3.97785496711731 4.75928544998169 8.12497425079346 12.8169231414795 14.9369535446167 -9999 17.6831874847412 18.5762157440186 18.6450328826904 18.4896030426025 17.6661357879639 16.0007266998291 14.7998332977295 14.7998332977295 14.7998332977295 14.9824237823486 18.4758243560791 35.9349899291992 69.0611572265625 87.5199813842773 72.1624603271484 47.4129180908203 40.865608215332 85.3302154541016 88.1698379516602 127.522453308105
