rcp4.5models/CNRM_CM5/sc1gr10.19
NCOLS 261 
NROWS 433 
XLLCORNER 336357.134 
YLLCORNER 654653.479 
CELLSIZE 1000 
NODATA_value -3.4e+38 
[rows 110 to 131 of 433, columns 49 to 97 of 261]
524.012145996094 526.708862304688 529.258544921875 531.340698242188 323.350891113281 477.238311767578 538.928894042969 483.895690917969 328.924346923828 330.641937255859 332.238891601562 333.889221191406 334.816314697266 336.876831054688 338.631042480469 339.930725097656 341.63330078125 343.414215087891 345.957916259766 347.634338378906 349.335906982422 350.01953125 351.715270996094 353.382171630859 354.337463378906 356.055938720703 357.776824951172 358.338562011719 359.320861816406 362.578704833984 364.619415283203 365.293395996094 367.436645507812 369.243896484375 370.683044433594 372.960479736328 374.64306640625 375.283416748047 376.486358642578 377.607635498047 379.787231445312 382.316253662109 384.122650146484 385.82958984375 386.789001464844 388.459503173828 389.195526123047 391.007385253906 392.850677490234
521.800598144531 525.182861328125 527.832397460938 530.319946289062 476.360595703125 535.10791015625 537.559387207031 386.644622802734 328.286560058594 329.922088623047 330.820159912109 332.424652099609 333.761260986328 335.626892089844 337.578399658203 339.200439453125 340.172241210938 341.882904052734 345.348693847656 346.238464355469 347.9111328125 349.305450439453 350.971801757812 352.020965576172 353.504730224609 355.473785400391 357.130401611328 357.667877197266 358.281951904297 361.870910644531 364.093505859375 365.476409912109 367.177734375 368.235168457031 370.265533447266 372.239227294922 373.919097900391 374.601409912109 376.305206298828 377.982971191406 380.02294921875 382.279907226562 383.389770507812 385.109924316406 386.189819335938 387.871887207031 389.197479248047 390.328643798828 392.189514160156
520.347045898438 523.265319824219 525.953125 529.360046386719 531.458740234375 534.1591796875 536.486877441406 325.931213378906 326.854736328125 328.444641113281 329.766693115234 331.498779296875 333.099273681641 333.985992431641 336.914642333984 337.739959716797 339.101593017578 340.880706787109 343.56787109375 345.158050537109 346.967010498047 348.656951904297 350.301116943359 350.9345703125 352.672088623047 354.887725830078 356.542755126953 357.078765869141 357.693939208984 361.211456298828 363.396697998047 365.165496826172 366.966125488281 367.660095214844 369.799377441406 371.510681152344 372.538818359375 373.943389892578 375.771270751953 377.936370849609 379.679626464844 382.102722167969 383.63623046875 384.431427001953 385.518859863281 387.328582763672 388.994506835938 389.712768554688 391.439300537109
519.454956054688 522.128479003906 524.686157226562 527.074462890625 529.569580078125 377.230804443359 379.394744873047 324.214874267578 325.799499511719 327.515380859375 329.1142578125 330.759826660156 331.675933837891 332.979797363281 335.375152587891 336.798889160156 338.446441650391 340.131988525391 342.448303222656 344.500335693359 346.246429443359 348.062805175781 349.702453613281 350.291168212891 352.263366699219 354.16845703125 355.947937011719 356.482391357422 357.0986328125 360.557281494141 361.937713623047 363.702911376953 365.502288818359 366.84033203125 368.036865234375 370.018646240234 371.432373046875 373.348449707031 375.177368164062 377.334045410156 379.009796142578 381.567443847656 383.584320068359 384.145568847656 385.601684570312 386.708068847656 388.238128662109 388.994262695312 390.967559814453
518.598571777344 521.277160644531 523.229553222656 525.715148925781 528.28857421875 472.438751220703 319.734405517578 323.052337646484 325.141174316406 326.783325195312 328.493194580078 329.274261474609 330.609466552734 332.365570068359 334.351898193359 335.243499755859 337.016326904297 338.662170410156 341.677459716797 342.821838378906 344.766815185547 346.523834228516 348.329742431641 349.697235107422 351.732788085938 352.694152832031 354.465789794922 355.930999755859 357.243438720703 359.166900634766 -3.4e+38 362.626800537109 363.658264160156 365.392852783203 366.820251464844 368.959747314453 370.747711181641 372.616638183594 374.484680175781 375.818389892578 377.688232421875 380.731964111328 382.153747558594 383.586151123047 385.3662109375 385.954711914062 387.536987304688 388.321807861328 390.485931396484
515.303588867188 518.598693847656 521.292663574219 523.252807617188 525.233154296875 374.134002685547 317.600708007812 320.920776367188 322.608581542969 324.322479248047 325.922943115234 327.583679199219 329.299377441406 330.103912353516 331.464508056641 333.570831298828 334.41943359375 336.063629150391 339.190673828125 340.105804443359 342.217926025391 343.961486816406 346.55517578125 348.294677734375 350.475830078125 350.955474853516 352.749938964844 353.701629638672 355.069213867188 358.9208984375 360.234069824219 361.155914306641 361.814758300781 363.646911621094 365.466979980469 367.731353759766 369.396240234375 370.124816894531 372.271118164062 373.749633789062 375.027008056641 378.264373779297 -3.4e+38 382.24560546875 384.100982666016 386.096008300781 386.542266845703 387.264678955078 388.933837890625
513.869995117188 516.856567382812 519.428527832031 520.777404785156 370.14013671875 315.238433837891 316.648742675781 319.846496582031 321.930145263672 323.573425292969 325.274780273438 326.066467285156 327.728881835938 329.136993408203 330.783721923828 332.808959960938 333.433715820312 335.088073730469 337.635498046875 338.971832275391 340.906372070312 342.873443603516 344.996215820312 346.837188720703 348.649291992188 349.208831787109 351.214508056641 352.587097167969 354.4462890625 357.287475585938 359.250030517578 360.529968261719 361.183227539062 362.949279785156 -3.4e+38 365.939880371094 367.9150390625 369.314697265625 371.143341064453 373.261383056641 374.793609619141 377.650543212891 379.792419433594 381.486114501953 383.325775146484 384.427947998047 385.994384765625 387.225433349609 388.356597900391
512.96826171875 515.655212402344 517.611389160156 519.755432128906 463.786560058594 314.284942626953 315.891845703125 319.161041259766 321.008087158203 322.068634033203 -3.4e+38 -3.4e+38 326.704986572266 328.384063720703 330.109802246094 331.059967041016 332.680419921875 334.455596923828 336.593414306641 338.272155761719 339.993835449219 341.399322509766 343.102691650391 344.874877929688 346.68408203125 348.064300537109 350.095336914062 351.0791015625 352.877685546875 355.908996582031 357.080474853516 359.166015625 360.550537109375 362.316955566406 363.997375488281 364.917297363281 366.821197509766 368.603881835938 370.440368652344 372.658172607422 374.365905761719 377.916259765625 378.923980712891 380.069702148438 382.472839355469 383.044494628906 384.434631347656 386.978454589844 387.745544433594
359.257385253906 514.053039550781 -3.4e+38 519.077819824219 518.573791503906 313.642974853516 315.205200195312 318.522979736328 320.42138671875 321.8974609375 323.051300048828 324.446807861328 326.063934326172 327.705383300781 329.754486083984 331.019866943359 331.989440917969 333.816833496094 335.9541015625 337.585540771484 338.481262207031 340.01025390625 342.076629638672 343.784606933594 345.497802734375 346.466583251953 348.311370849609 350.036895751953 351.771820068359 354.419525146484 355.834838867188 358.014587402344 359.702880859375 360.831329345703 363.369232177734 364.400543212891 366.179382324219 367.879455566406 368.972686767578 370.919372558594 372.893859863281 376.613403320312 377.235382080078 378.92333984375 380.968536376953 381.636383056641 383.257751464844 386.306335449219 386.826049804688
304.536956787109 361.594024658203 -3.4e+38 -3.4e+38 -3.4e+38 312.876312255859 314.556823730469 317.858978271484 318.995300292969 320.747650146484 322.019866943359 323.682525634766 325.418487548828 327.061676025391 329.086791992188 330.031860351562 331.338958740234 333.054077148438 335.263275146484 336.139739990234 337.467956542969 339.134643554688 340.484649658203 342.199310302734 344.003479003906 345.354827880859 347.030120849609 348.208801269531 350.197540283203 353.398315429688 355.183288574219 357.225799560547 358.219085693359 -3.4e+38 362.720855712891 363.751342773438 365.5302734375 367.267059326172 368.691955566406 370.635528564453 371.761627197266 374.479370117188 376.009643554688 377.747985839844 379.030364990234 380.468902587891 382.573547363281 384.834320068359 385.992401123047
303.616119384766 304.949432373047 360.843811035156 -3.4e+38 -3.4e+38 312.179260253906 313.885009765625 316.250640869141 318.001556396484 319.646484375 321.365783691406 322.982452392578 324.73388671875 325.559143066406 327.310638427734 329.035217285156 330.685180664062 332.345397949219 334.580963134766 335.01416015625 336.815338134766 338.453247070312 339.384857177734 341.091949462891 342.867706298828 344.641326904297 345.580261230469 346.970062255859 349.069213867188 352.674011230469 353.701934814453 355.567443847656 357.184112548828 358.996612548828 361.211700439453 362.959564208984 364.752227783203 366.656585693359 368.370666503906 369.562377929688 371.140808105469 373.337005615234 375.226257324219 377.038848876953 377.884948730469 379.738250732422 381.890838623047 383.586822509766 384.652404785156
302.090789794922 303.465728759766 304.994262695312 306.692626953125 308.369476318359 311.521850585938 313.237609863281 316.048492431641 317.340850830078 318.940948486328 320.707427978516 322.287414550781 323.131134033203 324.424377441406 326.194885253906 328.261352539062 330.027923583984 331.640960693359 333.800445556641 334.294067382812 336.040191650391 337.793151855469 338.724792480469 340.369354248047 341.324310302734 343.068969726562 344.433227539062 346.310394287109 348.334991455078 351.108703613281 352.51806640625 354.639587402344 356.521697998047 358.285980224609 360.068695068359 361.993316650391 364.009155273438 365.872039794922 367.624908447266 368.242828369141 370.386840820312 372.658325195312 374.504455566406 376.495422363281 377.212219238281 379.065765380859 381.217132568359 382.84716796875 383.574768066406
301.118225097656 302.681304931641 304.348541259766 307.168334960938 308.721740722656 310.834686279297 311.607177734375 314.883850097656 316.675842285156 318.272766113281 319.928375244141 321.605285644531 322.07666015625 323.711364746094 325.474700927734 326.448760986328 328.407135009766 330.053771972656 333.081359863281 333.625610351562 335.258819580078 336.243438720703 338.058441162109 339.672668457031 340.257354736328 341.972412109375 343.631805419922 344.680236816406 346.533569335938 349.997344970703 351.764678955078 353.727691650391 355.641021728516 356.694976806641 358.583892822266 360.485900878906 363.244506835938 364.323822021484 366.11767578125 367.494079589844 369.541229248047 371.883819580078 373.007446289062 374.908966064453 376.532165527344 378.351715087891 380.209655761719 381.490234375 382.890380859375
300.446197509766 301.967895507812 303.671691894531 306.055786132812 307.607513427734 309.314270019531 310.560699462891 313.883728027344 315.890930175781 317.601043701172 319.176666259766 320.123077392578 321.405853271484 323.041870117188 324.792144775391 325.553588867188 327.321655273438 329.096557617188 332.479370117188 333.994567871094 334.802612304688 335.149078369141 337.271270751953 338.997863769531 339.583435058594 341.232452392578 342.169250488281 343.525146484375 345.296783447266 349.322143554688 350.992797851562 352.02978515625 353.895355224609 355.515106201172 357.444122314453 360.052551269531 361.807342529297 363.199615478516 364.889617919922 365.989501953125 367.883331298828 371.141998291016 371.849670410156 373.698028564453 375.844909667969 377.643951416016 379.291320800781 380.291809082031 382.868682861328
299.652984619141 301.291839599609 302.980834960938 304.670989990234 306.602569580078 308.203186035156 309.880676269531 313.164947509766 314.086364746094 316.889617919922 317.666168212891 318.996032714844 320.729309082031 322.360443115234 324.007720947266 324.98681640625 326.641235351562 328.358062744141 331.819427490234 333.531005859375 333.991729736328 334.467590332031 336.466857910156 337.443908691406 338.903259277344 340.517425537109 341.117706298828 342.843780517578 344.610809326172 348.524841308594 350.268249511719 350.937164306641 352.939849853516 354.823669433594 356.657928466797 358.992767333984 360.628936767578 361.580749511719 363.327575683594 364.839813232422 366.529846191406 369.758209228516 371.156402587891 373.005004882812 375.150604248047 376.840545654297 377.897247314453 379.420562744141 382.016723632812
298.93017578125 300.610382080078 302.295104980469 303.843200683594 305.805450439453 307.473937988281 309.084259033203 311.487945556641 311.986724853516 314.997528076172 316.494293212891 317.410919189453 319.131256103516 321.630615234375 322.458251953125 323.932983398438 325.792419433594 326.780212402344 331.073059082031 331.951904296875 333.211212158203 334.027679443359 335.745788574219 336.328674316406 338.025115966797 338.964233398438 340.429656982422 342.082092285156 343.083709716797 346.952667236328 348.732513427734 350.234497070312 352.140838623047 354.132934570312 355.906341552734 357.664855957031 358.793060302734 360.147247314453 362.065307617188 363.212097167969 364.933746337891 368.527191162109 370.319427490234 372.186187744141 374.449340820312 376.072387695312 376.791900634766 378.762725830078 381.648803710938
297.552368164062 299.226867675781 300.760284423828 307.395782470703 447.444091796875 305.212005615234 306.452758789062 309.763763427734 311.342895507812 312.778869628906 314.7001953125 315.510986328125 317.287902832031 318.869659423828 319.742340087891 321.150146484375 322.830108642578 324.898162841797 327.580535888672 329.986480712891 331.035552978516 332.358062744141 333.875122070312 334.934204101562 336.536926269531 337.13037109375 338.8505859375 340.459411621094 341.079132080078 344.814392089844 346.061828613281 347.8212890625 349.653656005859 351.518402099609 353.12548828125 354.81396484375 355.988891601562 357.759429931641 359.495239257812 361.275390625 363.058319091797 367.147521972656 368.821655273438 370.613861083984 372.287292480469 373.444702148438 375.854278564453 377.821624755859 379.766540527344
295.997436523438 298.41748046875 300.059356689453 303.630218505859 357.191528320312 304.080139160156 305.752502441406 309.063873291016 310.612030029297 311.464691162109 313.524932861328 314.804290771484 316.428466796875 317.344573974609 318.647857666016 320.448394775391 322.126525878906 324.152740478516 327.236419677734 328.474822998047 329.863891601562 331.698699951172 333.649963378906 334.23046875 335.830718994141 336.424835205078 338.067565917969 339.009368896484 340.365539550781 343.09765625 344.926788330078 346.676116943359 348.429718017578 350.203063964844 352.023742675781 353.274261474609 354.831817626953 356.65380859375 358.879150390625 361.257171630859 362.340789794922 367.184265136719 368.12109375 370.009979248047 371.584777832031 372.770812988281 374.636810302734 376.494598388672 378.636474609375
295.840179443359 297.674682617188 299.323425292969 300.026062011719 301.771820068359 303.332611083984 305.007537841797 307.381195068359 308.915161132812 309.481750488281 311.311126708984 314.044952392578 314.851898193359 316.293304443359 317.933471679688 319.633636474609 321.342193603516 322.353302001953 325.973114013672 327.404449462891 329.095642089844 330.883575439453 332.939666748047 333.520965576172 335.11865234375 335.71337890625 337.314727783203 337.922302246094 339.652099609375 342.894683837891 344.098724365234 345.958831787109 347.712341308594 349.499481201172 351.451843261719 352.974426269531 354.916442871094 356.7373046875 358.814086914062 360.228271484375 361.722503662109 366.872741699219 367.520874023438 369.369476318359 371.097259521484 372.902099609375 374.696990966797 376.553771972656 378.693237304688
294.478668212891 296.935546875 297.756256103516 298.984619140625 300.639709472656 301.484100341797 303.342834472656 306.282073974609 307.960479736328 309.216583251953 310.040008544922 312.146667480469 313.790405273438 315.473602294922 317.217590332031 318.866271972656 320.485443115234 321.144897460938 324.844421386719 326.515014648438 327.541473388672 329.252471923828 331.119384765625 332.8056640625 334.400756835938 334.996063232422 336.594787597656 337.202789306641 338.932739257812 341.675933837891 343.075988769531 345.125305175781 346.895111083984 347.949645996094 349.962799072266 352.576934814453 353.698852539062 355.507751464844 357.497100830078 359.104675292969 360.947387695312 365.459381103516 367.652618408203 369.365631103516 370.714447021484 372.637786865234 374.434783935547 376.294311523438 378.435119628906
293.386383056641 295.356689453125 296.618347167969 298.224731445312 298.920196533203 300.218902587891 302.252471923828 305.561187744141 307.200164794922 308.831176757812 309.237121582031 310.055938720703 311.85009765625 313.743041992188 315.534576416016 317.128112792969 318.078308105469 319.445556640625 323.038299560547 324.933288574219 326.309631347656 328.012054443359 329.857604980469 331.977874755859 333.677124023438 334.273010253906 335.868988037109 336.477447509766 338.12060546875 340.434722900391 342.129455566406 343.615264892578 346.112762451172 346.764099121094 348.594360351562 350.847503662109 352.449066162109 354.245239257812 356.245239257812 358.368377685547 360.276153564453 364.32421875 366.580535888672 368.480834960938 370.897552490234 372.572631835938 373.69287109375 375.69580078125 378.618530273438
292.651153564453 294.215728759766 295.814331054688 296.542114257812 297.875518798828 299.456207275391 301.52734375 304.836059570312 306.37646484375 307.191528320312 308.560485839844 310.083953857422 311.650421142578 312.599578857422 314.386535644531 315.941528320312 316.512054443359 318.274536132812 320.831390380859 322.657531738281 324.689605712891 326.398864746094 328.267547607422 330.119934082031 332.091735839844 333.544250488281 335.137481689453 335.659332275391 336.606048583984 339.60888671875 340.619140625 342.388702392578 344.546539306641 346.025634765625 347.785003662109 349.597625732422 351.7255859375 353.615081787109 355.504119873047 357.625915527344 359.479919433594 364.380889892578 366.169067382812 368.086730957031 370.623992919922 372.348297119141 373.798950195312 376.030883789062 378.434295654297
