rcp4.5models/CNRM_CM5/sc1gr5.31
NCOLS 261 
NROWS 433 
XLLCORNER 336357.134 
YLLCORNER 654653.479 
CELLSIZE 1000 
NODATA_value -3.4e+38 
[rows 220 to 241 of 433, columns 147 to 195 of 261]
294.220733642578 294.583709716797 295.015319824219 295.215179443359 294.961608886719 294.18408203125 293.172271728516 295.135009765625 295.946197509766 295.984375 295.944366455078 296.430328369141 296.643341064453 296.937042236328 297.033538818359 297.170013427734 297.584747314453 297.980255126953 -3.4e+38 298.515716552734 298.455596923828 298.371063232422 299.135620117188 299.208221435547 299.137084960938 298.786834716797 298.671508789062 298.607849121094 298.617462158203 298.69921875 298.776580810547 298.520629882812 298.475280761719 298.241394042969 297.876129150391 297.963928222656 298.346527099609 298.869140625 299.154479980469 299.177825927734 299.332946777344 299.542999267578 299.722442626953 299.583404541016 299.119201660156 298.964752197266 298.398834228516 297.947692871094 298.333892822266
293.841583251953 294.626129150391 295.080535888672 295.103515625 294.476745605469 293.213256835938 291.923950195312 294.93017578125 295.347869873047 295.672271728516 295.768524169922 296.44677734375 296.804565429688 296.893157958984 296.967071533203 297.144470214844 297.422149658203 297.840942382812 298.348663330078 298.498596191406 298.519256591797 298.565002441406 299.232055664062 299.220977783203 298.807281494141 298.533081054688 298.320098876953 298.375457763672 298.58447265625 298.683837890625 298.787445068359 298.711364746094 298.298675537109 298.081756591797 297.771606445312 297.86767578125 298.279388427734 298.586364746094 298.746643066406 299.124938964844 299.378356933594 299.477111816406 299.459228515625 299.269805908203 299.019317626953 298.763580322266 298.291687011719 298.032775878906 298.112213134766
293.8095703125 294.285430908203 294.592590332031 294.800567626953 294.346313476562 293.548492431641 293.309204101562 294.770690917969 294.997833251953 295.658538818359 295.723602294922 296.594696044922 296.911407470703 296.993041992188 297.123291015625 297.165832519531 297.35546875 297.989166259766 298.050506591797 298.063293457031 298.527923583984 298.60400390625 299.053039550781 298.872619628906 298.310363769531 298.014984130859 297.343444824219 298.068023681641 298.620574951172 298.698333740234 298.831878662109 298.542144775391 297.894500732422 297.426635742188 297.321563720703 297.553588867188 297.811431884766 298.12451171875 298.314239501953 298.765106201172 299.385162353516 299.553070068359 299.402038574219 299.002532958984 298.827362060547 298.428558349609 298.212371826172 297.833557128906 297.603302001953
293.808502197266 294.094207763672 294.453979492188 294.493103027344 294.126068115234 293.524139404297 293.882110595703 294.823760986328 295.270568847656 295.718505859375 295.858428955078 296.623962402344 296.925903320312 297.106811523438 297.294616699219 297.196166992188 297.453704833984 298.0009765625 297.605102539062 298.100341796875 298.540435791016 298.584320068359 298.449249267578 298.611938476562 298.073089599609 297.414520263672 296.844757080078 298.030334472656 298.486511230469 298.142700195312 298.4208984375 298.497650146484 297.913391113281 297.249084472656 297.118469238281 297.317352294922 297.780059814453 298.063903808594 298.458526611328 298.820343017578 299.285003662109 299.464935302734 299.409088134766 298.987243652344 298.723785400391 298.157012939453 297.939361572266 297.395538330078 297.421081542969
293.941680908203 294.26611328125 294.394989013672 294.26611328125 293.073303222656 291.554260253906 292.967224121094 294.745941162109 295.128173828125 295.725982666016 295.872589111328 296.430969238281 296.721496582031 296.906616210938 297.090728759766 297.003997802734 297.15234375 297.505157470703 297.330596923828 298.030548095703 298.400451660156 298.483154296875 297.789703369141 298.071624755859 297.86474609375 297.411163330078 297.148620605469 298.099884033203 298.576446533203 298.085083007812 297.930053710938 298.188720703125 298.009490966797 297.550842285156 297.355682373047 297.589324951172 298.209197998047 298.194427490234 298.683746337891 299.2099609375 299.309234619141 299.383209228516 299.309234619141 298.852416992188 298.603576660156 298.026336669922 297.681884765625 297.340789794922 297.914398193359
293.978302001953 294.359039306641 294.208923339844 293.856872558594 292.366241455078 290.807067871094 293.056396484375 294.736724853516 294.911529541016 295.589752197266 295.629028320312 296.254608154297 296.377380371094 296.588012695312 296.865234375 296.710205078125 296.627105712891 297.196838378906 297.219665527344 297.708709716797 298.373291015625 298.443969726562 297.9462890625 297.934478759766 297.949096679688 297.712738037109 297.514343261719 298.077117919922 298.354431152344 298.159027099609 297.837860107422 297.912078857422 298.016204833984 297.736755371094 297.469451904297 297.698211669922 298.250366210938 298.341735839844 298.660095214844 299.14306640625 299.251586914062 299.419555664062 299.183227539062 298.617004394531 298.563507080078 297.997039794922 297.712371826172 297.449432373047 298.362884521484
293.916595458984 294.025054931641 293.814819335938 293.325744628906 292.451202392578 291.900848388672 293.858551025391 294.707214355469 294.767333984375 294.960418701172 295.151031494141 296.268768310547 296.433685302734 296.497406005859 296.668029785156 296.710876464844 296.475524902344 296.854583740234 297.196044921875 297.623626708984 298.460632324219 298.364990234375 297.799285888672 297.883392333984 297.881988525391 297.391510009766 297.420135498047 297.713562011719 297.706115722656 297.736663818359 297.763122558594 297.841644287109 297.796813964844 297.522430419922 297.514526367188 297.652862548828 297.838623046875 298.169006347656 298.444030761719 298.765594482422 299.014984130859 299.073974609375 298.698303222656 298.470916748047 298.398010253906 298.003173828125 297.739074707031 297.408630371094 298.277221679688
293.921661376953 293.439270019531 292.533233642578 291.700958251953 291.846984863281 291.373168945312 293.557708740234 294.664093017578 294.659149169922 294.646392822266 295.147888183594 296.181488037109 296.541564941406 296.505767822266 296.612884521484 296.733245849609 296.295257568359 296.337921142578 297.127777099609 297.47314453125 298.384338378906 298.183624267578 297.420471191406 297.51611328125 297.447692871094 297.006042480469 297.104553222656 297.498992919922 297.5810546875 297.592742919922 297.369689941406 297.235260009766 297.210571289062 297.254425048828 297.670440673828 298.035430908203 298.011474609375 298.244171142578 298.361145019531 298.512084960938 298.688140869141 298.598815917969 298.297729492188 298.189636230469 297.865570068359 297.932739257812 297.736236572266 297.634490966797 298.099365234375
293.608215332031 292.787719726562 290.732208251953 288.717132568359 290.0234375 289.742401123047 292.990020751953 294.106506347656 294.356262207031 294.93359375 295.532501220703 296.119720458984 296.320007324219 296.308807373047 296.521820068359 296.548828125 296.166198730469 296.261535644531 297.109680175781 297.403503417969 297.900543212891 297.852081298828 297.228240966797 296.981384277344 297.075500488281 296.879486083984 296.926177978516 297.209350585938 297.100860595703 297.1318359375 296.922241210938 296.760040283203 296.834533691406 297.175872802734 297.579559326172 297.953430175781 298.236633300781 298.46044921875 298.338012695312 298.206695556641 298.225006103516 298.371643066406 298.287811279297 298.242492675781 297.941375732422 297.862884521484 297.772888183594 297.609497070312 297.822326660156
293.20458984375 292.361083984375 289.826812744141 287.064331054688 287.955657958984 287.791809082031 292.166839599609 293.595428466797 294.021850585938 295.069946289062 295.6181640625 295.91748046875 295.881134033203 295.836944580078 296.348449707031 296.481536865234 296.337463378906 296.346252441406 297.002990722656 297.303436279297 297.432800292969 297.448547363281 297.115203857422 297.017700195312 296.990417480469 296.692840576172 296.653259277344 296.405181884766 296.360168457031 296.669128417969 296.718505859375 296.681549072266 296.878936767578 297.024475097656 297.231811523438 297.562072753906 298 298.176971435547 298.242462158203 298.077362060547 298.010192871094 298.276306152344 298.388916015625 298.487884521484 298.313385009766 298.033752441406 297.758666992188 297.447082519531 297.328186035156
292.634216308594 292.1494140625 290.367340087891 287.961486816406 286.859924316406 286.863891601562 291.985565185547 293.485321044922 294.062530517578 294.905456542969 295.30078125 295.426208496094 295.478118896484 295.855743408203 296.330810546875 296.460540771484 296.254547119141 296.096893310547 296.700408935547 297.145782470703 297.250610351562 297.157653808594 297.210357666016 296.981140136719 296.700653076172 296.366851806641 296.189880371094 296.096954345703 296.253814697266 296.217071533203 296.176025390625 296.321807861328 296.440216064453 296.660034179688 297.122039794922 297.504364013672 297.733703613281 297.811798095703 298.022979736328 297.900787353516 297.781555175781 298.236267089844 298.421081542969 298.258941650391 297.873596191406 297.895965576172 297.593475341797 297.125762939453 296.9697265625
292.190460205078 290.435546875 287.615905761719 285.205810546875 282.625885009766 288.206634521484 290.882843017578 293.243072509766 294.043487548828 294.445495605469 294.707000732422 294.924133300781 295.387268066406 295.814666748047 296.181549072266 296.288452148438 295.887145996094 295.267028808594 295.741333007812 295.793365478516 296.345336914062 296.948577880859 297.478057861328 297.232604980469 296.793579101562 296.736358642578 296.522583007812 296.337799072266 296.209381103516 295.878265380859 295.484832763672 295.552001953125 295.652984619141 296.105438232422 296.284423828125 296.351623535156 296.696960449219 296.948638916016 297.579406738281 297.46337890625 296.745361328125 296.7919921875 297.532104492188 298.176177978516 297.874694824219 297.601257324219 297.602874755859 297.337310791016 297.132690429688
291.811737060547 290.160491943359 287.915405273438 284.545318603516 279.74462890625 285.174926757812 289.407897949219 292.712036132812 293.6875 294.072143554688 294.146881103516 294.804840087891 294.908996582031 295.355712890625 295.962524414062 296.330841064453 295.949401855469 295.283630371094 295.389617919922 295.663269042969 296.416870117188 296.902740478516 297.318786621094 297.053833007812 296.735504150391 296.576446533203 296.447723388672 296.139129638672 295.650482177734 295.538482666016 295.527496337891 295.108215332031 295.037963867188 295.74267578125 295.549163818359 296.382507324219 -3.4e+38 -3.4e+38 297.049224853516 296.813018798828 296.333190917969 296.589752197266 297.367309570312 298.109619140625 298.054962158203 297.704986572266 297.627288818359 297.345123291016 297.167724609375
291.755279541016 290.723907470703 289.793762207031 286.799774169922 283.558685302734 288.097991943359 290.970489501953 292.649322509766 293.486419677734 293.866027832031 293.905609130859 294.783294677734 295.182922363281 295.098419189453 295.636688232422 -3.4e+38 296.225311279297 295.864410400391 295.428009033203 295.777526855469 296.366760253906 296.688171386719 296.842864990234 296.805480957031 296.349151611328 296.191680908203 296.17578125 295.986846923828 294.712860107422 294.519256591797 295.449493408203 294.988342285156 294.841156005859 295.713592529297 295.612121582031 296.259033203125 296.855407714844 -3.4e+38 -3.4e+38 296.241821289062 296.329711914062 296.977661132812 297.464752197266 297.942596435547 297.600616455078 297.338317871094 297.469787597656 297.238525390625 297.099151611328
291.489593505859 289.830535888672 289.479187011719 288.07763671875 288.201446533203 291.228637695312 292.480224609375 293.041717529297 293.736419677734 293.999206542969 294.46923828125 294.736907958984 295.194244384766 295.413116455078 295.760620117188 296.125671386719 296.140167236328 295.708129882812 295.408264160156 295.615600585938 296.001037597656 296.361450195312 296.396636962891 296.552459716797 296.282592773438 295.914520263672 295.70458984375 295.769470214844 294.535400390625 293.589080810547 294.879943847656 295.011077880859 294.829711914062 295.714874267578 295.935455322266 296.127838134766 296.709594726562 -3.4e+38 296.369232177734 296.033325195312 296.601104736328 297.279663085938 297.596740722656 297.808258056641 297.465515136719 296.738586425781 297.023406982422 297.214660644531 297.053649902344
291.541870117188 289.814208984375 288.726379394531 287.056579589844 287.888122558594 291.173522949219 292.689208984375 293.061645507812 293.744323730469 294.104797363281 294.300994873047 294.695983886719 295.017486572266 295.588806152344 295.592681884766 -3.4e+38 295.876403808594 295.400482177734 295.277923583984 295.410675048828 295.846771240234 296.259124755859 296.160766601562 296.150665283203 296.207000732422 296.022064208984 295.587097167969 295.685272216797 294.604583740234 292.896392822266 294.243041992188 294.594573974609 294.72021484375 295.708282470703 295.921295166016 296.131317138672 -3.4e+38 296.484222412109 295.875 295.883239746094 296.288757324219 297.076721191406 297.502166748047 297.542236328125 297.418518066406 296.175659179688 296.149017333984 296.726654052734 296.928985595703
291.588592529297 289.781494140625 287.183746337891 283.643951416016 285.149230957031 291.46630859375 292.470062255859 292.852203369141 293.30810546875 293.592742919922 293.799346923828 294.678680419922 294.855010986328 295.117462158203 295.122314453125 295.476013183594 295.784149169922 295.359771728516 295.006866455078 295.165466308594 295.573608398438 295.8408203125 295.833251953125 296.097015380859 296.199157714844 295.989685058594 295.513885498047 295.390991210938 294.258605957031 292.906829833984 294.048248291016 294.3193359375 294.669311523438 295.447601318359 295.8779296875 296.123626708984 -3.4e+38 294.519348144531 293.006469726562 294.205047607422 295.382110595703 296.767333984375 297.223297119141 297.221313476562 297.104248046875 296.171417236328 295.996337890625 295.756744384766 295.918365478516
291.037384033203 289.678955078125 286.8857421875 282.845733642578 286.193389892578 291.606018066406 292.379547119141 292.991363525391 293.495941162109 293.626983642578 293.970336914062 294.661529541016 294.738586425781 294.871826171875 295.056579589844 295.379272460938 295.586639404297 295.343597412109 295.011291503906 295.140991210938 295.318939208984 295.243865966797 295.633941650391 296.15673828125 296.091094970703 295.608093261719 295.153228759766 294.836669921875 294.254821777344 293.645782470703 293.916046142578 294.2734375 294.728088378906 295.143463134766 295.807983398438 296.072662353516 296.101135253906 293.67919921875 289.960235595703 290.956817626953 295.733734130859 296.618286132812 296.883331298828 297.112762451172 296.8125 296.242889404297 295.797302246094 295.353790283203 295.458831787109
290.994567871094 289.608673095703 287.815002441406 286.558258056641 289.505767822266 291.586639404297 292.444213867188 292.857391357422 293.545379638672 294.001342773438 294.067932128906 294.528289794922 294.510375976562 294.907775878906 295.0078125 295.277893066406 -3.4e+38 295.32666015625 295.035949707031 294.873779296875 294.811370849609 294.670440673828 295.618865966797 296.028961181641 295.768737792969 295.297637939453 294.585327148438 293.342346191406 291.912200927734 292.693237304688 293.797058105469 294.350463867188 294.962097167969 295.462005615234 295.767486572266 295.954132080078 295.803375244141 293.369506835938 287.838165283203 287.218322753906 293.750427246094 296.583190917969 296.826019287109 297.031799316406 -3.4e+38 296.246459960938 295.990356445312 295.802642822266 295.562927246094
291.033905029297 289.552520751953 285.893188476562 283.601959228516 290.476806640625 291.628173828125 292.393463134766 292.818084716797 293.533142089844 293.924682617188 293.951110839844 294.17138671875 294.254608154297 294.861145019531 294.999359130859 295.150146484375 295.4765625 295.369018554688 295.181091308594 294.931854248047 294.670806884766 294.335662841797 295.605194091797 295.760437011719 295.419830322266 295.203674316406 294.694030761719 293.202423095703 291.301910400391 292.413513183594 293.96044921875 -3.4e+38 295.050537109375 295.493621826172 295.693939208984 295.856597900391 295.487274169922 293.388916015625 288.846313476562 288.147674560547 293.973052978516 296.594757080078 296.834594726562 -3.4e+38 296.395843505859 295.968933105469 296.288726806641 295.587921142578 295.137481689453
290.206512451172 288.428009033203 284.450164794922 281.606658935547 290.142272949219 291.426391601562 292.293273925781 292.800354003906 293.280395507812 293.443450927734 293.66259765625 294.089904785156 294.537689208984 294.848358154297 294.976654052734 295.024688720703 295.237182617188 295.346984863281 295.252227783203 295.252410888672 295.125213623047 294.626007080078 295.177703857422 295.499725341797 295.163208007812 294.745025634766 294.721282958984 294.283660888672 293.528076171875 293.4873046875 293.896118164062 294.192901611328 294.533630371094 294.828704833984 295.4501953125 295.497802734375 294.955932617188 294.337341308594 292.892791748047 291.987426757812 294.038482666016 296.551849365234 296.647613525391 -3.4e+38 -3.4e+38 296.0078125 296.150177001953 295.406890869141 295.384521484375
289.385192871094 286.073303222656 282.581481933594 283.229187011719 289.088928222656 290.520050048828 291.8955078125 292.457458496094 292.990814208984 293.532348632812 293.679443359375 294.235992431641 294.395965576172 294.859161376953 294.908203125 294.986450195312 295.146606445312 295.249847412109 295.078186035156 294.945831298828 295.139770507812 294.985076904297 294.826232910156 295.317535400391 295.013885498047 294.368530273438 294.503784179688 294.435943603516 294.004608154297 293.61767578125 293.520660400391 293.973358154297 294.048736572266 294.745147705078 295.549163818359 295.31640625 294.547241210938 294.412933349609 -3.4e+38 -3.4e+38 293.883697509766 296.367218017578 296.205352783203 296.441986083984 296.430847167969 295.944915771484 296.070556640625 295.923461914062 295.507080078125
