rcp4.5models/CNRM_CM5/sc1gr2.32
NCOLS 261 
NROWS 433 
XLLCORNER 336357.134 
YLLCORNER 654653.479 
CELLSIZE 1000 
NODATA_value -3.4e+38 
[rows 220 to 241 of 433, columns 98 to 146 of 261]
343.032592773438 342.815490722656 342.244995117188 341.443084716797 340.111633300781 339.378662109375 338.901489257812 337.697540283203 337.214904785156 336.944458007812 335.728790283203 334.771728515625 337.236755371094 337.806335449219 336.731689453125 337.208984375 336.647888183594 335.998626708984 335.272705078125 335.235870361328 335.199279785156 335.162841796875 335.126617431641 335.090606689453 334.741455078125 334.019195556641 333.32763671875 332.913543701172 332.422332763672 328.8642578125 324.995971679688 329.299072265625 330.877624511719 330.598724365234 329.570495605469 328.240600585938 327.986785888672 327.843292236328 327.215393066406 323.898132324219 318.674743652344 320.238922119141 325.837493896484 320.04541015625 321.020965576172 330.512908935547 330.868743896484 331.477325439453 334.156982421875
342.999572753906 342.653686523438 341.921630859375 341.135162353516 340.497497558594 339.766967773438 339.59765625 339.133270263672 338.489318847656 337.403961181641 335.956604003906 335.468292236328 337.676910400391 337.988433837891 337.088653564453 337.21533203125 336.701629638672 335.965423583984 334.890563964844 334.435089111328 335.168548583984 335.132659912109 335.097015380859 335.061553955078 334.712097167969 333.991333007812 333.606781005859 332.713470458984 331.986602783203 327.520721435547 322.6728515625 330.068298339844 330.717926025391 330.367034912109 329.343383789062 327.774475097656 326.011474609375 327.202758789062 325.449859619141 320.004119873047 318.04833984375 322.928833007812 326.230316162109 319.312316894531 320.873657226562 330.864715576172 331.150146484375 331.915649414062 333.640289306641
342.966217041016 342.618621826172 341.8876953125 341.209930419922 340.282806396484 338.798583984375 338.502502441406 339.655395507812 339.306823730469 337.7802734375 335.703704833984 335.829284667969 337.777526855469 338.116973876953 337.17822265625 336.754180908203 336.581878662109 335.931884765625 334.7578125 334.184539794922 335.137542724609 335.102203369141 335.067108154297 334.857269287109 334.302490234375 333.788482666016 333.579040527344 332.544982910156 331.511108398438 327.106018066406 322.494201660156 330.045349121094 330.694885253906 330.343933105469 329.295166015625 328.102661132812 326.79736328125 326.320861816406 323.489562988281 319.271514892578 322.632537841797 328.072113037109 328.058563232422 323.929840087891 323.248474121094 329.872528076172 331.674743652344 332.11865234375 333.73974609375
342.751739501953 342.541900634766 342.836456298828 341.464630126953 340.114776611328 337.896301269531 337.195861816406 339.620208740234 339.270385742188 337.786590576172 336.254272460938 336.875823974609 337.56640625 337.691925048828 337.184143066406 336.670928955078 336.071624755859 335.513153076172 334.862213134766 332.168121337891 329.782958984375 334.308197021484 335.036895751953 334.686859130859 333.968597412109 333.793640136719 333.551055908203 332.517669677734 330.685241699219 326.225830078125 324.346435546875 329.847808837891 330.124328613281 329.948272705078 329.349029541016 328.501312255859 326.721984863281 324.259155273438 322.827972412109 324.989532470703 327.722229003906 329.924072265625 329.221740722656 328.283630371094 326.776275634766 329.124664306641 332.294982910156 332.955780029297 334.038940429688
342.769378662109 342.882293701172 343.507720947266 341.826568603516 339.716827392578 337.652282714844 338.633056640625 339.978942871094 339.233703613281 337.703643798828 336.392883300781 337.433410644531 337.396240234375 337.359375 337.286437988281 -3.4e+38 336.076721191406 335.740203857422 334.682067871094 -3.4e+38 328.574279785156 334.4345703125 334.830535888672 334.276763916016 333.763702392578 333.352813720703 333.146453857422 332.665252685547 331.352508544922 328.563995361328 328.106842041016 329.703552246094 328.903381347656 329.616638183594 328.478393554688 325.839385986328 324.502838134766 322.751037597656 323.040100097656 329.815765380859 330.114654541016 330.622161865234 330.112457275391 329.747497558594 329.775665283203 330.692626953125 332.794219970703 333.403564453125 334.199523925781
343.4482421875 343.537109375 343.653228759766 342.078735351562 339.593200683594 338.322906494141 340.689727783203 340.415100097656 339.768676757812 337.383270263672 335.072204589844 337.787414550781 337.360961914062 337.145935058594 337.251983642578 -3.4e+38 336.565155029297 335.968688964844 334.854888916016 333.031951904297 333.22998046875 335.009246826172 334.834838867188 334.321350097656 333.416046142578 332.500183105469 332.637390136719 332.406097412109 332.605895996094 331.772613525391 330.511657714844 329.149139404297 327.717712402344 328.872863769531 325.838714599609 321.286346435547 323.491394042969 322.736267089844 324.696655273438 329.210754394531 327.833221435547 330.287902832031 330.536254882812 329.201629638672 331.681304931641 332.128570556641 333.266204833984 333.753540039062 333.987945556641
344.41357421875 344.18896484375 343.749298095703 342.618591308594 340.444213867188 339.638153076172 341.23681640625 340.513153076172 340.33984375 337.798889160156 334.50341796875 337.657836914062 337.146301269531 336.585968017578 336.832244873047 337.003753662109 336.446594238281 335.795227050781 335.078277587891 335.044464111328 335.010955810547 -3.4e+38 334.945007324219 334.770599365234 333.620056152344 331.990997314453 332.090850830078 332.073669433594 332.547424316406 331.854827880859 330.713989257812 327.793426513672 323.984313964844 323.630767822266 319.287292480469 315.39453125 322.745483398438 326.057159423828 327.680969238281 327.242309570312 324.486907958984 328.445465087891 330.376617431641 329.915283203125 332.126983642578 332.426330566406 333.401519775391 334.051910400391 333.659942626953
344.795623779297 344.439544677734 343.714141845703 343.184722900391 341.720703125 340.973358154297 341.380889892578 340.868438720703 340.438781738281 338.725616455078 335.977081298828 337.894134521484 337.359375 336.253570556641 336.500183105469 336.829559326172 336.291442871094 336.320556640625 335.426086425781 335.011779785156 334.978820800781 334.946228027344 334.913970947266 334.882080078125 334.068542480469 332.194976806641 331.757415771484 332.047271728516 332.376037597656 331.490570068359 330.095489501953 325.499389648438 318.707946777344 313.652984619141 310.355529785156 314.63671875 323.822418212891 328.330749511719 326.80908203125 323.58984375 323.386871337891 325.536804199219 328.831268310547 331.823455810547 332.111785888672 332.237518310547 332.849792480469 333.674926757812 333.997344970703
344.760955810547 344.403137207031 343.495147705078 343.280975341797 342.423614501953 -3.4e+38 -3.4e+38 341.123138427734 340.221069335938 339.066650390625 337.738861083984 338.290374755859 337.6171875 336.037933349609 336.849670410156 336.614593505859 335.837097167969 336.344696044922 335.692260742188 334.978942871094 334.768463134766 334.536529541016 334.705200195312 334.297576904297 333.981018066406 333.021423339844 331.729431152344 331.844207763672 331.976104736328 331.318969726562 330.028717041016 326.102600097656 316.406890869141 307.566101074219 311.193878173828 321.83203125 326.016387939453 327.495910644531 324.792236328125 322.188323974609 325.69580078125 326.525573730469 327.804931640625 330.663391113281 332.271301269531 332.610870361328 332.736389160156 333.348754882812 333.760925292969
344.726135253906 344.181854248047 342.930023193359 343.243713378906 342.338623046875 342.090911865234 342.124359130859 341.267822265625 340.435668945312 339.190856933594 338.496368408203 337.868225097656 337.217224121094 334.913482666016 336.549621582031 336.056060791016 335.364501953125 336.011047363281 335.836761474609 335.145935058594 334.036834716797 333.648071289062 334.153991699219 333.820892333984 333.435241699219 332.157775878906 330.265808105469 329.437316894531 331.643218994141 331.292144775391 330.233062744141 326.913757324219 316.777465820312 308.744689941406 317.364044189453 326.872924804688 327.107208251953 327.38720703125 326.966949462891 327.087463378906 329.451507568359 329.712615966797 329.917999267578 330.857543945312 332.231658935547 332.695465087891 333.034362792969 333.335174560547 333.645690917969
345.087463378906 344.196075439453 343.187194824219 342.814025878906 342.165954589844 341.582183837891 341.88037109375 341.756378173828 340.871673583984 339.86083984375 339.363555908203 338.30859375 336.35498046875 332.090667724609 335.695159912109 335.721923828125 335.331024169922 335.797302246094 335.386596679688 334.891693115234 333.380859375 332.796081542969 333.641754150391 333.236785888672 -3.4e+38 328.970336914062 324.253082275391 326.094177246094 331.616424560547 331.08837890625 329.543975830078 324.625915527344 313.585388183594 311.516357421875 322.348968505859 328.141754150391 328.128662109375 326.918273925781 329.672027587891 330.532531738281 331.002258300781 330.820281982422 331.435424804688 331.913757324219 331.703735351562 332.544006347656 333.556915283203 333.508544921875 333.770660400391
345.015350341797 344.256561279297 343.536560058594 343.131378173828 341.905364990234 340.984375 341.333343505859 340.787628173828 339.8251953125 340.125579833984 340.181335449219 339.499206542969 335.708068847656 328.782409667969 331.147674560547 335.468505859375 334.561889648438 334.727996826172 333.996307373047 331.778991699219 330.104736328125 333.052459716797 332.037048339844 330.302032470703 327.735015869141 323.298095703125 318.401885986328 327.972290039062 331.060485839844 329.811553955078 327.548492431641 319.633148193359 312.327667236328 318.813140869141 328.214447021484 329.06982421875 327.494720458984 324.776153564453 327.888793945312 330.849487304688 331.29443359375 331.788177490234 332.229553222656 332.520477294922 332.674713134766 333.014495849609 332.99169921875 333.294799804688 333.592376708984
345.450653076172 344.799499511719 344.079254150391 343.280181884766 342.489562988281 341.620727539062 341.868499755859 341.365325927734 339.989196777344 339.505523681641 339.9609375 339.077850341797 337.085296630859 333.321044921875 329.576507568359 334.91064453125 333.867401123047 332.346801757812 329.784698486328 329.1826171875 327.455352783203 329.838348388672 329.906585693359 329.039306640625 324.154846191406 321.890380859375 324.895751953125 328.876434326172 329.790496826172 328.446960449219 327.833129882812 321.653228759766 314.222747802734 322.412933349609 328.765594482422 329.356353759766 327.429718017578 327.336364746094 327.772979736328 329.794616699219 331.428741455078 331.907440185547 331.701141357422 331.867401123047 331.63623046875 332.277770996094 332.977630615234 333.281494140625 333.219177246094
345.551147460938 345.183044433594 344.465179443359 343.381256103516 343.201782226562 342.872528076172 342.645690917969 342.081146240234 341.101318359375 340.037811279297 340.533752441406 339.877685546875 338.798156738281 336.966369628906 331.448303222656 335.137359619141 333.195129394531 328.874908447266 325.504425048828 325.566864013672 325.111755371094 326.240966796875 327.025085449219 326.491088867188 323.098602294922 320.19189453125 326.550567626953 327.764923095703 327.762725830078 327.073638916016 327.984191894531 323.121551513672 318.242309570312 326.191375732422 329.536285400391 329.699432373047 327.090301513672 325.230316162109 -3.4e+38 329.862060546875 331.289581298828 331.411987304688 331.374877929688 331.876373291016 331.368133544922 331.464691162109 332.603240966797 333.268310546875 332.893371582031
345.516143798828 345.146331787109 344.429534912109 343.920135498047 343.690338134766 343.263153076172 343.083312988281 342.568023681641 341.678588867188 340.816711425781 340.886413574219 339.221405029297 335.594757080078 332.768341064453 330.359008789062 334.604553222656 331.771789550781 325.815704345703 324.074859619141 323.747100830078 323.864013671875 324.101806640625 324.72705078125 324.847503662109 321.878723144531 319.088958740234 327.080871582031 326.665832519531 325.545684814453 326.249481201172 328.829925537109 325.198974609375 321.328002929688 328.014709472656 329.66357421875 330.162475585938 327.922637939453 323.071258544922 -3.4e+38 330.122955322266 331.150512695312 331.080474853516 331.183959960938 331.475952148438 331.304168701172 331.299102783203 332.102020263672 332.720123291016 332.880615234375
346.061401367188 345.6884765625 344.782196044922 344.308959960938 344.127685546875 343.611358642578 343.186553955078 342.819763183594 341.781341552734 340.885498046875 340.511779785156 339.153594970703 333.800964355469 327.084808349609 330.297241210938 332.897064208984 330.661590576172 325.184234619141 324.673034667969 324.087463378906 323.686065673828 323.512420654297 324.132690429688 324.958160400391 322.353515625 320.015899658203 327.135894775391 326.855712890625 325.727966308594 327.171020507812 328.693603515625 323.764770507812 320.003479003906 327.983795166016 330.548370361328 330.654510498047 329.283569335938 323.761016845703 325.226013183594 329.429321289062 331.118896484375 331.035705566406 331.01708984375 330.997802734375 330.977874755859 331.109649658203 331.576416015625 332.2421875 332.509216308594
346.446502685547 346.073211669922 345.219360351562 344.272888183594 344.231140136719 343.861328125 343.149963378906 342.969024658203 342.124755859375 340.519500732422 339.760925292969 338.854949951172 334.609344482422 330.461578369141 332.845825195312 332.869018554688 331.033477783203 325.180847167969 325.007232666016 324.717224121094 324.397796630859 323.808624267578 324.447113037109 324.366821289062 322.128601074219 318.67431640625 326.625122070312 326.936676025391 325.689270019531 325.132354736328 328.784759521484 325.846130371094 324.200866699219 328.871368408203 330.927520751953 331.118011474609 329.978759765625 327.620574951172 327.920043945312 330.015197753906 330.21044921875 329.422973632812 329.787750244141 330.650787353516 330.963439941406 330.943237304688 331.250885009766 332.0537109375 332.542449951172
346.411865234375 346.036834716797 345.323150634766 344.621490478516 344.194976806641 343.635040283203 342.543182373047 342.692779541016 342.375610351562 340.338165283203 339.291320800781 339.063629150391 337.558380126953 336.457153320312 335.25390625 334.355438232422 332.546203613281 326.380401611328 325.048309326172 324.977752685547 324.962524414062 324.288970947266 325.673522949219 324.806427001953 322.4775390625 320.310607910156 327.363739013672 327.301818847656 324.95556640625 322.486236572266 329.723114013672 329.185394287109 328.649353027344 328.892730712891 330.598236083984 331.247039794922 331.100189208984 330.686920166016 331.519409179688 -3.4e+38 -3.4e+38 326.980346679688 327.621490478516 329.073120117188 329.694946289062 330.570251464844 331.061889648438 331.529113769531 332.309600830078
346.185241699219 345.614532470703 345.287963867188 345.059906005859 344.351959228516 343.451477050781 343.028198242188 342.560760498047 341.957122802734 340.48681640625 339.821228027344 340.266937255859 339.855255126953 339.096923828125 336.841522216797 335.806396484375 333.199951171875 327.673858642578 326.0556640625 324.762847900391 324.923706054688 325.112426757812 326.169525146484 325.523681640625 323.853759765625 325.141143798828 328.638549804688 328.275482177734 325.626434326172 321.069732666016 326.901092529297 330.034118652344 330.073638916016 329.8896484375 330.403961181641 330.138275146484 331.533721923828 330.822418212891 331.632049560547 -3.4e+38 327.09326171875 325.7119140625 325.950744628906 327.953674316406 328.770111083984 330.603546142578 331.071411132812 331.562042236328 332.006408691406
346.202819824219 345.490539550781 344.868743896484 345.165618896484 344.648071289062 343.605285644531 342.759826660156 341.530517578125 341.81884765625 340.970825195312 340.221008300781 340.521362304688 339.819366455078 339.413543701172 336.270599365234 336.546997070312 334.307556152344 330.601654052734 329.025451660156 324.95361328125 324.888916015625 325.532623291016 325.474304199219 324.937042236328 324.491119384766 327.1259765625 -3.4e+38 -3.4e+38 -3.4e+38 322.740295410156 324.130737304688 329.347808837891 331.082763671875 331.608428955078 329.876007080078 328.293029785156 331.152160644531 331.353851318359 331.296020507812 -3.4e+38 326.866912841797 323.062133789062 324.401123046875 328.651275634766 329.627471923828 330.90185546875 331.035766601562 331.503997802734 331.972686767578
346.309204101562 345.787506103516 344.743408203125 344.938781738281 344.372680664062 344.092864990234 342.762084960938 340.632568359375 341.926544189453 341.599365234375 340.938751220703 340.484283447266 339.783630371094 339.271575927734 336.472351074219 337.403686523438 336.041015625 333.310455322266 328.694519042969 325.218505859375 324.858276367188 325.318237304688 324.594757080078 324.452758789062 324.951019287109 325.938507080078 330.732330322266 330.345947265625 -3.4e+38 328.430938720703 327.950805664062 329.709686279297 330.726409912109 331.529937744141 329.905639648438 328.408538818359 331.007019042969 330.564880371094 330.757843017578 330.617797851562 326.986633300781 320.535278320312 321.483734130859 328.550567626953 -3.4e+38 330.530487060547 330.868988037109 331.002960205078 331.806732177734
346.469757080078 346.664031982422 345.805877685547 344.951904296875 344.432067871094 344.154174804688 343.487487792969 341.732025146484 341.890594482422 341.853118896484 341.671081542969 341.010498046875 340.310028076172 340.129638671875 338.438323974609 337.957458496094 335.111267089844 330.420745849609 326.322631835938 324.816589355469 324.091186523438 323.666351318359 324.114807128906 324.241271972656 324.705810546875 324.529022216797 330.459991455078 -3.4e+38 330.088745117188 330.189819335938 331.259857177734 331.088287353516 330.734649658203 330.839447021484 330.0068359375 328.438079833984 330.24267578125 328.77685546875 330.253753662109 330.433837890625 328.180084228516 322.072204589844 321.104034423828 328.654571533203 329.914215087891 330.205596923828 330.85595703125 331.012542724609 331.619018554688
