rcp4.5models/CNRM_CM5/sc1gr8.2
NCOLS 261 
NROWS 433 
XLLCORNER 336357.134 
YLLCORNER 654653.479 
CELLSIZE 1000 
NODATA_value -9999 
[rows 308 to 329 of 433, columns 150 to 199 of 261]
134.292496775354 161.271187876217 175.469656270738 178.759384011062 189.146291166378 201.307682667376 177.602187675623 165.027424101162 173.004812331527 191.095792817832 162.822001171146 147.866056512038 139.247160082279 131.237516696068 125.450544100622 121.614844564709 120.567386858684 123.739298313443 125.248220786561 131.740798992905 125.97209273246 124.515961754071 116.085060574218 119.523188957513 119.273022830785 114.339041054616 108.892682571278 105.687290002949 109.184009113842 105.361274669766 81.7819005041369 75.7542337032142 84.0295201916912 107.241079775762 104.624536703384 101.995687856073 100.934735298462 104.260035492331 98.5955267905236 94.0315415868388 91.626061363965 82.018877664835 68.3930890792167 67.2288098281831 67.6808871455691 67.8412315813476 68.8942391753267 71.1407740589998 80.3254649665597 82.5448876696673
126.574773333843 144.241930230622 175.876101888702 179.538355949213 181.936462389852 180.473212789321 162.755927645102 159.534231799108 170.594649158035 182.247034863865 146.273212891234 142.645390630067 139.033020884963 124.83783119437 100.38388421551 97.8805518535152 102.669981635449 124.140655461571 126.048928153296 132.358740941741 125.301262041546 123.385431149377 114.802440948805 115.643834411459 121.588420434233 116.8392516936 107.960959220158 107.230316926826 106.666377422169 103.111674669429 75.6607813874645 73.2392908694727 79.3762783585984 98.4543012735425 106.057375650648 100.563056553615 99.9648930725342 101.306692056393 93.9853526982908 91.4660089322291 92.1205924536092 88.7759219029671 69.4143894623455 66.373278392985 66.9447996634949 70.7629203444503 72.4283913506067 68.4657416038298 73.5005410496395 75.2772229492446
129.919823460829 137.828619571238 172.022828743066 180.362431779705 177.590152763731 164.040855446374 146.357434901847 152.647799387115 164.65009513598 173.939415254959 145.373659940233 141.968970473002 135.477772364462 113.863669690484 86.4026475794064 90.230010753288 107.447054457576 127.193465676189 119.679958248533 130.000446239952 122.99556861844 116.596733300122 111.171344027377 109.305531389678 116.833694532246 119.01278827063 110.97895929852 106.133771488627 105.286022228269 102.884151041896 79.0901661036241 73.2240505129411 74.8651168777455 88.5622259611805 107.155606262837 98.9265260783044 98.152176913891 99.2189597519429 90.7535074298082 87.2866781092788 88.2963826096793 87.9993242927202 68.4140213230357 65.4587731682662 66.5388888677066 71.0014216086638 73.5919836890202 67.0268601292435 69.2928379454382 74.1187801321125
129.127062732367 126.044163989658 145.459871643891 172.213458510765 174.256694053108 159.06425741343 145.195509067042 152.583194116946 164.82069236233 165.180621943542 142.844181546762 138.996954660861 130.152886445714 113.559412356092 97.0714909930182 102.834130426718 122.458383166945 122.26641937358 114.647486646592 120.847370653264 117.24394496814 110.443637089928 113.544078644596 113.23487481981 117.438381504782 120.987232960612 117.408422701655 108.310875767059 101.78125562146 102.947190905867 86.8206801389785 72.9096614083478 73.1644915795094 79.737156361139 94.763778942645 96.6512127838924 96.8601433329014 98.4230813585573 88.9897177830359 84.4920850110213 85.339602778967 84.4285161224979 66.2445369766143 65.6745033314425 65.8138589156697 68.7402319689898 72.0172594933031 66.3371772120765 67.9896715431651 74.9600382537143
127.082076952921 121.637292649482 137.400265743533 163.947783241005 151.173535204015 138.090606013093 149.323253419773 157.199230856344 157.738910188249 153.701275031832 143.113475310649 137.428045794588 131.507745348019 125.701144557508 121.004644939936 122.522407051572 128.539478988947 121.206127857183 112.976577604739 111.526251017593 110.240747100585 106.171092457487 108.412689672844 119.405990411358 115.265570941613 109.22982746974 117.602637599651 113.327930405408 98.6146717118172 99.6791730274585 92.7031814265307 73.9073431033249 75.6378320046236 83.161371187634 93.9400980326854 95.6776805239103 94.7895713794156 94.9286023480477 86.7269109199211 83.0630504146358 84.4881371785444 81.9199342054546 66.9446833613687 66.2702119137674 65.9078164830109 68.3898219299972 70.4161665317527 67.4828236214387 66.4405415282375 70.3052585532219
166.963716933268 124.088444068209 121.646845814416 113.4844236313 115.661047461704 118.21195821248 111.849423238896 125.525368513359 128.888290712191 139.263461688804 132.922312369975 129.087148467499 124.229229907886 126.904928538539 130.406500791147 127.362230789646 122.84290250383 125.719279192487 122.7765207391 102.691465378865 104.566915389998 113.383170158552 116.580202566663 119.770578856458 119.845649661354 118.591041313171 107.860789555951 100.513398456131 107.329822283771 96.6702088068614 102.5362038983 81.6263702867824 74.7649303158772 84.1414647728361 99.3433793405563 94.1059287465898 90.8700254356284 91.1580133109076 84.1412954388916 81.1651588276844 81.2170597238128 73.7830728024142 66.9013886970173 67.8933283990877 66.0818311220556 68.5757580820239 71.8072968119391 64.6666887308853 64.3207969708874 67.5773502274812
158.15861177361 122.074579682586 119.079742700658 126.518580489283 141.010392725677 131.442647745135 105.84530396139 104.903548937892 128.448910028449 138.852860034715 131.932536227236 128.826745430793 125.20768059449 125.867990280207 129.710326614535 127.462497633838 125.853170647734 124.696309034552 120.559566333941 99.8198522086314 99.9985250728215 102.130284416442 106.966685515025 116.71614654122 116.527728302464 119.414963217301 108.615925999684 95.814183494409 107.87124946301 98.556152906172 99.1917414783168 97.8596007095749 81.9402357134477 81.4421569119115 87.202021834172 93.4673937648269 88.5247634391345 89.1282687522045 82.5118946644828 79.5143334986574 80.4384800421068 72.799592516964 66.9871045028436 67.1859156907609 65.6455774373401 66.7960032568768 71.5135149432586 65.4838509649029 63.5511017321017 66.273117500708
151.326795229069 156.226639734158 150.621600969344 149.67854356948 132.762923193781 119.302710908887 106.341318927085 106.305360060129 142.136428150335 138.958628655734 134.802799962421 131.678349804678 125.977238107961 127.238224101879 128.468538054035 124.042079719399 123.484908189774 124.523652796565 116.77035418384 98.1324461548851 97.55782149473 98.5381411567743 102.405947471413 106.51848078036 111.724928578275 119.422594254649 108.736678647726 89.201190146125 97.9492774910693 104.860778875098 94.2424680277272 105.548645291588 98.4405433682871 90.3023019514439 89.2730746069103 95.5963892868071 90.2323256895535 86.1061380902774 79.7371136624526 75.1598649854234 76.9134003129099 71.6703933703929 66.6753828753683 65.61091795878 64.137800842388 64.2965753816092 69.1520686282041 65.0729529597718 63.2488049212459 65.2598566034654
152.518459725095 155.641615139697 147.321198208833 136.437925994938 113.184200659882 116.412012067432 113.696230553531 104.790410712272 139.494177409328 139.136496039852 134.700914630218 128.607592266635 126.269972445424 129.888090705928 127.718601375386 121.618423485116 117.830154694889 119.918214209086 112.470379860766 103.023465927943 97.0577308807968 103.553481668968 108.556731916465 101.431064460549 104.273348891029 113.996001269316 113.19886233691 92.1053569195022 89.7808533550204 111.29416946406 89.6271079065009 101.344517286835 107.599598741969 96.434407945863 99.5993803915128 91.8039406182389 89.0283375272195 81.2267890791908 76.009187835578 71.2824359237706 72.5595326122025 69.8976474938692 64.504828593238 63.7576493300352 62.2141527274182 62.1629768521912 66.3419562800546 63.8597960696391 63.0120683662649 63.8503257388415
129.582103663542 123.05756712938 117.587686037609 117.180023834739 124.849154925779 132.286972130147 134.511654010327 124.536827637136 138.35979381823 133.859922657146 128.862165219425 125.027492413286 123.997617439204 117.87004884269 119.836193318588 119.206182258725 114.911073038925 112.233650584858 110.03691377654 107.685300742264 97.9061744245506 103.716823220412 115.34161177903 111.236894875142 109.878423235131 111.192736220481 113.077112073401 100.862392207475 96.5811913830473 110.747982854235 88.5698408796257 95.377474253165 104.177665336595 95.1945549374121 101.057385481453 84.2526608679252 83.146358549939 78.5666457310924 72.0650159639393 69.0962002451959 69.9466495050089 66.7271809604 62.1407094407406 63.2971908138279 61.6840638220061 60.0443950092316 64.7234182597578 64.9054398762237 65.785723904172 64.8805350620559
137.591044601154 133.628628062059 130.236871160815 130.164697112845 135.38129293498 137.080302946425 140.821503406464 139.768260082873 138.351301876051 131.503257628951 130.718046311041 128.172604773439 118.678926826947 99.9001395855244 102.161317830401 108.606982207381 113.140649313404 108.303285320492 110.78449650099 104.468336785772 98.2397011465885 99.2136578692462 108.998898921509 109.59337520832 97.9676422771827 97.1476256038762 93.9433689490346 99.2449130087479 110.197667246354 102.490866523511 91.6482818508866 99.9469336958174 103.359176604097 91.0716400554174 95.5802180323317 86.0028923053649 82.1190844902561 77.715906968831 71.9884054339884 68.4150862350368 69.1617123455951 63.9025630722046 60.5278383192537 62.9516695463232 61.8442707266907 58.8776614088826 63.3858140526403 64.1243601781883 65.562015681938 67.265543812201
146.6476648829 141.739297631315 140.873363226718 139.359232314086 135.14766278833 135.671060186799 134.233663742255 129.555863899959 138.5407882882 132.569978883611 125.918426841209 118.669660433368 109.687685822877 93.5344002662091 97.5430443139258 112.694380577413 116.016811181173 109.880484616211 112.456038081142 109.34555971896 100.770284533699 99.8247415558903 107.338621015496 104.525061915147 79.8429874004895 88.3002097599151 91.7966131382658 96.488833407914 117.269540218498 104.823537854051 95.7439701451179 108.405957061442 101.398605305472 97.5989027442035 92.2133073147049 91.6319997976104 84.5675470163893 78.3591943893741 73.8299138258511 69.3356004989417 67.7076456727894 63.0669729106979 59.0457221198128 60.5176966478031 59.8268609506055 57.658547695079 60.9444780585608 61.0949015119492 61.797000512133 64.5888943039022
140.325131976404 135.864750856457 139.014229563798 133.340142126196 124.227142715237 128.783958094765 126.236899485992 120.025621482866 137.80962525587 130.488742473888 114.03192219605 99.4489216574951 96.2202279454842 91.1076930246898 101.52564154995 118.244524883637 111.400181358724 113.084241791297 109.848340371939 116.533897806455 108.142195814691 100.365925580796 108.981306833711 109.109998425056 85.7516333640442 92.8687030053821 102.699462921812 88.0972942073445 115.416327026764 112.924822062559 96.7859374223442 102.429665300515 95.017942179728 98.3893840091463 87.3561212305694 89.9305734772001 83.2610143477947 76.3701237538798 72.6790906823035 69.0734329788128 65.4837066171575 62.9815685086425 58.5120851543024 58.0453441488482 56.6462972913752 55.5856090772643 57.467416762569 59.3492057227657 60.172856023485 60.0209947895618
135.492533839941 130.954982089818 133.441875568886 124.245959440121 113.116401789517 116.46984255311 118.299254988734 117.241857513006 134.848720034369 125.030895534402 106.742969904676 91.2123474560269 88.9018513448369 88.2933780432334 96.4304212211467 104.470629414569 99.9943842669672 113.391578107291 106.313202661061 109.692399832746 109.884024559943 107.459744200636 110.574759237763 112.205567631442 91.9192457060014 88.6590419836185 107.845060236599 87.8759771327075 98.5205749914742 116.107923399568 104.867397269521 94.9555833193756 86.0436603934226 85.1282670231688 79.6298895524502 81.7329792405493 79.3022398081635 73.4239185219876 70.7792757276792 67.2631696902532 64.0140907293812 61.482622314107 58.0066015632715 56.6316615813973 55.766875536346 54.5597761448875 56.6069880463388 59.2330140028792 59.3946490409739 57.1481752490577
141.519490993353 132.632866784726 130.698905162837 121.503198102523 110.770477729626 113.338131400223 117.545491869461 120.097458155765 134.086313791419 120.703178196116 97.0818256088502 88.704674618766 89.3693408415107 90.3296985152312 90.7304082132755 91.1328006430866 90.0738059027944 101.784423212703 110.448105750996 105.771033500953 111.789762923641 115.683979126461 111.147701100199 99.2982271676467 84.3704281422645 80.3263134111415 95.5700129157774 88.3897397799623 84.3118260780052 112.323519116233 107.427606188747 96.9783803554875 81.7208931973996 78.0216758028701 76.1793615160492 76.1360142407666 75.3034404195489 71.7743263110343 69.5534993741152 66.0980250463882 63.3263648567553 59.5171619123494 57.4809532701815 57.1010094717748 57.6043092668978 54.6120604003815 56.5594440128799 58.618668056885 58.4216787160167 55.0458619087757
142.272933573755 136.662910542242 135.446282146522 128.481297496596 117.165559179706 125.002500907638 127.240960564185 128.413685505835 133.426561448466 117.797586360883 91.8782532099046 86.7890737989105 89.3892540868779 92.2542770557776 87.323163112734 84.7628807962409 81.7830297855335 86.518180309948 102.28078781236 111.737607675392 114.372912181728 115.375652255237 102.379660676488 81.4243235238849 81.9397583558692 79.5611195657492 77.5163248389239 81.3999142812985 90.3262736979059 103.320693728744 104.244723171271 93.6719733850687 83.140922385514 75.6254572224415 74.1963529519338 73.4634687664227 72.5790064697868 70.7138246334971 68.8749382311778 66.1180094853867 63.0091403784141 59.5788236160593 58.2558633993911 58.3952564289503 57.2632304129805 53.5767562159851 54.6826537858156 57.0618958432002 57.1214423109295 54.7501674963119
132.685521611314 129.529116405951 131.298311214948 134.400971938387 128.905811964265 131.990535134721 125.006723492199 123.777647430096 126.324547921824 115.354430852177 90.6854187255043 86.5954416037835 87.7016129941785 88.8870118859227 84.9309537497258 82.549732655335 79.7629272347356 80.4824743972862 85.6112768284401 109.22185424739 108.953525042307 111.312510701715 101.18255990661 78.9191401255379 82.7559927680258 82.9380026683593 75.3633177392074 82.2646451312093 98.0769132324026 99.2868337011175 104.47478022264 86.0951810504283 79.174949629617 74.3570415391754 72.6767559790141 71.6209678771043 71.3285343060065 69.8557082214892 68.2010373223211 65.703222371469 62.115898148842 60.6734402743573 57.8596904244347 57.1112277182293 54.330349297221 52.1907613851872 52.9641702454113 55.6184948691945 55.8059440144001 54.348383224051
125.787774041583 124.871404684147 120.146343034847 116.740827308303 114.690975625567 110.839289292444 98.3448729048402 95.7542184836243 119.197655844938 108.180952683546 96.3176052057155 87.891000247378 84.6151657484291 84.6358232254746 89.2260783711575 99.500838044907 105.442122169182 101.121045618957 101.837240211822 111.736152672083 108.801495931803 108.312269378477 109.098490793586 101.408004375967 92.2163060892332 73.4058741750222 77.1436752478692 85.453137648426 101.845605494712 98.1030463384188 79.3342883859369 80.5723889935421 77.4737426558232 71.4265023018105 69.3366820604058 68.3185605245918 68.1488606877693 67.2454835805245 65.1381943768578 64.7208690059192 61.7738266894443 59.8023167382603 55.4618790308817 54.2207431003987 53.085095669533 51.8003806642749 51.0949519248313 52.7649628825517 53.1260499945007 51.7939343886502
123.67053782807 121.129254907879 115.802868514933 106.837438972839 105.242602331405 104.838253024271 98.3412331600122 96.101698958552 109.496732057583 98.7064646929832 93.7367174287474 88.0569167602655 84.0472146644366 83.5963036173391 85.3232936101095 92.1525532488114 100.638574054869 106.660120324112 111.943457140903 109.733643574359 107.315391848041 101.920261701757 107.459948198377 108.519089881501 97.2344501724822 72.0588848614501 72.5259980288541 74.0048346020525 81.7627985835761 89.6863701775812 75.0101294157558 73.4091108466097 73.8658181677147 70.2198387775664 68.12689961376 66.8279604486968 66.4238109317121 64.847460239075 62.4711011877227 62.8926482352218 60.7775646424653 58.1141115116305 55.1529490939329 54.5150441695804 52.6375977553767 51.1318873253572 50.0569177116958 51.1304120226284 52.1957042822754 50.714284097568
124.572258289738 119.549590993947 113.164702869278 108.293645171776 104.420952296409 100.517939157998 97.2507191479655 97.0079754557471 104.326104323239 93.2086344627022 89.6622708831346 86.5682040864813 84.123886282969 83.6023726245224 82.5869611148471 81.4035924262209 89.205176454048 102.254293191432 103.781565476099 107.513930050969 105.068817762201 102.482198722476 104.496959024261 103.306487959826 90.6239648242811 73.5068572191197 72.2418099690831 74.2708058060161 77.9951412711604 89.6938370431835 74.4534838623385 71.4671729446742 69.8518892995086 68.9244593382656 67.2096735378362 64.8600579044252 63.890944458481 61.83265863808 59.8723963748833 59.535106225824 58.5458554720782 56.5639083540484 54.8186818521201 55.3772094350007 52.7846957276692 51.9532544562095 49.3772076672913 50.3937396116515 50.9339312915295 49.5627256630765
128.356552293942 121.211107498199 113.67265013189 110.464049739586 105.867282031162 101.159436115254 97.7134370274882 97.7587234494248 104.988088173228 100.305909840493 91.7460579956233 86.5980893330894 84.2604184391743 82.8820811411121 81.7192990711535 85.6546866501277 100.19091327713 103.095219070032 96.5164241964574 99.9244985094272 102.295093414236 99.6860487983824 99.9086348245459 94.80387232368 84.0013017219249 73.4662834300408 74.1526351156878 83.6894333848591 93.1895787026457 93.8874530987868 73.1033183805619 70.4823457110374 68.6930074812852 67.3590906248501 65.6785034002802 63.7989832311718 62.5482918316242 60.4760823381745 58.7584106684711 57.7142090042167 56.3869836221843 55.534481761548 56.0767741149268 55.9785656902134 54.4420903339539 53.7489733890562 48.9110115716895 50.4142859142471 50.8701139477294 48.6550692808597
128.890530368301 122.509707122421 116.97916896043 111.110339149062 106.820283730382 102.623838149144 99.6627992307376 97.9578117108383 98.9665528777765 99.6699207878854 95.1637169944225 90.2849324450234 87.8894252983901 83.33388360763 82.5398458972413 91.4563912141052 105.537910626928 95.481975003788 91.4011949383432 93.5625155471057 91.8292515553576 89.1604985305299 94.2655713063156 98.0766092760729 91.4601860562587 76.0407606053861 75.9161883352633 88.8779997014221 98.8821446128017 85.4231636386995 74.5555911849954 69.4698631970959 67.5746409479155 66.3138907904391 65.0915197588373 64.3715226338026 62.7768606507189 60.8254629420837 59.1751785100444 57.3995346570744 55.0845408351833 54.4876740116594 56.9463074308621 56.3743346194499 55.7170686845786 54.086979691454 48.5470480672548 49.58443800321 49.9252381249216 48.2729384417528
