rcp4.5models/CNRM_CM5/sc1gr1.5
NCOLS 261 
NROWS 433 
XLLCORNER 336357.134 
YLLCORNER 654653.479 
CELLSIZE 1000 
NODATA_value -9999 
[rows 110 to 131 of 433, columns 100 to 149 of 261]
58.1011717138939 58.0762684688715 58.2308759442579 58.0076292850188 58.3576216724069 58.4232637099945 58.6375481539656 58.7130760479139 58.7677164613556 58.6590575764154 58.4957410171347 58.9315801416623 59.1104280242773 59.0144594970068 58.8942742138406 58.7932024768189 58.7363750120053 58.8192323125568 58.7001162856606 58.7656798694091 58.7041155646958 59.1350618647581 59.131836336462 59.0503610224802 58.614107265857 58.8670078023995 58.6724724778209 58.5345033138312 58.1600609263873 58.2605074435687 58.4176273055378 58.3710333016519 58.1691643134698 57.8566358668249 57.6104191253922 57.8990377355667 57.7616683133584 57.6692128656708 57.3510875287 57.5786660237415 57.5683986604627 57.4333816625442 57.6160858972209 57.0482490900345 56.8658905943982 57.0266665197354 56.3840434359901 56.5485341159548 56.186227197665 56.1057760975498
57.8178144872274 58.13751241238 58.0761595404229 58.2064370948146 58.4795387215232 58.5120701151367 58.4002550755122 58.4957253911994 58.6111604984488 58.6129100186208 58.6513473605518 58.8425148861726 58.9309778112013 58.9144433838397 59.2436783648985 59.0619573890158 58.8432439060412 58.8668629791818 59.0717278104214 59.2264269345369 58.8787733447618 59.1956402463578 59.3287561744862 59.0864311633821 58.9352617994073 58.9785126971827 59.0116623112157 58.7974152227641 58.2809351447377 58.4757301805906 58.370161894564 58.2591697949683 58.2138771073449 57.8780128137965 57.8009064737548 58.0307302523509 58.0304064731599 57.9674833211111 57.7019936657899 57.6419301781019 57.5048135534727 57.5862033463349 57.7258717717161 57.3483880675523 57.0420634484565 56.9819098288901 56.405198709008 56.523595368614 56.3410972015324 56.3085924638179
58.1641198462955 58.3213239142825 58.6062382609142 58.6044213813996 58.7457930885548 58.7175470345317 58.4107649025822 58.5779137028234 58.7954241908447 58.7705099942158 58.7347679231257 58.6398502448685 58.9831633083745 -9999 59.3106694216573 59.1276609444271 59.2279849821949 59.1451912312677 59.1134800948167 59.219588357288 59.3388713210525 59.1881391532673 59.2687184571458 59.1043327457155 59.1192882743963 58.8416997137031 59.0016808070635 58.9584117977861 58.6205592467229 58.443876523019 58.3403237902757 58.1176473470696 57.9690506892145 57.9560472040562 57.9070091064799 58.0432747300954 58.2677572153656 58.0355061130242 57.798785307202 57.7446403870986 57.412207911396 57.4663808842733 57.366736702922 57.2573976547207 57.2213863974629 57.0461057731314 56.5229232971634 56.641842472437 56.4569290650816 56.4097850738036
58.2143759685811 58.4693440337745 58.6385140149509 58.6705936105732 58.8235954621017 58.7738485995097 58.7576095567744 58.8738224188621 58.9178055269935 59.0263390177579 58.7344993716003 58.7054604860043 59.1127743033532 58.9992664828321 59.0700998514936 59.0047775590939 59.2625337105837 59.3705068959728 59.1153706356559 59.2008893356609 59.4814205962775 59.1402812261782 59.0356193898302 59.0209097174665 59.2161173260954 58.9759079027589 58.8935647609269 59.028905662256 58.7105917121759 58.6173166842418 58.2963287271743 58.2821553269607 58.0994974592405 58.1314507226129 57.9825534165973 -9999 -9999 -9999 -9999 57.7832019723938 57.4139664093542 57.4702447256258 57.241098678346 57.1649963632919 57.1844739932855 56.9642687793573 56.5907278205091 56.6816156639975 56.4657223510078 56.298168196775
58.1434510388471 58.536872678085 58.6353239373154 58.5817719491444 58.7894550373865 59.0040023921144 58.9281110978346 58.9564085175015 58.962504388643 59.0197453069802 58.9587695247795 59.2905281436605 59.2577618895009 59.1550602265109 59.0237038285131 59.1168157249797 59.3008935843023 59.2768764636394 59.2463846021467 59.2641765805705 59.3006456422446 59.2751475843706 59.0231285585136 58.938560045957 59.3156667429228 59.2989675722225 59.0920369090129 58.9771112050084 59.0673512484804 58.9031807098204 58.4574735236801 58.567542392779 58.4734289713287 58.1012140505434 -9999 -9999 -9999 -9999 -9999 57.8541792625556 57.4758864051461 57.4254316120273 57.2602615510568 57.2764132915523 57.3110519504034 56.9233184403052 56.6823320296307 56.8452252219971 56.718171593959 56.3862509935306
58.477231204846 58.5749834045442 58.7358448580651 58.7671492607025 58.640448815087 58.7351333836204 59.0648171600201 59.1037143593823 58.8399547291548 59.203417173336 59.0357470225497 58.9207694527515 59.5820095638901 59.4143240515754 59.640502995248 59.4778630505873 59.4338308871349 59.4125333416664 59.2966189692969 59.4261573705487 59.4320136958282 59.544852178374 59.3320808922402 59.0850228985251 59.1008587777745 59.339261554883 58.7156989566093 58.6321434988129 59.145439200716 58.8812117757715 58.7940796366842 58.7007102321769 58.7242606471716 58.4257378430418 58.0510227709009 57.8771982013238 57.819090705432 57.7912139722413 57.8258018247098 57.6196700703812 57.3965047553976 57.5768569759877 57.7459937989384 57.1628000552297 57.3295754729403 57.327222561062 56.8672191417384 56.9636849884154 56.9145778259154 56.7076062275704
58.5750164648098 58.5831425742163 58.8067601483864 58.8347812843397 58.8483568706915 59.0313485559833 58.9623926828296 59.1364620149713 59.2068165847661 59.5694795503129 59.5839563018035 59.365532118286 59.4026619176559 59.3784632351864 59.6922114784647 59.7044494122087 59.5100430257605 59.6344017971424 59.4865570092864 59.4312880506744 59.3052547082724 59.4483859696707 59.4701242768146 59.4524057902216 59.2138038817025 59.3719951163459 58.9385446526666 58.5839358273597 58.7685239497049 59.1092007949201 58.7348701089388 58.6194853364725 58.5632004458695 58.5190731080665 58.036680564688 57.9912574847224 57.8227773251987 57.8815883523125 57.7850360386828 57.9094982365348 57.5963453038026 57.3691854917544 57.5744111646869 57.1184760335991 57.4208228279435 57.3231307337349 56.6275546463874 56.7791906796674 56.8153075962284 56.7912120100966
58.6193091832741 58.6722597123125 58.6148931167131 59.0482895249207 59.3299268675232 59.219844375278 58.9660910938924 59.3435898184678 59.5230531879972 59.6733982726944 59.4920560402264 59.5837656154911 59.2893879109689 59.4583176397036 59.5303995219728 59.6283601986935 59.1607420928273 59.3940067282877 59.4637981659959 59.5657606172081 -9999 59.2093708762391 59.4606870629261 59.5198888851169 59.4803502247954 59.2273903465705 59.038095259151 58.7740746235256 58.598162345684 59.0833617639515 58.6794282813097 58.7996737886484 58.6177078808123 58.4565703662581 58.0942692401988 58.0656525286368 57.9680472517166 57.9041640977885 57.7752218122243 57.774917318586 57.5345290277826 57.1395863553601 57.4106769040593 57.1101526187181 57.1647357831068 57.1373203578305 56.6330535463354 56.7673444816965 56.8832796228845 56.791408911896
58.6473117123115 58.8275867670627 58.9168466980451 59.2624046898237 59.333541415278 59.3430274282755 59.171699081691 59.4357996818699 59.3105295546208 59.4098351199468 59.6127890440363 59.6915282706877 59.6287238560908 59.6470175923228 59.5718260800111 59.5743931642822 59.0958157300228 59.0581658045657 59.437881594136 59.6064008840596 59.5043958679546 59.3939248139092 59.3412555765145 59.5040219897926 59.4055073884819 59.3646896719831 59.2277880187574 58.8358033365197 58.8256910831567 58.8701524756311 58.7614256017965 58.831113542001 58.7432208873382 58.5157267251479 58.3954213857363 58.0748578812395 58.0079738849859 57.8377327332531 57.8770574330836 57.8175901500411 57.3521957981715 57.117992903502 57.3286081858332 57.2213161009331 57.2337146459071 57.3631003711899 56.8740089394838 56.712045947359 56.8508340503773 56.7543276499412
58.8967786600318 59.0643061347045 59.2424481063136 59.2316775838776 59.3723721327544 59.50837799899 59.268262602625 59.5272492253168 59.4137141533415 59.5550287123665 59.710052305748 59.5844130387668 59.9413647865112 59.6697821439518 59.3895343119757 59.6859326886077 59.4743137000685 59.516693744872 59.5885297849634 59.7054798734722 59.7105420089944 59.5436383490948 59.4624593639484 59.5422988293632 59.1078878164522 59.291271142135 59.2576342005407 58.9866540642446 59.1201124860923 58.7930411136064 59.0768895203949 59.0452969481978 58.9136632044516 58.6542981882198 58.3246130950471 58.1517495042902 58.0251857919838 57.8643662257688 57.9278817079059 57.8820966267322 57.7317378218533 57.5647044932848 57.4247570605854 57.2680431787281 57.2277840558332 57.4464874663999 56.7849608606968 56.7564118160538 56.629106109226 56.5772866798254
58.7348691018815 58.995491110462 59.0340961702938 59.120109134125 59.0387600045752 59.4379780642199 59.275868318335 59.5537232484843 59.5756665559191 59.7161013066486 59.5394281742502 59.399304482143 60.002327476799 -9999 59.3205709873812 59.7322355633158 59.3117223208178 59.8599067623902 59.4788376414812 59.7709705671713 59.9325924388601 59.6324761109632 59.5182964322398 59.6138103218605 59.1949764059433 59.2808843924799 59.122849934538 59.0142644145976 59.2110590058596 59.0018419665778 59.0500836177622 58.887205761282 58.7220446217996 58.507104376855 58.270300078199 58.51576548896 58.4648011541269 58.0883895984264 57.7010656623976 57.6016064448649 57.7450608046214 57.6117627236219 57.4070817046722 57.5154895883636 57.2160695060299 57.1618359390681 56.6770282899057 56.7726129279942 56.7642607708235 56.4674220628171
58.861046136348 58.9387435496102 58.9844360563413 59.0489650475269 59.0579073793377 59.357885282231 59.420736325691 59.4101821038168 59.5708332839857 59.6371639219553 59.4598900543278 59.4045621546548 59.6697173923166 59.8563165790503 59.6249378979718 59.7032987719452 59.553543501831 59.6833159830351 59.3684080112799 59.5454483009618 60.0637932986782 59.7287109814877 59.595901281072 59.6206812842813 59.3359831647698 59.4023581593611 59.1194828373839 58.8752425162986 58.9235412373019 58.8418122105357 58.7616357054941 58.7300753651192 58.8354891197974 58.7612695390144 58.5187514302055 58.6596469530898 58.3864774809905 57.9989989887832 57.6773175981133 57.5147236302059 57.5986067362807 57.4084602173839 57.3199427655171 57.3822863267961 57.1463114253884 57.1133329387657 57.149409485163 56.7069611507346 56.7883809520453 56.5440081257862
58.7573429464075 59.0078681536688 59.0988451621714 59.0624551431687 58.9494314999392 59.3247450586359 59.3715699480237 59.4851063646318 59.7247988343107 59.7166845970544 59.5635391222721 59.2677098318691 59.6590750574712 59.7388513279869 59.6040232407636 59.7084189580109 59.8762017826804 59.6318954137778 59.4729440504169 59.676646944215 59.9546219971275 59.6221389471144 59.6115318765399 59.4585935908048 59.3077961242003 59.3443892080034 59.128804853853 58.938047507034 58.783455260032 58.9074477219517 58.7895213669935 58.8222692323479 59.0751321379051 59.029199577414 58.7909071280853 58.3852568145039 58.1558387295819 57.8499101199708 57.8701608492154 57.7086937137283 57.6069099068603 57.4977719747082 57.4528509078876 57.25834183668 -9999 -9999 57.173354539889 -9999 56.7141578950147 56.5446280843115
58.9983912839538 58.9799758803735 59.0513119897943 59.2582684265448 59.134554855538 59.0618916225417 59.1211497990129 59.3588318981794 59.7732231239663 59.6806274881123 59.4240479888141 59.2984152264492 59.8082679344098 59.7235205463098 59.7451991205908 59.8930639810922 59.6947661370002 59.6731480887584 59.6351407059658 59.7329917570805 59.7446001860959 59.6696966735789 59.6164614323558 59.2919871675432 59.2865410790523 59.1208679535657 59.169378406792 59.065119162439 59.0636703150362 59.1021200608286 58.8535170907491 58.7325405809517 58.7496989009164 58.7990722438131 58.9663397171547 58.4511369824766 58.2622899183461 57.9688407876849 57.7766598637361 57.7281088112498 57.7707161000543 57.6444747689463 57.737429154123 57.6695573975811 57.3804313559119 -9999 -9999 56.7796946155735 56.7107726998803 56.498441540434
59.042420511192 58.8903572137564 59.0153575828217 59.2710843408896 59.4292906963739 59.274101564624 59.1814939157588 59.4165030108659 59.6827070548093 59.5979877149363 59.2556364497735 59.4872654367393 60.035896946649 59.9130307752967 59.700382069652 59.8940438464685 59.744613101827 59.6553218268356 59.6605531304861 59.7224509358052 59.6448123101797 59.7830792672632 59.5276577686517 59.2694985662535 59.2573951407437 59.1342701030195 59.1948599676226 59.0605088383069 59.0013925044761 58.8367761279112 58.7687391633032 58.9787117022163 58.8078147681821 58.7308735861158 58.60236273299 58.6247270995701 58.375789416104 58.0915210840058 57.7269716002309 57.8978176864821 58.1153175092906 57.6707312744807 57.7107790085158 57.5694193848057 -9999 57.1315918856348 -9999 56.5864487331493 56.8178264708682 56.807822344401
58.8206149077385 58.8411395288034 58.947352692424 59.142343490758 59.3957032168126 59.2941652633716 59.3050942471663 59.4648598609771 59.5190623416624 59.415502521389 59.1095781064971 59.5710016812874 59.5897444780693 59.6951767792954 59.798032735555 59.962836920744 59.9089602611577 59.9474357175941 59.6546377374724 59.7675038452969 59.7190891451281 59.8740268234584 59.7402716611992 59.3300136584787 59.3552201161202 59.1610599139133 59.2517242962697 59.2793361726688 58.8934077494279 58.7044622164595 58.82676376117 59.2405621042524 58.9802286277286 58.5797728343005 58.4786960313918 58.2841440538343 58.2265444048741 58.0662628717871 57.7929719702595 58.1179325223528 58.3633552446302 57.9656819333164 57.7321139120762 57.2984356063173 57.077644628251 57.0960255343334 57.032951582542 56.6010051068019 56.9505913701349 57.1345407352625
-9999 -9999 58.945975479926 59.1199469274156 59.292858714887 59.5716064198015 59.4049249379106 59.323015936493 59.3171087940808 59.4856791781232 59.8469482558676 59.4459021421871 59.9108560300176 59.5952781769156 59.7529271653684 59.598861303177 59.6700673406706 59.9884352782004 59.6828713366884 59.8469969747379 60.0113618623487 59.6858180648367 59.4862867449858 59.523511747897 59.4666831578118 59.3164938740376 59.1304221087776 59.4782386053388 59.0625276707134 58.9119025092883 59.0489238867382 59.0089578610339 58.6885303385671 58.8168021368107 58.808154049713 58.517751286417 58.6836034073999 58.2175593842322 57.9366338793036 58.2541959431914 58.0565452658637 57.6416797171699 57.7792047865477 57.5046061257856 57.3739111918116 57.3974871495532 56.9775297554661 57.272196648826 57.3279598346381 57.0286495788013
-9999 58.7958387792971 58.816651740759 58.982690911776 59.2737978479609 59.7823248559766 59.6190238414737 59.2089891460177 59.7353692271401 59.7074045605132 59.4484519707357 59.3736653909222 59.6846155999884 59.6946855213903 59.7004827216792 59.6053711758383 59.8395346237348 59.8648368021347 59.6497541279375 59.9827459261027 60.0811877840726 59.787694290673 59.5636916823557 59.411377910333 59.4073298884408 59.2204580297343 59.1956676854078 59.4038989324662 59.0483584990655 58.9616361443263 58.8940591438789 58.7518118690739 58.5266655797495 58.4846950489757 58.4425704611105 58.475413835667 58.7878022383894 58.4727809206284 58.0948730215438 58.3314430449601 58.0325444778245 57.6100146903647 57.6021046820445 57.5539397935745 57.4648271096417 57.5561254932804 56.9425454187252 56.9395423893926 56.8645187757475 56.7968396963502
59.0492272324954 59.0262540902659 58.7905376883361 59.0920063328494 59.3481437819094 59.3529810617013 59.6916197376816 59.1903911434186 59.5402133052763 59.6814500738108 59.601103111437 59.309804769812 59.9363774087951 59.8153664665871 59.7611466986305 59.9757391819706 59.8494051205049 59.9408325873048 59.8574935181023 59.93341049102 59.8753654356776 59.8607203219215 59.5664841885875 59.4895561810836 59.5164370430722 59.0872863618422 59.2709076081415 59.5561237646315 59.3228271022163 58.9672129522931 59.1406479302669 58.9462857728205 58.344828713833 58.2199963884768 58.2504192559582 58.6273451280615 58.8334642529267 58.7455684419067 58.4406407569114 58.2819998353377 57.8769248322686 57.6285075477328 57.5051847085213 57.6124619016489 57.466593395677 57.4811493722484 56.9605076806977 56.8231250518705 56.632557303532 56.5806250769131
58.9803569241169 59.2689167117902 59.1783687605067 59.1183406572066 59.0871459476701 58.9492182784712 59.3425909719911 59.2969586479384 59.0281393814247 59.2749616198258 59.6600894733646 59.5197225525379 59.9191919156625 59.7397387054255 59.6976450365385 59.8038741922972 59.8082560505985 59.9177159967286 59.9555320396002 59.6348097489147 59.7609876113525 59.8660571773463 59.574655163784 59.4255459240856 59.4648984223185 59.2294759622712 59.19396097785 59.3579591990619 59.2822059192347 59.058989188425 59.4694076902819 59.1193071129757 58.4588541682352 58.2664157294324 58.2607564448057 58.3959383489681 58.4121007429502 58.7527648328223 58.3633155374443 58.1131632827055 57.9668604676771 57.9677589429594 57.6309622168315 57.955965153757 57.6973315803157 57.5969012042901 57.3858297491001 57.1868238796913 56.9764347211715 56.6245070668247
58.839268325889 59.2523546565238 59.1851947820863 59.2073952667053 59.0999524266286 59.3853349041926 59.4274436889172 59.4042930072397 59.1757310788258 59.3389255085048 59.7117384105718 59.8723636514916 59.6669622632051 59.6645800610078 59.9213318755178 59.9782165968753 59.8043408791831 59.9695406177629 59.9235518677438 59.6708264406569 59.774558268865 59.8580653382677 59.6169092708459 59.4567771064583 59.4497902830536 59.3889207006385 59.1805518229748 59.1380154744517 59.2598623083559 58.953448774299 59.1222611369914 59.0910384660066 58.5685147009964 58.4970584341931 58.3080801348098 58.2300363911157 58.1206799917153 58.5092560048917 58.15708851031 57.9804829134921 58.0547262421142 58.2027704189986 57.7115345099457 58.0183812462021 57.7544971548488 57.8003754701726 57.577820940692 57.2870982416438 57.3204680112092 57.1646640190553
58.8290437119814 59.1933656172072 59.1679387671575 59.2891065954124 59.1142110152332 59.4096820603563 59.5813949530092 59.3662058556752 59.3484995502913 59.6447467428091 59.769315218669 59.8002304375839 59.5496123786446 59.6244388734812 60.0276012586381 59.9685448228926 59.9457383151202 59.847737439305 59.8401672124905 59.7730899484167 59.910856680166 59.8163995164999 59.6404416968614 59.7238695651642 59.505008613842 59.385181475594 59.1655196183735 59.1394613457327 59.3111297593083 58.792323535948 58.8557524155283 59.3075663492894 58.8549218324578 58.768161453774 58.2991441694659 58.6032235521783 58.1237149196217 58.2086122247171 58.5502510072168 58.2685084637104 57.964046610355 57.9736520378857 57.5923539527961 57.6676113890745 57.6313081075446 57.5982783390568 57.2466566354845 57.0868173191882 56.9717806114323 56.9049896208525
