rcp4.5models/CNRM_CM5/sc1gr4.29
NCOLS 261 
NROWS 433 
XLLCORNER 336357.134 
YLLCORNER 654653.479 
CELLSIZE 1000 
NODATA_value -3.4e+38 
[rows 352 to 373 of 433, columns 49 to 97 of 261]
271.963012695312 272.563842773438 273.237335205078 273.207275390625 273.104431152344 273.191070556641 273.103637695312 273.020690917969 273.108215332031 273.351837158203 273.285858154297 273.646820068359 273.478515625 273.461486816406 273.668487548828 273.631713867188 273.722808837891 273.744323730469 272.186157226562 273.200347900391 273.652282714844 273.386383056641 273.316253662109 273.425964355469 273.721038818359 271.847259521484 272.221038818359 270.587310791016 268.496215820312 268.882568359375 267.923614501953 266.792694091797 262.921356201172 258.331176757812 257.972900390625 263.279388427734 269.791564941406 270.498504638672 270.215606689453 264.621917724609 251.661346435547 266.527130126953 272.933776855469 273.619873046875 273.908752441406 274.127288818359 274.815979003906 273.667816162109 271.204925537109
272.564971923828 272.796691894531 273.225646972656 273.062774658203 272.885772705078 273.242065429688 273.500549316406 272.7880859375 272.800872802734 273.115386962891 273.331207275391 273.637329101562 273.598693847656 273.508361816406 273.534515380859 273.264923095703 273.401458740234 273.557159423828 273.053527832031 273.956390380859 273.738586425781 273.534423828125 272.933837890625 273.112884521484 273.763000488281 273.544158935547 273.470306396484 273.783935546875 273.885986328125 269.453674316406 267.682708740234 267.987823486328 268.0087890625 262.343811035156 256.948822021484 258.536499023438 265.220886230469 270.527648925781 272.082641601562 267.975189208984 253.961959838867 259.043579101562 269.075134277344 273.096496582031 272.654418945312 272.415313720703 274.159820556641 274.742919921875 271.230804443359
272.781158447266 272.975433349609 273.158081054688 273.121368408203 273.000549316406 273.003631591797 273.091827392578 273.063537597656 273.211303710938 273.169189453125 273.364776611328 273.410614013672 273.511169433594 273.650238037109 273.341552734375 273.192016601562 273.255798339844 273.398956298828 273.107208251953 273.490936279297 273.771118164062 273.77783203125 273.327850341797 272.351928710938 272.4921875 273.451782226562 273.692504882812 273.348175048828 273.493865966797 268.910308837891 266.852874755859 268.725433349609 269.498443603516 263.526397705078 256.951934814453 255.345169067383 257.582336425781 264.363830566406 270.513763427734 269.546447753906 260.249877929688 245.161422729492 259.836181640625 271.015045166016 273.32373046875 270.101379394531 270.43798828125 273.752960205078 271.591705322266
272.513977050781 272.935119628906 273.260040283203 273.226440429688 272.996612548828 272.8671875 273.018859863281 273.131622314453 273.245941162109 273.237182617188 273.301177978516 273.153015136719 273.173187255859 273.559509277344 273.537536621094 273.147888183594 272.875732421875 273.222412109375 271.575134277344 272.1640625 273.687866210938 273.751251220703 273.871978759766 272.890350341797 272.569519042969 273.501586914062 273.993591308594 273.399353027344 273.437561035156 272.300262451172 269.427185058594 270.541839599609 271.795532226562 268.405700683594 265.814819335938 257.978393554688 252.995269775391 256.688110351562 263.868194580078 269.385223388672 265.132476806641 238.695938110352 244.839767456055 260.750854492188 270.866516113281 269.366760253906 267.161010742188 269.501922607422 270.646697998047
272.320587158203 272.862609863281 273.205841064453 273.0400390625 273.104248046875 272.570709228516 272.267364501953 273.119934082031 273.006988525391 272.977661132812 272.586486816406 272.956726074219 273.087707519531 273.083068847656 273.144592285156 272.110321044922 272.204162597656 272.784973144531 271.072570800781 271.846405029297 273.402679443359 272.577545166016 271.644378662109 272.193450927734 273.175842285156 273.164123535156 273.655395507812 273.901153564453 273.693908691406 273.314361572266 271.132507324219 269.767364501953 269.027404785156 267.787506103516 268.69189453125 265.275604248047 260.691284179688 259.538635253906 261.780883789062 268.144226074219 269.461944580078 246.223663330078 239.223098754883 249.453918457031 263.536956787109 267.67724609375 265.242126464844 264.632385253906 267.663696289062
272.648284912109 272.9833984375 273.061401367188 272.950347900391 273.2890625 272.656494140625 271.893463134766 273.128082275391 272.977020263672 272.729400634766 272.517333984375 273.156677246094 273.183135986328 271.267761230469 271.637329101562 271.783569335938 271.292785644531 272.086669921875 271.490631103516 271.917449951172 272.454986572266 272.567535400391 268.94482421875 269.825317382812 272.90478515625 270.384429931641 271.454864501953 273.934417724609 273.721832275391 273.632049560547 270.196807861328 265.610687255859 264.13818359375 262.857513427734 264.924896240234 266.978179931641 265.627899169922 262.998443603516 261.531463623047 264.257049560547 267.723083496094 259.460693359375 245.919616699219 242.474014282227 252.179946899414 262.059112548828 266.0693359375 265.013580322266 265.9091796875
272.869476318359 272.758392333984 272.72607421875 272.56298828125 273.131286621094 272.999053955078 272.310607910156 272.769683837891 272.704956054688 272.6416015625 272.900329589844 272.429962158203 272.067443847656 271.466461181641 269.725860595703 269.680969238281 269.31298828125 269.556060791016 270.936706542969 272.689605712891 271.409393310547 272.058288574219 268.3779296875 269.442504882812 272.302032470703 269.671173095703 271.009521484375 273.597412109375 273.816558837891 273.774719238281 271.500701904297 263.808868408203 260.724822998047 261.484130859375 263.027984619141 264.446380615234 264.3369140625 262.696563720703 259.566497802734 259.454437255859 259.276702880859 265.371124267578 254.278701782227 239.890319824219 241.657104492188 253.415328979492 264.277130126953 267.780487060547 266.171844482422
272.625183105469 272.265808105469 272.385101318359 272.574523925781 272.540466308594 272.699035644531 271.717559814453 272.501770019531 272.626190185547 272.965606689453 273.01513671875 270.585174560547 268.430816650391 271.126708984375 269.011688232422 266.814147949219 267.385375976562 268.010375976562 272.264312744141 273.528045654297 272.463195800781 272.390167236328 271.315612792969 271.688018798828 272.416595458984 269.530212402344 268.332672119141 271.683929443359 273.761322021484 273.716979980469 273.619445800781 267.781921386719 261.652679443359 261.267242431641 262.074951171875 262.322875976562 263.931396484375 262.530303955078 256.042938232422 256.09619140625 256.200286865234 261.158538818359 260.329162597656 248.697692871094 243.795043945312 245.602615356445 254.241607666016 264.98828125 267.770874023438
272.567565917969 272.248016357422 272.432830810547 272.43603515625 272.046478271484 272.047119140625 272.123992919922 272.884124755859 272.864532470703 271.469757080078 269.526184082031 268.638702392578 268.138031005859 268.1923828125 268.277862548828 266.171112060547 265.904113769531 267.831420898438 268.202819824219 271.331726074219 272.331481933594 272.635864257812 270.364196777344 270.565612792969 268.556182861328 266.897979736328 267.732757568359 269.341552734375 271.802062988281 272.853576660156 273.174987792969 271.908447265625 267.988311767578 264.639923095703 264.658721923828 261.992858886719 261.185211181641 262.175598144531 257.457366943359 253.630081176758 256.369049072266 256.321746826172 260.417388916016 261.099151611328 259.375244140625 255.186294555664 251.234375 249.216537475586 250.582824707031
272.735260009766 272.476684570312 272.465026855469 272.365783691406 271.970672607422 271.94921875 272.027252197266 272.802001953125 272.652374267578 271.923858642578 270.05126953125 268.701507568359 268.612915039062 269.049102783203 267.417938232422 268.71484375 269.338256835938 266.82470703125 269.047241210938 270.473510742188 271.922210693359 272.335693359375 270.56982421875 270.952484130859 269.301544189453 268.824920654297 268.692840576172 267.956268310547 270.998870849609 272.695556640625 272.780731201172 272.737152099609 271.605590820312 268.111755371094 266.097686767578 264.049774169922 260.269897460938 258.647216796875 255.284851074219 251.886901855469 252.768783569336 256.170227050781 257.465423583984 258.565795898438 256.994415283203 254.993423461914 254.031402587891 252.627746582031 248.213409423828
272.532562255859 272.652496337891 272.496185302734 272.333831787109 272.097595214844 272.121459960938 272.137908935547 272.631103515625 272.384796142578 272.067291259766 270.877349853516 269.129119873047 267.151214599609 267.643585205078 267.339752197266 269.800231933594 270.763366699219 268.613067626953 271.257049560547 271.226104736328 272.00634765625 272.621459960938 272.423217773438 271.400817871094 271.054718017578 270.655853271484 268.173797607422 268.124633789062 270.454833984375 272.805725097656 272.213836669922 272.806793212891 273.10595703125 269.532928466797 265.451477050781 262.966369628906 259.926971435547 257.383605957031 255.521575927734 253.599746704102 251.763214111328 257.683044433594 256.747283935547 257.954528808594 256.625305175781 253.826797485352 253.717010498047 255.099639892578 253.697113037109
-3.4e+38 272.490325927734 272.624938964844 272.552581787109 272.552886962891 272.462799072266 272.101043701172 272.315155029297 271.935607910156 271.456726074219 271.009552001953 269.444458007812 266.830474853516 266.197662353516 267.448120117188 269.199737548828 270.360473632812 269.920196533203 271.943389892578 272.523376464844 272.543518066406 272.895599365234 271.839996337891 270.252288818359 271.290710449219 270.558929443359 267.517272949219 269.288696289062 271.149597167969 273.105285644531 272.375274658203 271.720703125 272.254516601562 271.685760498047 269.559722900391 265.377716064453 262.070281982422 258.257415771484 256.637176513672 255.37532043457 252.918609619141 257.94677734375 258.942016601562 258.336547851562 257.548553466797 254.621765136719 251.210906982422 253.041198730469 257.092834472656
-3.4e+38 272.426177978516 272.757049560547 272.715759277344 272.648284912109 272.432983398438 272.094360351562 272.041015625 271.965301513672 270.957641601562 270.500885009766 269.008941650391 268.217407226562 267.546234130859 269.040649414062 269.146026611328 270.523315429688 270.054016113281 271.221893310547 272.065063476562 272.182678222656 272.590789794922 271.469879150391 269.685119628906 270.076110839844 269.265991210938 267.315063476562 270.201904296875 272.445098876953 272.261962890625 272.797210693359 271.718505859375 271.769470214844 272.71533203125 270.126434326172 267.823364257812 266.348968505859 261.675109863281 258.298431396484 256.907958984375 255.138549804688 257.130767822266 260.582305908203 259.948699951172 259.118988037109 256.866302490234 253.127914428711 253.739791870117 257.4599609375
-3.4e+38 272.537475585938 272.370910644531 272.322601318359 272.337585449219 272.204071044922 271.974426269531 271.94970703125 271.764709472656 271.360595703125 270.589996337891 268.542205810547 268.145874023438 269.9091796875 271.596008300781 271.239471435547 271.356689453125 270.295715332031 271.7880859375 272.256439208984 272.262603759766 271.123443603516 271.420471191406 271.680786132812 271.150756835938 267.831726074219 266.538513183594 269.741119384766 272.178497314453 269.677398681641 271.15869140625 272.2236328125 271.441864013672 271.988708496094 269.897705078125 266.609924316406 265.483123779297 263.753387451172 260.483306884766 258.084899902344 257.412567138672 257.836669921875 259.770721435547 260.622985839844 259.014495849609 257.72021484375 257.309814453125 256.984344482422 258.009979248047
-3.4e+38 -3.4e+38 272.27490234375 272.270263671875 272.026092529297 271.891052246094 271.792785644531 272.051025390625 271.735748291016 271.612396240234 271.240966796875 270.242706298828 269.299774169922 270.362609863281 272.015594482422 272.422454833984 272.132385253906 271.495574951172 271.994140625 272.069488525391 272.335357666016 270.846771240234 271.626770019531 272.643249511719 271.240295410156 269.293609619141 268.400817871094 269.569976806641 271.370819091797 270.625671386719 271.268280029297 272.288513183594 271.103942871094 270.453399658203 270.7412109375 266.091003417969 261.719146728516 263.622802734375 260.538269042969 255.40315246582 254.709701538086 255.628387451172 255.262939453125 259.405395507812 259.78076171875 259.063873291016 259.281799316406 259.000335693359 258.809875488281
-3.4e+38 -3.4e+38 272.108795166016 272.100341796875 271.893035888672 271.686676025391 272.006652832031 272.146057128906 271.778747558594 271.830474853516 271.476684570312 271.345062255859 271.099517822266 271.188537597656 272.000823974609 272.376251220703 272.305938720703 272.206390380859 271.083862304688 269.785949707031 270.498657226562 270.634826660156 270.337463378906 271.590972900391 268.83154296875 268.476745605469 268.595245361328 267.842437744141 270.267456054688 272.495666503906 272.356140136719 272.37060546875 271.669647216797 270.352600097656 269.814575195312 267.169647216797 261.149078369141 259.859985351562 259.135528564453 255.014892578125 251.006637573242 254.575424194336 252.920211791992 256.367492675781 259.073822021484 259.305419921875 259.054229736328 259.228820800781 258.401916503906
-3.4e+38 -3.4e+38 271.626129150391 271.734893798828 271.593505859375 272.056182861328 272.397644042969 272.033874511719 271.775299072266 272.152313232422 271.734985351562 271.474212646484 271.900787353516 272.055480957031 272.077331542969 272.108612060547 272.149932861328 272.473480224609 269.996551513672 267.743621826172 268.148773193359 268.576843261719 267.892974853516 270.550140380859 269.144317626953 267.132751464844 267.727111816406 266.56982421875 268.373229980469 272.248474121094 272.299499511719 272.351959228516 272.039520263672 270.303253173828 266.012786865234 262.979614257812 259.916168212891 258.076965332031 257.726287841797 256.290710449219 250.858444213867 253.560043334961 252.877349853516 254.893783569336 256.112915039062 256.759307861328 258.681304931641 258.759338378906 256.430999755859
-3.4e+38 -3.4e+38 271.761657714844 271.334686279297 271.619293212891 272.217681884766 272.632934570312 271.947937011719 271.691253662109 271.822296142578 271.824951171875 269.868255615234 271.014465332031 272.282470703125 272.167327880859 271.380157470703 271.302062988281 272.147186279297 269.772552490234 266.521453857422 266.419555664062 267.030853271484 266.818145751953 268.632263183594 269.575256347656 267.152557373047 266.915344238281 266.442077636719 265.353942871094 271.327667236328 272.154602050781 272.193664550781 272.105316162109 269.696685791016 264.922058105469 261.380523681641 260.649841308594 260.693145751953 257.577301025391 256.556793212891 254.480743408203 251.461669921875 253.942947387695 254.51921081543 253.436935424805 252.375518798828 254.486114501953 257.615051269531 257.662841796875
-3.4e+38 -3.4e+38 271.660736083984 271.407501220703 271.880798339844 272.144165039062 272.617858886719 272.003997802734 271.727996826172 271.598510742188 271.609710693359 270.593719482422 271.153961181641 272.214294433594 272.31689453125 271.5927734375 271.024444580078 271.183746337891 271.093719482422 268.086761474609 265.850646972656 265.507751464844 267.313079833984 268.977142333984 269.558898925781 268.198822021484 268.446624755859 267.247161865234 262.541351318359 268.266296386719 271.863555908203 271.800384521484 271.999694824219 269.233795166016 266.064849853516 264.13916015625 261.962921142578 260.871551513672 258.933654785156 257.737731933594 257.390289306641 253.233825683594 253.664840698242 250.489456176758 250.23078918457 250.790451049805 249.80419921875 255.125442504883 258.879333496094
-3.4e+38 -3.4e+38 275.763275146484 273.189819335938 272.065246582031 272.295166015625 272.228820800781 272.181182861328 272.011596679688 271.954437255859 271.979797363281 271.91845703125 271.481658935547 271.426818847656 271.871673583984 272.014282226562 272.041137695312 271.602020263672 272.024353027344 271.136352539062 270.365417480469 269.660125732422 269.055694580078 266.964630126953 266.098236083984 269.593688964844 272.237640380859 269.223876953125 264.559783935547 263.527557373047 268.719879150391 270.867034912109 271.108306884766 270.741058349609 268.418701171875 266.554626464844 264.954498291016 263.965972900391 263.445129394531 261.544311523438 260.127410888672 253.772186279297 249.046325683594 248.42919921875 247.063095092773 249.870056152344 253.53776550293 249.941375732422 247.855743408203
-3.4e+38 276.97509765625 277.091979980469 273.812561035156 272.019348144531 271.871032714844 271.730041503906 271.970245361328 271.803833007812 271.840270996094 271.78515625 272.019958496094 271.666107177734 271.593719482422 271.589874267578 271.903533935547 272.034423828125 271.938995361328 270.503784179688 270.062622070312 271.028198242188 271.070953369141 268.776428222656 267.531616210938 268.422058105469 270.532135009766 271.899261474609 268.917144775391 264.529754638672 259.851409912109 263.737487792969 268.307312011719 269.989501953125 269.826385498047 268.427734375 267.399597167969 266.021270751953 264.703887939453 264.783538818359 265.09326171875 264.128936767578 254.397674560547 252.19645690918 249.662216186523 248.820266723633 250.327407836914 251.791625976562 251.585571289062 250.063049316406
-3.4e+38 276.932098388672 276.901306152344 275.648162841797 273.020355224609 271.774108886719 271.712677001953 271.706237792969 271.553131103516 271.536987304688 271.54443359375 272.013366699219 271.951568603516 272.008544921875 271.866363525391 271.803894042969 271.086791992188 271.444915771484 269.055938720703 267.531433105469 267.485778808594 268.499328613281 268.775238037109 268.754272460938 270.497375488281 271.594879150391 271.693267822266 270.136901855469 264.493804931641 257.621063232422 258.864379882812 265.521820068359 270.154632568359 270.414825439453 268.994171142578 267.19287109375 266.332916259766 265.688507080078 266.081756591797 266.028625488281 264.712890625 254.769393920898 254.694946289062 251.033294677734 250.890029907227 253.204528808594 249.013534545898 249.529220581055 252.985855102539
