rcp4.5models/CNRM_CM5/sc1gr10.18
NCOLS 261 
NROWS 433 
XLLCORNER 336357.134 
YLLCORNER 654653.479 
CELLSIZE 1000 
NODATA_value -3.4e+38 
[rows 132 to 153 of 433, columns 98 to 146 of 261]
715.708618164062 717.423095703125 718.995361328125 724.488891601562 726.62255859375 729.607788085938 733.013549804688 736.618041992188 741.197692871094 744.979125976562 749.835754394531 751.067504882812 754.218566894531 758.492248535156 769.163696289062 773.805053710938 778.421325683594 784.179748535156 791.54541015625 798.797058105469 805.402770996094 809.513549804688 811.899353027344 815.917053222656 821.981811523438 825.350280761719 834.791748046875 841.707214355469 844.459777832031 849.528259277344 853.740966796875 857.856567382812 862.360473632812 867.271423339844 871.622009277344 879.498107910156 883.725280761719 896.06689453125 902.481567382812 911.425476074219 919.471069335938 924.494384765625 926.129028320312 927.102966308594 931.520141601562 938.197082519531 944.968322753906 949.466491699219 961.191528320312
716.317077636719 718.325927734375 719.735107421875 725.970703125 727.569885253906 730.43017578125 735.050537109375 737.265258789062 740.606506347656 746.012451171875 751.225341796875 752.847778320312 755.574768066406 760.005493164062 770.450439453125 774.991821289062 780.177124023438 785.787353515625 792.422058105469 798.79638671875 805.191101074219 810.142211914062 814.99755859375 819.991333007812 822.876098632812 826.391906738281 835.117614746094 839.935791015625 845.041015625 849.385681152344 854.633666992188 859.07275390625 862.815368652344 868.553894042969 873.043823242188 881.202087402344 888.784118652344 901.17919921875 909.776672363281 923.275634765625 927.041137695312 929.730834960938 928.978515625 931.579711914062 937.404968261719 943.468994140625 951.466003417969 955.921020507812 962.060607910156
715.432434082031 718.3271484375 721.732421875 726.800842285156 728.481872558594 731.7783203125 736.176147460938 737.430236816406 741.849731445312 745.805541992188 751.2587890625 754.671997070312 757.296325683594 761.155456542969 770.873291015625 774.11767578125 780.530151367188 786.129516601562 792.841613769531 799.052978515625 803.5830078125 808.748718261719 815.367004394531 820.716430664062 824.393859863281 830.288208007812 836.478332519531 841.670837402344 848.631225585938 849.502014160156 854.608825683594 859.810913085938 864.433898925781 870.433349609375 876.38916015625 885.594116210938 895.42431640625 906.35009765625 916.036193847656 927.841003417969 930.255187988281 928.1123046875 931.919738769531 937.400085449219 943.523620605469 949.077758789062 956.251770019531 960.805969238281 965.52490234375
714.813415527344 719.559509277344 722.604187011719 728.726501464844 730.298156738281 733.081665039062 737.172302246094 738.629699707031 742.852661132812 747.077819824219 752.591186523438 755.7626953125 759.814575195312 762.782897949219 770.858947753906 775.177734375 781.565979003906 786.951782226562 792.828857421875 798.55029296875 802.971984863281 809.678161621094 815.943908691406 821.290893554688 829.573669433594 835.596618652344 838.364807128906 842.008911132812 849.467407226562 851.152954101562 858.331359863281 861.803405761719 867.901062011719 872.913940429688 879.59912109375 889.955078125 900.974853515625 913.2890625 919.439819335938 928.220520019531 931.0498046875 930.039672851562 938.8134765625 946.046569824219 949.916198730469 955.412170410156 959.109375 963.027465820312 970.647033691406
713.865661621094 719.05517578125 721.779357910156 729.558959960938 732.755920410156 733.79541015625 737.500732421875 741.095031738281 744.337707519531 749.633972167969 754.413635253906 757.243469238281 760.608337402344 765.42529296875 772.948913574219 777.759582519531 784.125732421875 789.551574707031 794.946716308594 798.834655761719 805.774719238281 811.645751953125 816.192565917969 822.238220214844 832.690124511719 838.680847167969 838.641723632812 842.296325683594 849.076110839844 853.473876953125 860.645812988281 864.247741699219 870.649597167969 875.39599609375 882.50048828125 892.771850585938 905.318420410156 917.982604980469 924.195495605469 932.240600585938 929.570190429688 935.927490234375 947.485229492188 953.0986328125 955.046569824219 959.44482421875 961.7587890625 964.584655761719 973.122985839844
713.908630371094 717.931823730469 722.650512695312 728.6806640625 733.328735351562 735.254699707031 738.540710449219 741.884704589844 746.768859863281 750.813354492188 755.121643066406 757.247375488281 759.657836914062 765.893493652344 776.007019042969 780.016235351562 785.266906738281 790.617553710938 796.591125488281 802.699096679688 806.189697265625 810.188903808594 817.145263671875 824.069396972656 835.164489746094 839.0771484375 839.725891113281 844.371704101562 850.848571777344 855.825439453125 861.005249023438 866.493835449219 872.880920410156 877.775695800781 885.185791015625 894.150512695312 905.194030761719 919.347045898438 927.095581054688 932.886901855469 929.734619140625 938.0068359375 947.466918945312 953.445434570312 957.013244628906 961.063781738281 962.336730957031 965.931091308594 974.726013183594
713.6123046875 715.6748046875 720.740173339844 728.805603027344 731.269836425781 735.390686035156 740.752136230469 744.658020019531 748.462158203125 750.572143554688 752.183044433594 755.270935058594 -3.4e+38 785.88525390625 774.810729980469 778.578674316406 783.156127929688 789.315551757812 796.103393554688 801.921691894531 803.811462402344 811.763732910156 819.841735839844 829.393981933594 835.671997070312 834.166137695312 842.650451660156 847.088745117188 855.161315917969 860.08251953125 865.734497070312 869.534118652344 876.605773925781 883.463439941406 889.77685546875 896.232299804688 905.600891113281 919.466918945312 926.245727539062 927.772827148438 932.802734375 939.581787109375 946.679077148438 954.197326660156 959.415893554688 963.405151367188 967.422607421875 971.380004882812 976.341918945312
712.639831542969 715.722717285156 720.033447265625 727.365417480469 731.171203613281 734.269714355469 740.204406738281 743.515991210938 747.888916015625 767.943420410156 846.350952148438 831.164245605469 761.113891601562 780.973571777344 773.808471679688 777.317932128906 782.796691894531 789.390258789062 795.496154785156 799.651306152344 804.361877441406 812.622802734375 822.46875 835.419982910156 831.382263183594 833.380859375 844.285034179688 849.78564453125 856.830749511719 861.230712890625 865.945922851562 870.672485351562 -3.4e+38 886.922912597656 895.871215820312 897.791442871094 905.644592285156 919.510070800781 925.487487792969 929.989379882812 935.29638671875 942.417358398438 948.428894042969 955.803527832031 960.646301269531 965.604675292969 969.874755859375 974.557678222656 979.33544921875
711.531188964844 715.167785644531 718.890075683594 727.418090820312 748.790344238281 811.641052246094 738.184753417969 760.743896484375 823.8759765625 779.281799316406 890.160583496094 805.8447265625 761.963073730469 769.7919921875 773.10009765625 777.614196777344 781.748596191406 789.448181152344 793.128662109375 797.773193359375 803.639770507812 814.1162109375 829.950439453125 833.579467773438 827.97802734375 831.983764648438 845.876037597656 852.073364257812 857.851806640625 862.641479492188 867.46044921875 872.945373535156 881.331848144531 890.5986328125 896.237121582031 897.448425292969 906.325622558594 920.841735839844 925.613037109375 931.722045898438 936.99755859375 944.203125 950.584716796875 957.502380371094 961.788696289062 967.425537109375 972.151916503906 977.891418457031 981.864624023438
708.771911621094 713.581237792969 716.297790527344 725.464050292969 740.3662109375 782.318725585938 736.631530761719 754.208068847656 814.628967285156 834.729125976562 800.763427734375 753.938598632812 780.18701171875 842.677612304688 791.742736816406 848.927551269531 782.308410644531 788.955261230469 791.242858886719 797.025512695312 804.588439941406 819.300842285156 827.210510253906 825.17626953125 825.605773925781 830.919677734375 846.123413085938 853.178588867188 859.754028320312 863.503662109375 869.398559570312 876.19482421875 882.864929199219 890.267028808594 893.928344726562 899.482788085938 908.036499023438 921.578430175781 926.711303710938 932.949096679688 938.135070800781 945.378173828125 952.030334472656 -3.4e+38 964.010314941406 969.681823730469 973.72705078125 978.948669433594 982.502136230469
706.518737792969 712.104248046875 714.173461914062 724.387451171875 726.700012207031 729.847229003906 735.548828125 741.98779296875 756.529174804688 797.441650390625 749.896667480469 753.857971191406 773.080688476562 815.214660644531 785.619934082031 824.774780273438 781.917053222656 787.595153808594 791.091552734375 797.542053222656 805.59033203125 817.097045898438 817.822326660156 821.401916503906 824.935485839844 831.226684570312 845.486572265625 854.0751953125 860.323120117188 864.513244628906 870.403198242188 876.741088867188 881.328247070312 -3.4e+38 893.984497070312 902.010864257812 909.018615722656 922.169860839844 928.473388671875 934.087890625 940.611511230469 947.332153320312 954.249084472656 960.271179199219 966.078247070312 972.160034179688 975.05029296875 978.935852050781 983.593322753906
706.989196777344 710.469909667969 714.636779785156 741.766723632812 802.863464355469 730.299438476562 752.360046386719 815.91845703125 744 746.638671875 -3.4e+38 754.17333984375 760.009826660156 782.504333496094 771.413208007812 792.820373535156 849.148559570312 785.643493652344 791.045288085938 796.755920410156 802.845153808594 809.400451660156 813.648864746094 819.172241210938 824.039794921875 830.190307617188 844.477111816406 852.785095214844 858.825378417969 864.233337402344 869.71484375 875.052307128906 880.657775878906 888.040893554688 894.784057617188 902.636047363281 909.736694335938 921.962341308594 928.420166015625 934.759765625 941.539611816406 949.836364746094 956.102294921875 961.718505859375 968.1630859375 973.88427734375 976.816345214844 980.21240234375 984.200256347656
704.712524414062 726.665466308594 792.732849121094 828.023986816406 868.683471679688 805.298156738281 763.970825195312 881.342102050781 835.868103027344 818.193481445312 747.093994140625 753.177490234375 759.064453125 775.291870117188 770.205749511719 787.576049804688 827.862915039062 783.568115234375 789.761657714844 795.050537109375 800.592102050781 805.386596679688 811.870422363281 817.940185546875 823.580139160156 828.663208007812 842.89794921875 850.390075683594 857.642150878906 864.821044921875 868.739440917969 874.801452636719 881.59326171875 889.018798828125 895.365173339844 903.36669921875 909.7822265625 920.73681640625 927.749267578125 934.468627929688 941.421630859375 949.238464355469 955.970031738281 962.316528320312 968.847229003906 975.550598144531 978.047668457031 980.516296386719 -3.4e+38
703.222473144531 718.561462402344 779.826171875 798.0234375 878.207641601562 852.86328125 745.390991210938 797.632995605469 802.294555664062 792.115173339844 746.164611816406 751.34375 756.726440429688 -3.4e+38 768.795104980469 774.142395019531 779.623840332031 782.447387695312 788.128234863281 794.028991699219 799.412902832031 804.391479492188 810.79833984375 817.130065917969 824.350402832031 829.452819824219 842.171936035156 849.284301757812 856.867248535156 865.231750488281 869.324890136719 874.792114257812 882.366577148438 890.456359863281 896.05517578125 903.989685058594 911.288513183594 920.483276367188 926.585021972656 933.415649414062 940.535461425781 947.586181640625 955.192199707031 961.661804199219 967.615112304688 973.977722167969 976.977233886719 979.629272460938 982.359008789062
702.489135742188 705.427307128906 720.977355957031 746.945739746094 858.704528808594 775.800109863281 732.010009765625 734.192077636719 757.818542480469 832.438415527344 817.397766113281 749.510009765625 754.544250488281 759.270080566406 786.838623046875 841.211181640625 779.113830566406 783.361633300781 788.677368164062 794.894226074219 800.118896484375 806.03564453125 811.597961425781 817.334167480469 824.387756347656 829.960571289062 841.720458984375 848.225036621094 856.541809082031 864.232055664062 868.857055664062 874.563232421875 883.200012207031 891.332824707031 895.737365722656 901.76220703125 910.084838867188 919.52392578125 924.819274902344 932.573364257812 939.148193359375 946.129211425781 953.923034667969 960.481384277344 966.439575195312 971.789489746094 975.533508300781 978.50634765625 981.424011230469
701.977478027344 704.990905761719 707.4501953125 745.666564941406 845.870666503906 744.9423828125 821.679260253906 823.723999023438 840.068969726562 890.897827148438 864.543151855469 749.592895507812 752.760498046875 757.716613769531 801.10107421875 888.994445800781 780.357849121094 785.033264160156 789.039245605469 794.756164550781 800.589538574219 806.355102539062 812.095520019531 817.585388183594 823.858642578125 829.732360839844 843.024719238281 848.497436523438 856.448364257812 862.184875488281 867.76171875 874.190490722656 883.083435058594 889.816284179688 893.875671386719 898.76025390625 906.471801757812 918.166259765625 923.160461425781 930.5888671875 937.99560546875 943.735961914062 951.155700683594 957.560791015625 963.259704589844 968.217529296875 972.320190429688 974.985290527344 980.064453125
702.288024902344 704.3359375 706.851806640625 726.414916992188 786.393371582031 827.772521972656 879.313110351562 881.700561523438 867.575012207031 801.029296875 793.761535644531 750.2119140625 753.123718261719 757.415710449219 781.196166992188 839.633666992188 845.729125976562 784.970642089844 789.82861328125 794.86181640625 799.9287109375 805.66845703125 813.138000488281 819.050109863281 824.866149902344 831.071716308594 843.882141113281 848.778625488281 855.967102050781 860.579711914062 867.431030273438 874.512145996094 881.218627929688 885.341430664062 891.650573730469 896.524475097656 903.526550292969 986.929138183594 972.944946289062 927.628540039062 934.851135253906 959.088317871094 996.776794433594 953.579284667969 959.5771484375 963.672607421875 967.429809570312 970.321655273438 977.352416992188
702.367370605469 703.540344238281 706.01806640625 713.148742675781 728.795043945312 781.149719238281 785.868591308594 807.331787109375 852.937805175781 740.384399414062 745.247863769531 749.121276855469 753.022888183594 757.8583984375 765.588256835938 784.907531738281 823.234497070312 783.321166992188 789.413208007812 794.728332519531 800.559265136719 805.193298339844 811.546752929688 818.390502929688 824.730529785156 831.663452148438 843.316711425781 850.531860351562 855.642822265625 860.207824707031 867.751708984375 873.884033203125 880.057006835938 882.792602539062 888.96875 894.641540527344 900.1015625 966.021728515625 958.165100097656 925.619995117188 931.7138671875 951.922973632812 981.874877929688 949.994567871094 955.751342773438 959.7685546875 964.197448730469 967.625549316406 973.071472167969
700.054443359375 703.34375 706.370300292969 791.827819824219 866.557189941406 850.757751464844 802.443359375 875.801086425781 878.50439453125 882.568725585938 854.770446777344 744.23828125 749.624450683594 772.968322753906 828.595886230469 768.399780273438 773.993225097656 781.503662109375 787.361083984375 805.409057617188 841.387573242188 800.1201171875 827.198486328125 893.543273925781 898.908264160156 885.794189453125 839.724426269531 845.591003417969 853.508239746094 861.278747558594 885.326416015625 925.217590332031 877.397583007812 882.054382324219 885.170104980469 892.201721191406 896.060485839844 908.316284179688 914.017272949219 938.112243652344 974.037719726562 931.954711914062 969.891418457031 1025.42517089844 947.7783203125 970.653381347656 1002.74639892578 961.077514648438 968.429077148438
699.949096679688 703.319091796875 706.851745605469 726.339111328125 793.696533203125 -3.4e+38 806.486572265625 786.322631835938 808.274291992188 880.022155761719 851.861083984375 760.560852050781 813.834228515625 765.974304199219 872.155578613281 766.877746582031 772.263549804688 778.897644042969 784.353820800781 789.297607421875 793.471130371094 798.411071777344 818.9697265625 868.209411621094 892.571166992188 942.413391113281 836.784790039062 843.230407714844 851.15234375 858.83251953125 877.255676269531 909.629089355469 892.7880859375 930.000183105469 881.739013671875 888.527099609375 892.916809082031 954.386840820312 910.206787109375 930.527404785156 959.076721191406 928.070739746094 947.700134277344 974.386779785156 943.531494140625 964.288818359375 1008.39892578125 1020.32244873047 965.847961425781
697.04248046875 701.832458496094 706.466247558594 713.526062011719 727.516052246094 777.048950195312 769.3486328125 725.7060546875 761.051818847656 877.606506347656 850.404602050781 771.0927734375 856.684387207031 750.931518554688 889.113891601562 828.828125 788.515563964844 856.433166503906 860.054626464844 846.517761230469 790.13623046875 815.378601074219 881.564331054688 887.232360839844 887.774047851562 877.997009277344 835.025573730469 842.285095214844 848.732482910156 854.737426757812 859.980590820312 865.373962402344 884.165832519531 914.092834472656 879.522521972656 885.439575195312 890.189270019531 939.190612792969 906.763488769531 912.940185546875 918.89208984375 925.518371582031 931.315246582031 935.547180175781 958.628601074219 990.733764648438 967.527221679688 1005.49084472656 -3.4e+38
693.822326660156 699.531860351562 705.277038574219 712.748840332031 715.866943359375 737.405029296875 791.398681640625 725.42529296875 741.710632324219 788.821594238281 780.981262207031 769.748413085938 854.14111328125 767.543273925781 882.233215332031 810.174926757812 800.839538574219 892.911987304688 835.475158691406 826.7958984375 788.491821289062 807.967102050781 857.916442871094 863.830200195312 874.084899902344 876.822509765625 834.039367675781 840.591003417969 845.628967285156 852.099182128906 857.310424804688 862.597412109375 867.580505371094 873.243896484375 877.200805664062 899.664245605469 936.383483886719 898.26123046875 903.520874023438 913.957397460938 926.722045898438 922.719665527344 928.131530761719 933.40869140625 952.524047851562 978.16259765625 951.016479492188 954.243286132812 973.299377441406
