rcp4.5models/CNRM_CM5/sc1gr3.16
NCOLS 261 
NROWS 433 
XLLCORNER 336357.134 
YLLCORNER 654653.479 
CELLSIZE 1000 
NODATA_value -3.4e+38 
[rows 374 to 395 of 433, columns 98 to 146 of 261]
258.823486328125 259.077575683594 259.257629394531 262.025909423828 259.96875 256.241058349609 247.549407958984 240.815933227539 242.430587768555 249.401901245117 253.6884765625 255.112609863281 256.299530029297 252.15022277832 239.82438659668 237.172088623047 234.511627197266 230.245361328125 223.822158813477 220.287338256836 218.994873046875 216.310409545898 217.258407592773 221.135269165039 226.770706176758 231.180282592773 235.388763427734 235.961318969727 235.268249511719 236.87516784668 240.440887451172 244.013977050781 249.107070922852 250.097381591797 251.729827880859 257.268341064453 263.518249511719 265.134490966797 259.9990234375 261.051177978516 266.132232666016 268.146911621094 268.836547851562 269.013336181641 269.113464355469 -3.4e+38 -3.4e+38 -3.4e+38 -3.4e+38
257.429382324219 259.13232421875 257.570404052734 257.701873779297 261.78076171875 261.818267822266 253.904434204102 246.565246582031 245.80126953125 246.910537719727 248.894943237305 253.204193115234 256.713836669922 253.619522094727 237.902084350586 228.326553344727 223.571655273438 216.774688720703 211.023315429688 210.106781005859 210.723983764648 209.455322265625 209.962905883789 215.076446533203 222.774932861328 230.908355712891 244.019241333008 245.255798339844 245.710906982422 244.895919799805 242.557006835938 241.898223876953 245.140975952148 247.523468017578 250.685745239258 253.661529541016 256.360992431641 268.024353027344 265.376373291016 265.294616699219 268.074493408203 268.260528564453 268.716552734375 268.875518798828 268.993072509766 269.482238769531 269.888793945312 -3.4e+38 -3.4e+38
254.76448059082 254.122848510742 254.441818237305 254.803100585938 258.805938720703 262.171264648438 260.659057617188 258.135192871094 254.908706665039 252.322006225586 252.208267211914 255.006744384766 256.731750488281 255.940979003906 245.928344726562 234.74104309082 227.559829711914 220.204864501953 216.869583129883 217.235992431641 215.103454589844 213.525238037109 213.64811706543 217.493560791016 226.012512207031 234.121520996094 245.010635375977 248.287857055664 250.155059814453 248.824645996094 249.732406616211 252.712951660156 250.257263183594 246.167053222656 250.328964233398 256.602386474609 257.160064697266 268.392303466797 268.174224853516 268.547882080078 268.767578125 268.574554443359 268.630462646484 268.985382080078 269.21044921875 -3.4e+38 -3.4e+38 -3.4e+38 -3.4e+38
251.79313659668 249.717529296875 248.728485107422 254.760269165039 256.310729980469 258.446990966797 259.264190673828 256.427062988281 254.216094970703 252.336059570312 249.689300537109 253.663284301758 256.857177734375 256.256164550781 253.074752807617 248.395370483398 242.472839355469 237.207473754883 232.853225708008 229.802490234375 225.550186157227 222.700149536133 220.9384765625 223.496490478516 232.106002807617 239.43180847168 249.528823852539 251.831649780273 254.926330566406 253.422378540039 251.441284179688 255.889770507812 258.290100097656 254.941009521484 255.547012329102 261.281555175781 261.926544189453 265.615173339844 267.522399902344 268.9599609375 269.065795898438 268.904846191406 268.710205078125 269.263000488281 269.529083251953 269.342803955078 269.865356445312 270.416137695312 270.134674072266
253.199417114258 250.139465332031 247.461181640625 247.056564331055 250.601928710938 252.989044189453 254.58088684082 251.03791809082 247.908218383789 244.451049804688 240.872711181641 242.752090454102 246.528518676758 249.660888671875 251.103302001953 249.059478759766 243.646835327148 239.184463500977 235.330551147461 231.387344360352 226.897216796875 222.757873535156 219.655578613281 221.098327636719 227.769805908203 236.164520263672 251.316055297852 253.134536743164 257.08154296875 259.614562988281 256.339996337891 256.577606201172 260.028472900391 262.740325927734 264.285278320312 265.537017822266 263.598876953125 260.569427490234 265.432739257812 268.098937988281 268.931060791016 269.186157226562 269.407287597656 269.694122314453 269.956970214844 269.72509765625 269.750244140625 270.22509765625 270.648406982422
250.972152709961 251.069198608398 250.045852661133 242.945159912109 244.374130249023 247.88395690918 249.117553710938 247.999588012695 244.377502441406 239.613220214844 236.35221862793 231.398986816406 230.465713500977 233.688461303711 237.026550292969 237.792953491211 232.030380249023 226.744857788086 225.289566040039 224.043838500977 221.813125610352 219.667816162109 218.595626831055 218.837615966797 221.341293334961 227.815856933594 241.466583251953 241.943984985352 249.706253051758 257.628112792969 261.425018310547 261.446472167969 261.131927490234 262.807220458984 266.461883544922 268.035614013672 264.977966308594 260.915649414062 263.134094238281 266.678771972656 268.878601074219 269.384490966797 269.939910888672 270.078338623047 270.202392578125 270.289794921875 270.154632568359 270.216064453125 270.937652587891
251.96907043457 251.375259399414 250.486297607422 246.627410888672 245.49137878418 245.93766784668 246.097442626953 245.329528808594 241.849304199219 237.971954345703 235.523818969727 231.449920654297 228.663177490234 226.54475402832 226.343536376953 227.931838989258 223.524703979492 219.284240722656 219.163375854492 219.768615722656 220.291473388672 220.27311706543 219.537734985352 218.813949584961 219.328628540039 221.874099731445 229.298873901367 232.739562988281 244.206192016602 253.291381835938 259.087036132812 261.72216796875 262.615356445312 263.077484130859 264.291778564453 266.241394042969 266.0556640625 266.011627197266 263.836242675781 265.259094238281 268.478424072266 268.885559082031 269.506408691406 269.679992675781 269.865814208984 270.431549072266 270.812561035156 270.875366210938 270.934265136719
259.319366455078 252.462051391602 248.464141845703 249.042922973633 248.090789794922 247.317901611328 246.879760742188 246.201553344727 246.087051391602 244.621490478516 241.075805664062 236.233596801758 233.088195800781 230.67008972168 232.454238891602 231.396896362305 227.354751586914 222.96240234375 220.208572387695 220.429641723633 222.003036499023 221.371704101562 220.493515014648 218.981018066406 216.886764526367 217.616455078125 218.572357177734 226.375595092773 238.960342407227 245.54850769043 250.38395690918 256.469635009766 260.1572265625 262.498504638672 262.856842041016 263.570129394531 264.065338134766 266.113555908203 263.954376220703 261.564270019531 263.811187744141 267.934906005859 268.970062255859 269.125549316406 269.363006591797 270.063537597656 270.906768798828 271.149749755859 271.067810058594
265.599670410156 261.403503417969 256.080383300781 252.012130737305 252.847595214844 248.719970703125 246.688934326172 248.198928833008 251.384521484375 249.124893188477 244.250030517578 239.776916503906 236.180572509766 235.238418579102 241.950668334961 240.561721801758 236.127532958984 232.119934082031 226.414657592773 225.886047363281 230.691223144531 229.589889526367 227.69694519043 226.385375976562 222.960250854492 220.782028198242 215.018157958984 219.943923950195 228.441101074219 233.746856689453 241.021865844727 250.134857177734 257.41259765625 262.434997558594 262.955688476562 263.065612792969 262.937286376953 263.076446533203 261.538208007812 259.174713134766 261.220367431641 266.904449462891 268.586273193359 269.073455810547 269.196319580078 269.609588623047 270.404541015625 270.652740478516 271.184722900391
274.536315917969 268.822906494141 260.286499023438 258.180603027344 259.365936279297 262.382019042969 260.845367431641 260.882049560547 260.725128173828 254.875030517578 254.033172607422 254.638931274414 254.027252197266 255.368347167969 253.558410644531 255.471038818359 253.786743164062 251.872192382812 250.722885131836 249.048080444336 248.662933349609 248.104476928711 246.948699951172 247.713104248047 247.121688842773 243.298324584961 235.118347167969 235.069076538086 237.927886962891 243.844528198242 254.373550415039 262.869781494141 264.293273925781 263.461364746094 262.852020263672 262.677856445312 262.193481445312 261.577697753906 262.609771728516 261.363250732422 261.546203613281 265.65478515625 266.752563476562 267.30712890625 268.410888671875 268.797576904297 269.070861816406 269.446960449219 270.894348144531
274.988830566406 272.094299316406 263.289276123047 251.116165161133 249.798202514648 252.741760253906 255.992782592773 259.191864013672 261.903747558594 259.846740722656 260.315826416016 260.498260498047 258.801544189453 257.090515136719 255.158843994141 254.214004516602 252.388290405273 253.100524902344 255.001205444336 254.486038208008 253.838180541992 252.918975830078 251.599960327148 250.377807617188 248.82373046875 245.034744262695 236.773727416992 237.766708374023 240.280151367188 246.188812255859 256.89013671875 263.122131347656 264.639312744141 264.504028320312 263.871459960938 263.12353515625 262.505523681641 264.477996826172 265.194213867188 264.016784667969 262.666473388672 265.3125 265.421203613281 265.884155273438 267.991851806641 268.41162109375 268.867858886719 269.285766601562 270.464385986328
274.481323242188 274.151580810547 268.158782958984 254.991302490234 252.491439819336 250.438293457031 252.96223449707 257.032409667969 261.004974365234 262.829437255859 262.382934570312 258.863861083984 254.773376464844 252.825149536133 255.050643920898 256.053833007812 255.261611938477 254.933212280273 255.546463012695 255.901580810547 254.609451293945 253.020309448242 249.151168823242 245.395477294922 246.268692016602 244.510559082031 244.629623413086 243.223327636719 241.986267089844 245.972946166992 254.731872558594 261.376861572266 264.887725830078 265.520477294922 264.924072265625 262.9013671875 264.016937255859 266.133697509766 265.849945068359 265.885162353516 266.258850097656 266.101776123047 264.979339599609 265.961395263672 267.805114746094 268.541290283203 268.913299560547 269.250061035156 270.4931640625
268.584838867188 273.079193115234 271.458953857422 263.327880859375 259.465362548828 253.947967529297 252.204055786133 252.701126098633 257.059875488281 261.197082519531 260.8603515625 258.782562255859 255.805236816406 255.231048583984 256.016540527344 255.954666137695 256.697509765625 255.710067749023 253.192993164062 250.390975952148 246.60124206543 246.675674438477 247.022338867188 246.596740722656 250.067092895508 251.341857910156 255.197280883789 253.986312866211 252.749130249023 253.357986450195 254.496322631836 256.509826660156 258.531463623047 260.61083984375 264.298400878906 262.351043701172 263.736328125 267.009979248047 266.771697998047 266.670013427734 267.211730957031 267.151977539062 266.707397460938 266.654724121094 266.92236328125 268.657775878906 269.201446533203 269.493103027344 270.627288818359
259.9033203125 266.39404296875 273.061859130859 270.018646240234 265.739166259766 258.312255859375 250.99626159668 246.860092163086 248.876556396484 254.905776977539 258.247131347656 258.559967041016 258.458160400391 258.593902587891 252.416809082031 252.600082397461 256.678924560547 257.613891601562 253.307540893555 248.739303588867 246.513031005859 249.339904785156 254.556259155273 257.124145507812 257.895324707031 258.090087890625 257.127319335938 257.990142822266 258.705291748047 257.998565673828 255.935256958008 254.727233886719 254.506057739258 256.723999023438 262.284210205078 263.895904541016 264.145812988281 266.943878173828 267.505706787109 267.602081298828 267.658355712891 267.878753662109 268.099639892578 267.615173339844 267.059539794922 268.472106933594 269.151245117188 269.591613769531 270.235748291016
259.889923095703 263.096832275391 270.670074462891 273.122711181641 271.229858398438 264.177337646484 250.750839233398 242.81396484375 243.579986572266 249.242477416992 255.054107666016 256.836669921875 258.125885009766 256.431610107422 253.487426757812 260.306457519531 263.659545898438 262.210998535156 256.5087890625 252.944931030273 254.55419921875 259.162445068359 261.114807128906 261.268768310547 260.227020263672 259.170288085938 258.641052246094 258.899658203125 257.756805419922 256.472930908203 256.270477294922 254.348434448242 254.042984008789 257.496398925781 260.669921875 263.517456054688 264.653381347656 266.853576660156 267.103424072266 267.277526855469 267.649261474609 268.029571533203 268.416748046875 268.504852294922 268.253936767578 268.82177734375 269.149047851562 269.526336669922 270.223419189453
266.923583984375 266.684509277344 268.163116455078 268.921936035156 265.367858886719 261.909484863281 255.668579101562 246.995330810547 243.777709960938 247.381851196289 252.606323242188 256.2783203125 258.780914306641 255.858291625977 261.224578857422 270.030029296875 269.459503173828 264.875885009766 259.773040771484 257.881042480469 259.090393066406 261.298126220703 261.828948974609 261.370697021484 260.117553710938 259.407928466797 259.241577148438 259.024963378906 257.756744384766 256.645965576172 255.999099731445 253.743255615234 254.208511352539 258.795684814453 261.484924316406 263.626861572266 265.191741943359 263.871704101562 265.560089111328 266.602264404297 266.318054199219 267.132568359375 268.304351806641 268.323364257812 268.554992675781 269.195068359375 269.476501464844 269.878570556641 270.931243896484
270.513549804688 270.251342773438 268.751007080078 263.126800537109 260.648162841797 260.869232177734 260.47021484375 254.268646240234 250.490783691406 251.860549926758 253.327377319336 255.718994140625 258.243682861328 255.003662109375 265.111999511719 271.181884765625 268.220306396484 263.8310546875 261.307556152344 261.09716796875 261.1171875 261.423522949219 262.395202636719 260.383514404297 258.737335205078 259.742126464844 257.756774902344 255.099594116211 253.778671264648 254.168807983398 256.049499511719 256.606384277344 256.525909423828 260.640014648438 263.174163818359 263.921844482422 263.701171875 258.330474853516 262.285369873047 266.103973388672 265.809753417969 266.152282714844 267.081024169922 267.974060058594 268.557342529297 269.389892578125 269.9765625 270.349548339844 270.988677978516
271.627655029297 272.125244140625 270.779602050781 262.269073486328 261.311126708984 266.055938720703 267.134796142578 262.384826660156 256.441650390625 255.040191650391 255.857650756836 256.56640625 255.484390258789 252.053298950195 267.462738037109 271.677307128906 269.373748779297 265.963500976562 263.524932861328 262.205169677734 262.292266845703 263.467895507812 262.803070068359 259.299133300781 258.072540283203 259.496307373047 258.514282226562 256.762481689453 255.145751953125 255.329986572266 258.510620117188 260.800750732422 260.5302734375 263.077697753906 263.602630615234 262.500061035156 261.9462890625 259.147857666016 262.521667480469 265.635864257812 266.322296142578 266.575958251953 266.886138916016 268.103820800781 268.639465332031 269.608032226562 270.008117675781 269.776611328125 270.540496826172
272.144439697266 273.050476074219 271.988494873047 266.523071289062 264.164306640625 267.841003417969 271.437835693359 270.395355224609 263.501800537109 257.982543945312 255.79020690918 253.379867553711 250.398101806641 252.118118286133 267.895202636719 272.462097167969 272.239654541016 270.735473632812 267.2646484375 264.40185546875 264.405792236328 264.992431640625 262.656311035156 259.243621826172 258.615142822266 259.327941894531 258.899200439453 261.291076660156 260.753234863281 262.189605712891 265.282318115234 266.566040039062 266.287994384766 264.783874511719 262.873718261719 262.263488769531 263.431091308594 263.382843017578 264.708099365234 265.674652099609 266.62255859375 267.201080322266 267.658050537109 268.177368164062 268.594696044922 269.381683349609 269.459106445312 269.1376953125 270.149078369141
272.510772705078 273.227142333984 273.888092041016 270.806274414062 269.766082763672 269.989654541016 269.575988769531 270.886688232422 271.161926269531 266.482391357422 261.342468261719 252.921432495117 250.85954284668 259.180206298828 269.424133300781 272.689605712891 272.540252685547 271.760040283203 268.928619384766 265.666076660156 265.164642333984 265.382995605469 262.749176025391 260.059173583984 259.719665527344 259.34326171875 253.048675537109 257.072509765625 258.777496337891 263.236938476562 267.595031738281 268.984161376953 268.270751953125 266.201751708984 264.358856201172 264.063812255859 265.416687011719 264.666473388672 265.348266601562 266.269470214844 266.877166748047 267.523071289062 267.70654296875 267.547180175781 267.899444580078 268.850952148438 269.101409912109 269.267486572266 269.992767333984
274.403472900391 273.453399658203 273.906646728516 271.342346191406 271.017242431641 271.771575927734 271.147827148438 271.199584960938 272.375793457031 272.214630126953 271.083404541016 264.512420654297 262.686248779297 268.531372070312 271.897369384766 271.9267578125 272.086883544922 270.590393066406 267.336364746094 265.869110107422 266.272735595703 265.304748535156 262.648162841797 260.785247802734 261.004272460938 260.872497558594 252.222259521484 257.476898193359 262.090759277344 266.141693115234 267.893768310547 269.089874267578 269.227691650391 268.501037597656 267.222473144531 265.986938476562 266.124816894531 265.091400146484 265.372406005859 266.161102294922 266.511871337891 267.034790039062 267.361572265625 267.144683837891 267.543914794922 268.448638916016 269.048553466797 269.644897460938 270.118621826172
273.511260986328 274.429565429688 272.774841308594 266.95751953125 266.476928710938 269.611938476562 271.822601318359 271.654663085938 273.121643066406 273.828857421875 273.568481445312 273.157836914062 271.177825927734 266.462066650391 261.528045654297 264.606628417969 264.461791992188 262.883453369141 263.350769042969 266.409210205078 267.253112792969 263.704498291016 262.496978759766 261.252685546875 258.026214599609 251.581832885742 258.609588623047 265.418243408203 268.534606933594 268.849182128906 269.024078369141 269.078582763672 268.603057861328 268.634155273438 268.126251220703 267.200622558594 266.378082275391 265.898254394531 265.986724853516 266.162963867188 265.212493896484 265.012329101562 266.487945556641 267.346923828125 267.666229248047 268.337524414062 268.758178710938 269.188751220703 269.826385498047
