rcp4.5models/CNRM_CM5/sc1gr0.1
NCOLS 261 
NROWS 433 
XLLCORNER 336357.134 
YLLCORNER 654653.479 
CELLSIZE 1000 
NODATA_value -9999 
[rows 154 to 175 of 433, columns 50 to 99 of 261]
79.5593058539376 79.5287912808903 79.6933118914586 79.8956861799092 80.1878520818038 80.2305683849134 80.7682304006822 81.1344804336022 81.0550335414704 81.0861500628834 81.2142150165029 81.4070272232042 81.5969529546044 81.6640038920087 81.6628387240358 81.8514932674774 82.1452018614745 82.4894698947922 82.5637950216063 82.7397908314582 82.9429715078688 83.0721805892307 83.4084083127444 83.4816327252682 83.7851726741626 83.89275812797 83.8678496164356 84.0124518111647 84.3821811466167 84.5819750954698 84.817024026142 84.9721137386445 85.0919152654149 85.2955524098543 85.5379384106658 85.7270755150952 85.8129338966012 86.0032265671351 86.0710343222097 86.1326886685057 86.3582180812617 86.3590251124784 86.3914123377555 86.4987409169215 86.772663395744 86.851752210821 86.8558450011849 86.8492308827867 86.8884701126233 87.0706520328714
79.777901755445 79.842747484645 79.9817378064369 80.1419716614951 80.3805350800169 80.5377264601215 81.0083280303443 81.2816118264541 81.1752832152038 81.2380678233282 81.3631145503251 81.5680548949694 81.7692752121192 81.8107068594635 81.7798296128727 82.0700168308487 82.3667240892016 82.5081537864411 82.585197932906 82.8019948712446 83.0996926836891 83.2131254117742 83.4710389131565 83.6229133756225 83.8467355445876 84.0461056926011 84.1173983102814 84.1587330642947 84.4826108085524 84.7132018759202 84.8580934815133 85.0228188981652 85.1690781283587 85.2780661920823 85.6040778047406 85.7729455516277 85.8480064668155 86.0459883839104 86.2216866158046 86.2326223885941 86.467583663248 86.4752641497366 86.3735712816245 86.5336129394867 86.7405703584273 86.9041241038697 86.8719027934918 86.9057816235429 87.0950461442239 87.186050143604
80.0352446311731 80.0868283471956 80.1483657982268 80.4191732017515 80.5359626048466 80.6840942097017 81.1760875792718 81.4038097163907 81.4142875269247 81.316234146054 81.652837275523 81.7460433614146 81.912671856596 82.0331492750464 82.066844100047 82.4195459931444 82.5220937026046 82.6337559786413 82.8377938097288 82.9507653426529 83.2256385855477 83.4673021698957 83.6496099969694 83.7613836736392 83.8949855645501 84.1230220746713 84.2430215052326 -9999 84.6871868060804 84.8539909760836 84.9050577356273 85.0790235321057 85.3048358918702 85.5477236023552 85.6803876523283 85.761124084532 85.9332425820424 86.0779930836898 86.3310131518184 86.3749710725767 86.57318166739 86.6077738818288 86.5313104853212 86.7136039718682 86.6892516950643 86.8531981071957 86.9081572944212 86.9987683767374 87.0579413633853 -9999
80.3216352690101 80.328433960303 80.3749665113711 80.6701530952964 80.6778967123881 80.9307150266001 81.2929220135335 81.6126825406257 81.586362813453 81.6248895711524 81.9697478694616 82.0218587799668 82.0517944793462 82.24752716736 82.309061161758 82.6853056937988 82.7632417038487 82.966565928347 83.2121357686912 83.2641352563535 83.3481037640649 83.6779130132923 83.7355501393478 84.0245689372837 84.0133918623983 84.3191581302128 84.3654770106013 84.5056089732462 84.7313628968829 84.7800840953876 85.019964810216 85.163913525915 85.4569412491482 85.6759693742301 85.716661488902 85.7489234246547 85.9320609214911 86.1006063324654 86.3649088930848 86.3728193725564 86.6308395946782 86.72901171479 86.7361839255652 86.8478747156415 86.6790489485097 86.7614454978379 86.9268909937293 87.0164468632783 87.0069989150692 86.9734641749715
80.3270376965939 80.6109378734868 80.7405559751681 80.8950039312433 80.980009298393 81.0096709970551 81.4446011596024 81.7380586279744 81.9245488149177 81.9799162573972 82.1679323736182 82.1727857333647 82.3769854150449 82.5534352572168 82.6396443210472 82.8775115256421 83.0100211266771 83.1902891097571 83.5028661848693 83.5059146144349 83.4280940858669 83.636566469062 83.7013284224269 84.1681771154588 84.1888480271451 84.3536665583615 84.5761075776401 84.5907860205505 84.8853076821763 84.8318050223496 85.1355967993345 85.1977458834166 85.4214699327935 85.633608458744 85.8049962690281 85.899044426604 85.966450647174 86.0884519677873 86.2421025812304 86.3249034388995 86.6113484628889 86.7827708923205 86.7897520203244 86.8267728708702 86.7644832234808 86.715868310233 86.9059229858381 87.0638314090803 87.0954230583068 87.0024042880006
80.7174796137916 80.5880471505155 80.7668127076226 80.9786209384704 81.1981482244431 81.3299487272923 81.7743490287755 81.8659401080599 82.0324727619744 82.201197593948 82.2875353862088 82.2745908470203 82.6368742833975 82.786404835264 82.8444581085171 83.0536355188398 83.1497892799099 83.4505586121749 83.7187774730581 83.7319403790948 83.579879053137 83.7758082827503 83.8537637905398 84.0881070550981 84.4235673943544 84.4280965020892 84.706654720832 84.8402669722217 85.1910793209034 85.0642096707561 85.3090950076732 85.2229633764562 85.499093387355 85.7612321773866 85.8535973484499 85.9725585291587 86.103323759599 86.1595642952113 86.3196314646604 86.3814632425056 86.6641009566054 86.8818564172255 86.8135198360185 86.8965589073873 86.8621529887829 86.7258833163178 87.0443613967975 87.0312379815152 87.1366394376768 87.0211625370387
80.7683536339314 80.8038490631453 81.0316312931539 81.2209311668388 81.3591447034901 81.5035483116412 81.8655737690633 81.9982108418755 82.2168647396022 82.4890696653188 82.5436009146309 82.7144173865283 82.6992814648924 82.8130972350297 82.9580681866547 83.233848056905 83.3066087687675 -9999 83.7575890216022 83.9007576993783 83.8149880059108 84.001232247714 84.1171573701831 84.1855576417446 84.5580442147143 84.6839311290966 84.7792836146286 84.9103117984614 85.3485341877387 85.3125503398282 85.480927657044 85.435092017232 85.5967775504072 85.7128487363285 85.8311426620052 85.9988518268586 86.0999983820229 86.2414474237151 86.3626717588023 86.5650410739472 86.6980725456657 86.8655880252801 86.8625726057897 87.0623149234481 87.0097461413279 87.0171213812441 87.1403613093289 87.0954113473345 87.0716175063057 87.0298774099501
81.2162883347534 81.1373260669198 81.341715192515 81.4390261392801 81.6055835009404 81.9240855901746 82.1679752345525 82.4073821327607 82.6323141775505 82.7090019697639 82.8883681829045 82.812882567039 83.0810997940473 83.2719954050824 83.4252988247151 83.613526379062 83.5896084178315 83.8138970435927 84.0992151182746 84.1138624245981 84.1042496897064 84.3323775597583 84.5180489372639 84.4493994658531 84.7349000943838 85.0106504199844 85.0238956007503 85.1436314694847 85.5197746443785 85.4773538221992 85.5160645068907 85.7280496936611 85.7759332632202 85.8941750098623 85.8648580475292 86.165619230731 86.2468240678029 86.3261927910856 86.3879509478158 86.5133070440249 86.7793565530262 86.9055707643109 87.0481531132418 87.0181274954599 87.0717061011543 87.0528360524785 87.0878076212426 87.0290852023 86.9634858066482 87.0027293275502
81.4284900905411 81.1699790105319 81.529006305557 81.6098157057062 81.9524410980405 81.9771535697284 82.3908375479087 82.6092942404764 82.7658657002258 82.7310192803477 82.9392139130955 83.0641370167054 83.2033156125039 83.3608687603832 83.5765004473462 83.5841900839638 83.6485218534081 83.9653638565241 84.2454680257277 84.3486416988578 84.307038377247 84.4512077973457 84.5227375973762 84.748318193028 84.8193569206068 85.1396083104364 85.1436573690406 85.2306972829215 85.6334889999419 85.5196332078046 85.6889523929349 85.9287883377522 85.855886764549 85.981072106933 85.9458456563874 86.2858522611084 86.3271128961838 86.4396360737928 86.5713786393123 86.589575350263 86.9045298213525 87.0401335349338 87.0385556615113 87.1559809737434 87.0937489405455 87.0871973925798 87.0871709824429 87.1135012623328 87.0734336685657 86.9195148097653
81.3681179345766 81.2048762235151 81.4637979154219 81.6727927263152 81.9917370167686 82.041834604648 82.5692755470385 82.7646465875515 82.7769638393656 82.8646527084277 82.9592250322752 83.2359951017956 83.34008693637 83.5256509693232 83.6369760792553 83.735459769399 83.7760785117695 84.080650438241 84.3042806446317 84.4950729973399 84.5644646044863 84.7429422186107 84.567407276506 84.9358153547629 84.976611771362 85.1947520878473 85.2383384538408 85.2868887056048 85.6787141796562 85.7019099213041 85.882744533499 86.0528890248855 85.9167992977512 86.0493314796152 86.1736479586205 86.3893190616252 86.4497123528453 86.5497408175669 86.5893996785282 86.5824102905037 86.9744275063694 87.0828788770625 86.9823324876925 87.2476759049165 87.1303686508342 87.1830212585787 87.1063390929437 87.153002388851 87.1402408776099 87.0178239139754
81.3618909512598 81.6911804767778 81.7483932686225 81.8475715257559 82.0841276674902 82.3643673514368 82.6658381419414 82.839033069187 82.895594274703 83.0408400257729 83.0604093441072 83.2101852233905 83.5539981015545 83.7463439650383 83.894746209057 83.913134940806 83.9554082381669 84.1998693242374 84.3817294464013 84.5953862607854 84.6761004084174 84.9663365100703 85.0537453649591 85.1666192918323 85.1355807509907 85.1273641995572 85.2937083732602 85.4012739338825 85.7747480367211 85.9149512761548 86.0692647031507 86.117373903088 85.9519504773826 86.0540591440442 86.2424529002118 86.3896532377031 86.4693205263708 86.5734666204008 86.7256531656364 86.7060671536574 86.9840132034369 87.0320523084738 87.2066283782017 87.2435230681109 87.2293087835544 87.2197660623189 87.168468066096 87.1651348481665 87.1077369645108 87.2274969299821
81.4817567759367 81.5652291819051 82.0957164030589 82.2090579889671 82.3088597342122 82.6112596971063 82.8211784612167 82.9885026598528 83.1110100096569 83.1367807278309 83.3031072372589 83.4359547283476 83.6290890768609 83.7263600972942 83.9728989685083 83.9422869088964 84.1910749582148 84.3559784655322 84.5190081641342 84.6637829057 84.8301683325779 84.9894738638874 85.1226263122789 85.2976857806047 85.243550832765 85.1408215349289 85.3644257980111 85.6883663621303 85.8265144233081 85.9713135488985 86.0638056183955 86.2306801020413 86.0962824485943 86.0644067387876 86.2585664925016 86.5216788530337 86.5587003061948 86.6562513571843 86.797710928816 86.821994829145 87.0526224781295 87.1019098811775 87.2563359718617 87.2872438977322 87.299400002083 87.2562279773613 87.2091616735174 87.1768142286825 87.139607758265 87.3496645432861
81.6049834601164 81.5428824637415 82.1351190127083 82.3098509705456 82.5498872009349 83.033367507807 82.8987424559965 83.1191195516951 83.2512103696726 83.2150131279441 83.4166761010072 83.630588772916 83.769390830189 83.8931968908269 84.0375194462011 84.0909984948812 84.27699600035 84.4652852893802 84.5649684293019 84.8514273960879 85.0560313030383 85.2314606824445 85.135268916184 85.3582166720506 85.4862508694479 85.2798639018265 -9999 85.9482188136949 85.8863862858325 85.9963007971597 86.1435255534654 86.3535572021746 86.1209027848644 86.1550779936044 86.24049566665 86.6027613495381 86.7410851680125 86.8094527479656 86.8255112373306 86.8255246437722 87.1235782031185 87.20330581647 87.1296058960522 87.1960935375406 87.2812024454065 87.2966835997176 87.2241522347374 87.2536840830691 87.3666107321588 87.3359099493956
81.8869806701668 81.8103085106958 82.1789271813858 82.3759224138051 82.9012688338037 82.716363339437 82.8718087046382 83.171570319337 83.342498052305 83.2637437842866 83.4772665184787 83.6127282990114 83.7540519912257 84.0233336354102 84.2124877065609 84.3444306170865 84.4669287426892 84.7128259431852 84.7013133777942 84.9121559500006 85.1609177828482 85.2690552861466 85.3336897989318 85.4057902250991 85.7013890088252 85.6099737283972 85.6800799155831 85.9517737541304 85.9572317862776 86.1532630392788 86.1897294327708 86.3292538119735 86.3121112383791 86.2554745860712 86.3841002645652 86.5538959723617 86.756245952272 86.8086736737034 86.9219958257049 86.9260663588288 87.0234302324417 87.2800058687943 87.2824040565606 87.2305867211939 87.3290782644728 87.2318182139474 87.2390534494549 87.2824878251407 87.4346417008634 87.36810089482
82.0356238282396 82.1425136930783 82.4118865149491 82.6073829900254 82.7479695144653 82.9135126332556 82.9657699092118 83.2026736765736 83.4477410496177 83.3908007378664 83.5973533479051 83.8263731775627 83.9630236629167 84.3034441160844 84.3818714806455 84.4909881322387 84.8027431701419 84.8648494447777 84.9582621812833 85.0827097527164 85.1700822660027 85.3754479295663 85.4850606064091 85.5171051976783 85.7779028645987 85.820996304511 85.8654771785457 86.1106599506249 86.1101536662484 86.209215117987 86.251694802069 86.3762934472983 86.41816625085 86.3483715479722 86.5553965747891 86.6119084066164 86.7139280070968 86.8637858688212 86.9858519790937 87.0457681664113 87.1561036385514 87.2709287725624 87.3826734523718 87.3394785471949 87.3406698682262 87.2068985960155 87.304536314343 87.3225497559546 87.4165100003786 87.4549498044492
82.103841572952 82.4634041914392 82.5607984987051 82.7664118630319 83.0089117960303 83.1515902884088 83.1512692896994 83.3602571098829 83.4468399291195 83.5033702524944 83.9203671906719 84.1010257087587 84.1393409121356 84.4701440250002 84.6123278265284 84.6614783569283 84.88700757882 84.9518520415282 85.08993912164 -9999 85.2842480191093 85.3032263072902 85.4217864269906 85.669756965675 85.819845620087 85.9744621587507 85.9849266294229 86.0674770278479 86.3530071760497 86.3663916617876 86.4318236638253 86.4662985100829 86.5839003183417 86.5949470396437 86.7654228809739 86.806229098085 86.7590438049886 86.9397793606253 87.0488203606936 87.0969604566471 87.2605476609978 87.3055191305288 87.4633365076927 87.5548453639634 87.4316398549639 87.3083127645078 87.3631098585849 87.4022172712632 87.4385708337275 87.5290929694193
82.3787749246945 82.535651498302 82.69871778202 82.8026033588819 83.1048950714403 83.0812768023864 83.4364730547224 83.5720363186806 83.6904744467595 83.8384260242715 84.0986890881989 84.1703633784484 84.3295526710898 84.5382366865252 84.6641437174363 84.7612864590644 84.9826644404783 85.03223366217 85.0840049429569 85.1571890202028 85.3546809202764 85.2641597118782 85.4919107663544 85.6449433344877 85.8473380985163 86.0388423990817 86.0088462196689 86.1125620765386 86.3728154811243 86.4726204538367 86.5308316002529 86.5110907559467 86.5603259227715 86.6749492432278 86.8319255349499 86.923225849893 86.9036753020154 87.0332874098416 87.0479682549235 87.1189764565395 87.3601171597957 87.4553070354648 87.6005926266094 87.6336541255754 87.4378476124975 87.2216878100723 87.2557682614987 87.4031627844533 87.4758954954961 87.6098761322775
82.5041674718059 82.5905014751413 82.8136550375509 83.1024939908032 83.0684756070682 83.1976032556884 83.4612460627975 83.6880320224529 83.8018376843455 84.1432099649676 84.1997764658065 84.2926763000688 84.5310275183095 84.675701460354 84.7147194887175 84.8243994008347 85.0135007020181 85.0766822605462 85.1479101111746 -9999 85.2873605171245 85.519268960924 85.5575196580048 85.560138344248 85.8200771689313 86.069811840361 86.0993507119561 86.2252763475985 86.4044669218683 86.5630669669365 86.4994422733891 86.5436553977015 86.727951820013 86.7542419424349 86.8645763151681 86.9404489472025 86.940396147438 87.1241402128847 87.1827576218106 87.2266325758533 87.3987185427636 87.5345712308902 87.6588846311298 87.6157906849003 87.4277517581636 87.2624647573904 87.3441390548439 87.4036491345626 87.5103121380787 87.5364938626869
82.6036572065284 82.7868761259235 82.8766894538059 83.1125556760266 83.175020327122 83.3164578112651 83.584580692681 83.7320862456652 83.8102837532175 83.98399777401 84.2106676685735 84.4003287709725 84.555336428772 84.7517322449481 84.814885843584 84.8949190794799 84.9668610885732 85.2542340711124 85.2980448201567 85.3786751639595 85.4052692198807 85.7065115354018 85.6638713402684 85.8190913719392 86.0523945185754 86.2155149952779 86.3451681942086 86.432561627606 86.6592452833864 86.6315377714013 86.7280717941903 86.7032222669343 86.9519824429776 -9999 87.072500684635 87.1251796712727 86.9723600614855 87.1373082536997 87.2042355045809 87.3204768732434 87.2860669325574 87.4583875228453 87.6449714373405 87.6473398675149 87.4226421925519 87.5143597884046 87.4716074573619 87.4418858806428 87.4500228602161 87.47419879345
82.9163191535917 83.298960866249 83.4246628729631 83.5408821274824 83.5798192408999 83.777404059444 84.0077939213109 84.0613968169507 84.2007621983376 84.3568178236838 84.5272099630702 84.49696132765 84.7951302961628 84.8920842645871 84.945589608039 85.0790279130989 85.1149246852853 85.3103345883059 85.3363040024273 85.4975762998945 85.7105114946179 85.7604550092509 85.8507883391384 86.1338212219133 86.2158444498495 86.3039241563655 86.3271342054277 86.549743251132 86.6798711885323 86.8159977033553 86.9159321670455 86.9655124418235 87.092134934928 87.202064403267 87.3130233499572 87.2603842366108 87.0865288150563 87.1224479080238 -9999 87.2366044648991 87.5491128793454 87.6693925810366 87.7471477621508 87.8432870687612 87.6491987389731 87.6009210586937 87.5826454413672 87.6711268546418 87.5050481525658 87.5028711872825
83.193477082234 83.3494582460674 83.4785356424973 83.4676538723443 83.785848288352 83.9158578518729 84.1216887096586 84.3002878025531 84.1617295394991 84.3199896575031 84.5350813908187 84.7347008250231 84.959533296773 84.8720019328123 85.0301434119878 85.1970913245352 85.1613195257952 85.4934987957123 85.4300650240926 85.6577454335602 85.7869247630424 85.8586277746794 85.9116204164042 86.0862827403687 86.2424393967485 86.2783595925682 86.399380073106 86.4252494140303 86.8459620314348 86.878097323601 86.9169765386693 86.9703832816953 87.1724181824494 87.1852162408286 87.3593602617668 87.3003458044077 87.2641633657365 87.3354534405858 87.3703143628831 87.3965699090805 87.5817734509517 87.6475942050688 87.669360987519 87.705056274629 87.7934053723565 87.7202660020977 87.6455525935152 87.7101813134135 87.6587165028612 87.5554587716104
83.3426676613057 83.4060351154043 83.4645339690234 83.591584218169 83.9081019200138 83.9209822794676 84.1009550604491 84.2665748324459 84.2042836057375 84.3689821381435 84.7239441649657 84.8851667472555 84.9743293905068 84.9004312197052 85.0860220733387 85.1898867916252 85.1517153296055 85.4324233391074 85.5075259945879 85.737737828176 85.7877729852026 85.9255100476735 86.0626281900537 86.1941456308011 86.2936551538889 86.3696901579911 86.4811103787674 86.4389203980345 86.6434152114856 86.9307259792198 86.9319786129988 87.0600463841401 87.2568227983729 87.3320025766083 87.3364609940387 87.3414965771522 87.4658323495229 87.5035276325343 87.5405986620111 87.4958720421635 87.5964145271966 87.6433567216681 87.6130848810045 87.7009569079384 87.8494757199402 87.8756981098346 87.7803248823391 87.7025979754906 87.6926427747899 87.5831737478172
