rcp4.5models/CNRM_CM5/sc1gr7.26
NCOLS 261 
NROWS 433 
XLLCORNER 336357.134 
YLLCORNER 654653.479 
CELLSIZE 1000 
NODATA_value -3.4e+38 
[rows 110 to 131 of 433, columns 49 to 97 of 261]
113.772941589355 113.169509887695 112.554412841797 111.887168884277 111.723014831543 110.972091674805 110.316246032715 109.349800109863 108.821868896484 108.302268981934 107.80704498291 107.595809936523 106.801391601562 106.04377746582 105.278877258301 105.045921325684 104.450622558594 103.859428405762 102.917434692383 102.433334350586 101.893005371094 101.30485534668 100.939613342285 100.232078552246 99.7834701538086 99.3743515014648 98.9261932373047 98.5366058349609 98.0830535888672 96.7768325805664 96.4263305664062 96.0379867553711 95.4224700927734 95.0579833984375 94.4814834594727 94.0087890625 93.5832443237305 93.2355499267578 93.1164779663086 92.8007583618164 92.2790298461914 91.3602981567383 91.0863800048828 90.7927703857422 90.3757781982422 90.327766418457 89.9368209838867 89.7621078491211 89.5317306518555
113.700225830078 113.432197570801 112.459045410156 112.067260742188 111.56714630127 111.100936889648 110.359870910645 109.407836914062 109.201713562012 108.239601135254 107.673263549805 107.405487060547 106.924583435059 106.320938110352 105.532249450684 105.115211486816 104.45149230957 103.770500183105 102.851005554199 102.365226745605 101.672988891602 101.211669921875 100.876029968262 100.06941986084 99.8234024047852 99.3031005859375 98.674934387207 98.3080062866211 97.8632431030273 96.7891082763672 96.3225250244141 95.6638259887695 95.3207015991211 94.6458892822266 94.2256698608398 93.9497222900391 93.4480133056641 93.2262649536133 92.8735122680664 92.3722610473633 91.8387069702148 91.0764846801758 90.7079238891602 90.4669036865234 90.1891937255859 89.9803237915039 89.7252044677734 89.3946304321289 89.2284469604492
113.781272888184 113.401779174805 112.52018737793 112.163909912109 111.716361999512 111.339126586914 110.38353729248 109.44751739502 108.936752319336 108.488983154297 107.743560791016 107.496383666992 107.168838500977 106.599594116211 105.468704223633 104.807746887207 104.531066894531 103.717491149902 102.62279510498 102.363220214844 101.53604888916 101.301177978516 100.818298339844 99.9001617431641 99.7359924316406 99.1227645874023 98.5942306518555 98.1219253540039 97.759651184082 96.6969451904297 96.2059173583984 95.5174255371094 95.2787704467773 94.4721527099609 94.1076202392578 93.8114166259766 93.1765823364258 92.9258117675781 92.5163726806641 91.9316101074219 91.4953002929688 90.7396392822266 90.4161682128906 90.3256530761719 89.7561111450195 89.5826644897461 89.2805862426758 88.9728622436523 88.8620223999023
113.966430664062 113.30199432373 112.629196166992 111.915878295898 111.61890411377 111.011558532715 110.712661743164 109.513778686523 108.976638793945 108.678146362305 107.69953918457 107.535453796387 106.864677429199 106.515647888184 105.264503479004 104.985847473145 104.564086914062 103.806579589844 102.851913452148 102.391014099121 101.553565979004 101.172424316406 100.495941162109 99.9463882446289 99.5568008422852 99.0891418457031 98.436767578125 97.7845458984375 97.4065933227539 96.6099700927734 95.9567108154297 95.4674606323242 95.0230102539062 94.3669662475586 94.0053253173828 93.6257553100586 93.0471343994141 92.7231216430664 92.3450622558594 91.7075576782227 91.2454147338867 90.4838485717773 90.2334365844727 90.0087203979492 89.569450378418 89.2008438110352 89.0772094726562 88.8085632324219 88.4852600097656
113.790832519531 113.363151550293 112.893440246582 112.063079833984 111.530364990234 111.278381347656 110.818031311035 109.532432556152 109.107208251953 108.629165649414 107.954132080078 107.351150512695 106.907936096191 106.583015441895 105.530418395996 104.808128356934 104.466102600098 103.97265625 103.032592773438 102.248435974121 101.418663024902 101.070930480957 100.272941589355 100.005424499512 99.3397827148438 98.7295989990234 98.0494842529297 97.5966720581055 97.1740112304688 96.4129409790039 -3.4e+38 95.3450546264648 94.7451705932617 94.1754531860352 93.950927734375 93.368537902832 92.91455078125 92.4240036010742 91.9551849365234 91.353889465332 91.0303573608398 90.4330520629883 89.8373031616211 89.5914077758789 89.2239990234375 88.9395370483398 88.7556915283203 88.5280151367188 88.2946929931641
113.924575805664 113.578109741211 113.155204772949 112.175491333008 111.785415649414 111.371597290039 110.791885375977 109.658760070801 108.970863342285 108.538345336914 107.692962646484 107.498580932617 106.95516204834 106.458610534668 105.430839538574 104.966484069824 104.426200866699 103.964805603027 102.746940612793 102.310745239258 101.352180480957 100.944023132324 100.420310974121 99.7985382080078 99.0769805908203 98.6521072387695 98.1199798583984 97.4250564575195 96.7570953369141 95.6923065185547 95.3217849731445 95.0409240722656 94.6038589477539 93.9472885131836 93.7350234985352 93.0536346435547 92.6283187866211 91.9594421386719 91.7346038818359 91.0444564819336 90.6644592285156 89.9433517456055 -3.4e+38 89.1009750366211 88.7746047973633 88.197624206543 88.080192565918 87.83642578125 87.5757522583008
113.728477478027 113.596374511719 113.006820678711 112.231918334961 111.778091430664 111.434051513672 110.787101745605 109.64070892334 108.846153259277 108.589241027832 107.750038146973 107.36979675293 106.782386779785 106.420028686523 105.387084960938 104.945159912109 104.199195861816 104.024757385254 102.762565612793 102.278717041016 101.545585632324 100.890411376953 100.494117736816 99.6562194824219 99.2513198852539 98.5004119873047 98.0950927734375 97.4673080444336 96.7227630615234 95.7765045166016 95.1990280151367 94.8588104248047 94.3277206420898 93.8694000244141 -3.4e+38 92.8777389526367 92.4652099609375 91.9083404541016 91.5199127197266 90.8918151855469 90.3671798706055 89.6323318481445 89.2372055053711 88.910888671875 88.6298599243164 88.0634307861328 87.6556015014648 87.5251541137695 87.1427917480469
113.862113952637 113.538345336914 113.133308410645 112.647918701172 111.613151550293 111.22045135498 110.755310058594 109.547958374023 109.248435974121 108.473762512207 -3.4e+38 -3.4e+38 106.327911376953 106.271591186523 105.495109558105 104.846199035645 104.434921264648 103.923721313477 102.609245300293 102.269218444824 101.677711486816 100.807540893555 100.272804260254 99.6375274658203 99.1944351196289 98.5970916748047 98.1105880737305 97.2912673950195 96.6171264648438 95.9301834106445 95.1367568969727 94.7695999145508 94.0989532470703 93.7303009033203 93.2792434692383 92.6990585327148 92.3919830322266 91.865119934082 91.1420135498047 90.7182235717773 90.2413482666016 89.3813018798828 89.1551742553711 88.6974258422852 88.411247253418 88.1357650756836 87.6208572387695 87.3390121459961 86.8380126953125
114.131797790527 113.590934753418 -3.4e+38 112.676651000977 111.899131774902 111.292724609375 110.747657775879 109.490875244141 109.19889831543 108.441184997559 107.634864807129 106.788963317871 106.532615661621 105.992408752441 105.31298828125 104.672286987305 104.203666687012 103.59302520752 102.623069763184 102.195693969727 101.40690612793 100.760482788086 100.296195983887 99.6306457519531 99.1920547485352 98.8257141113281 98.0062255859375 97.2112274169922 96.6760025024414 95.8043899536133 95.1059417724609 94.6867294311523 94.0624008178711 93.5431442260742 93.0727386474609 92.4158096313477 91.9545211791992 91.5822296142578 90.8700332641602 90.6092910766602 90.1855392456055 89.3452606201172 89.0367813110352 88.5589141845703 88.3583602905273 87.9684371948242 87.453727722168 87.1133270263672 86.7682647705078
114.256423950195 113.547027587891 -3.4e+38 -3.4e+38 -3.4e+38 111.213516235352 110.860458374023 109.709411621094 108.870048522949 108.478134155273 107.585502624512 106.972229003906 106.532112121582 105.902687072754 105.200332641602 104.588935852051 104.074783325195 103.359703063965 102.502388000488 102.040435791016 101.272560119629 100.931465148926 100.325637817383 99.6137084960938 99.2129898071289 98.7545318603516 97.9895629882812 97.2941970825195 96.7723770141602 95.6166381835938 95.1217651367188 94.6294021606445 93.9290466308594 -3.4e+38 92.9495239257812 92.2362823486328 91.5308685302734 91.3452911376953 90.8223114013672 90.5136795043945 89.92919921875 89.2770614624023 89.0069885253906 88.6330413818359 88.2821578979492 87.7417373657227 87.1740875244141 87.0238342285156 86.7679748535156
114.202423095703 113.558059692383 113.034118652344 -3.4e+38 -3.4e+38 111.102935791016 110.979393005371 109.444229125977 108.593544006348 108.485641479492 107.542068481445 107.050605773926 106.411712646484 105.899291992188 105.046600341797 104.422332763672 104.064025878906 103.279075622559 102.40502166748 101.977348327637 101.228797912598 101.010734558105 100.208961486816 99.6348571777344 99.2220993041992 98.6588592529297 97.811279296875 97.2195053100586 96.5105743408203 95.528205871582 95.027961730957 94.523307800293 93.7874069213867 93.3929672241211 92.7491760253906 92.0655822753906 91.5440216064453 91.2610626220703 90.7955627441406 90.3891906738281 89.8178253173828 89.2034454345703 88.9100112915039 88.4865875244141 87.9917297363281 87.5618286132812 86.9875030517578 86.8755035400391 86.5551605224609
114.27986907959 113.560195922852 113.237670898438 112.801376342773 112.304901123047 111.282455444336 110.831253051758 109.477058410645 108.591522216797 108.262199401855 107.156379699707 106.852897644043 106.252960205078 105.920867919922 105.021186828613 104.550331115723 104.057487487793 103.129486083984 102.263298034668 101.632598876953 101.102310180664 100.970024108887 100.149040222168 99.6133270263672 99.0215682983398 98.4480667114258 97.9198532104492 97.2465209960938 96.4687347412109 95.5137557983398 94.8849487304688 94.3251571655273 93.7578201293945 93.4254913330078 92.579475402832 92.1101989746094 91.5710983276367 91.0230331420898 90.6783828735352 90.3002548217773 89.7303161621094 89.095085144043 88.8176040649414 88.3418350219727 87.8096008300781 87.3654632568359 86.9154357910156 86.6904602050781 86.413703918457
114.516571044922 113.615951538086 113.436828613281 112.713500976562 111.924034118652 111.354232788086 110.535446166992 109.309783935547 108.753463745117 108.008117675781 107.294715881348 106.740455627441 106.387924194336 105.942916870117 105.078170776367 104.439193725586 103.891334533691 103.243499755859 102.215461730957 101.450393676758 101.127098083496 100.691474914551 100.001800537109 99.5016784667969 98.8278579711914 98.5695877075195 97.8361206054688 97.1239242553711 96.3528060913086 95.4842681884766 94.8291625976562 94.3855972290039 93.6994400024414 93.334358215332 92.5762176513672 92.1210098266602 91.4485778808594 90.921272277832 90.5378875732422 90.250373840332 89.6594085693359 89.0178985595703 88.6915817260742 88.1808471679688 87.5569000244141 87.1944427490234 86.9546203613281 86.5049362182617 86.3606109619141
114.58366394043 113.860260009766 113.242652893066 112.414436340332 111.700553894043 110.991638183594 110.72102355957 109.397262573242 108.637687683105 107.899139404297 107.494361877441 106.516418457031 106.28630065918 105.495475769043 105.046783447266 104.307739257812 103.780838012695 103.079551696777 101.841255187988 101.346755981445 100.841064453125 100.502082824707 99.7602233886719 99.4260482788086 98.7394409179688 98.4802474975586 97.4781799316406 96.9876861572266 96.3833694458008 95.4557037353516 94.7459182739258 94.2591705322266 93.6711654663086 93.2175674438477 92.5042114257812 91.8882827758789 91.2672653198242 91.0245742797852 90.5354995727539 90.2010803222656 89.5757446289062 88.897590637207 88.5734558105469 88.073112487793 87.4034652709961 87.0485534667969 86.9366989135742 86.4484100341797 86.2408065795898
114.584037780762 113.959197998047 113.116630554199 112.606651306152 111.680297851562 111.015533447266 110.772308349609 109.294731140137 108.626533508301 108.127403259277 107.180473327637 106.694816589355 106.159828186035 105.297088623047 105.051612854004 104.180839538574 103.608100891113 103.041938781738 101.715827941895 101.289749145508 100.640975952148 100.328308105469 99.5331573486328 99.1543731689453 98.4412002563477 98.0752639770508 97.3207168579102 96.9406967163086 96.4653167724609 95.1980133056641 94.6639862060547 93.9522094726562 93.4890441894531 93.099365234375 92.3453674316406 91.6986923217773 91.2703094482422 91.0233306884766 90.4643478393555 90.1237411499023 89.6122283935547 88.7725143432617 88.3767166137695 87.9547576904297 87.3311233520508 86.9863739013672 86.7799682617188 86.4240646362305 86.0927352905273
114.890487670898 113.896041870117 112.965629577637 112.819816589355 111.997299194336 111.331352233887 110.772117614746 109.24308013916 108.78547668457 108.234939575195 107.699676513672 106.738952636719 106.054382324219 105.518463134766 104.86156463623 104.45573425293 103.816818237305 102.863502502441 101.755653381348 101.095230102539 100.697624206543 100.032661437988 99.4586029052734 98.8577499389648 98.3028717041016 97.7837982177734 97.2115173339844 96.9309005737305 96.205924987793 94.9359588623047 94.4277420043945 93.7511672973633 93.4520111083984 92.8694458007812 92.2628555297852 91.5906066894531 91.2159194946289 90.9718856811523 90.4156112670898 89.9951019287109 89.5414810180664 88.6672668457031 88.278450012207 87.9910888671875 87.3069763183594 87.0923080444336 86.6826171875 86.3305435180664 86.0690155029297
114.875358581543 113.751457214355 113.2861328125 112.647972106934 112.12183380127 111.127136230469 110.856239318848 109.38224029541 108.6630859375 108.157745361328 107.385887145996 106.554244995117 106.237854003906 105.726661682129 104.720108032227 104.324485778809 103.722770690918 102.972953796387 101.741767883301 101.15153503418 100.378784179688 99.831184387207 99.1955337524414 98.5619583129883 98.2268600463867 97.4445495605469 97.0702209472656 96.8590545654297 95.9988861083984 94.9408569335938 94.3941116333008 93.9432830810547 93.382568359375 92.756706237793 92.1140289306641 91.8839721679688 91.2046203613281 90.8002777099609 90.0947113037109 89.8271636962891 89.2911148071289 88.4691390991211 88.02294921875 87.7863693237305 87.3903274536133 86.9839096069336 86.5988845825195 86.2235412597656 85.9670028686523
114.649620056152 113.839942932129 113.26586151123 113.00993347168 112.183418273926 111.219055175781 110.702621459961 109.246047973633 108.664985656738 108.145629882812 107.406921386719 106.639366149902 106.110900878906 105.377723693848 104.654365539551 104.200393676758 103.970161437988 102.825004577637 101.380195617676 100.94677734375 100.328735351562 99.5173187255859 99.0838241577148 98.4469299316406 98.0462951660156 97.3782119750977 96.9787368774414 96.4708709716797 95.9034042358398 94.9956130981445 94.307243347168 93.9621505737305 93.4466857910156 92.9508209228516 92.2753372192383 91.7079238891602 91.01904296875 90.6190032958984 90.0104751586914 89.6449890136719 89.1784439086914 88.3841781616211 87.8903350830078 87.7075042724609 87.3997802734375 86.9021911621094 86.4721298217773 86.1437149047852 85.8733825683594
114.543724060059 114.054153442383 113.378494262695 112.811164855957 111.935089111328 111.218872070312 110.590240478516 109.707107543945 108.965950012207 108.152976989746 107.587203979492 106.644432067871 105.904327392578 105.428421020508 104.622360229492 104.144500732422 103.665237426758 102.739875793457 101.519676208496 100.72966003418 100.24543762207 99.5538635253906 99.0371551513672 98.3486862182617 97.7627639770508 97.2730407714844 96.9945068359375 96.1977462768555 95.7887496948242 94.8461151123047 94.3558654785156 93.9157257080078 93.3586654663086 92.8215560913086 92.1296615600586 91.6433258056641 90.9888000488281 90.4751892089844 90.02978515625 89.4727401733398 89.1220245361328 88.2934799194336 87.752571105957 87.5668487548828 87.2704544067383 86.8145751953125 86.5294952392578 86.1387634277344 85.8199310302734
114.852630615234 113.923149108887 113.346725463867 112.648094177246 112.433746337891 111.520919799805 110.858352661133 109.149337768555 108.656791687012 108.039993286133 107.672576904297 106.746276855469 106.206085205078 105.587844848633 104.66951751709 104.309852600098 103.323799133301 102.480690002441 101.52326965332 100.718528747559 100.193786621094 99.4873046875 98.8514099121094 98.0295715332031 97.7968521118164 97.2298202514648 96.9952774047852 96.1085739135742 95.7480545043945 94.819953918457 94.3423233032227 93.6474304199219 93.1815567016602 92.6334075927734 91.976432800293 91.4264755249023 90.900146484375 90.5456237792969 90.0234756469727 89.4009628295898 89.0557479858398 88.143913269043 87.7710723876953 87.4004821777344 87.0279006958008 86.6906814575195 86.4870223999023 86.1513061523438 85.8038024902344
114.773155212402 113.905616760254 113.478302001953 112.759330749512 112.452362060547 111.547714233398 110.554916381836 109.058647155762 108.496467590332 107.83814239502 107.488456726074 106.947547912598 106.181632995605 105.52872467041 105.14599609375 104.432334899902 103.69766998291 102.706016540527 101.534233093262 100.860328674316 100.357604980469 99.459831237793 98.7843322753906 98.0843658447266 97.628532409668 97.0193786621094 96.7079391479492 96.0050506591797 95.6333770751953 94.7484817504883 94.2846221923828 93.3769149780273 93.0279083251953 92.3308258056641 91.9178161621094 91.423095703125 90.9030990600586 90.7078247070312 90.0453338623047 89.3101196289062 88.8949584960938 87.9534759521484 87.6167221069336 87.237174987793 86.9964370727539 86.5851211547852 86.3967437744141 86.079719543457 85.6969757080078
114.832260131836 114.419914245605 113.421615600586 112.985931396484 111.929359436035 111.217590332031 110.397338867188 108.989784240723 108.550621032715 107.946228027344 107.345764160156 106.562896728516 106.131774902344 105.588813781738 104.830047607422 104.20499420166 103.812080383301 102.692939758301 101.582557678223 100.77564239502 100.181716918945 99.7109527587891 98.9345321655273 98.2664413452148 97.3909072875977 96.9056015014648 96.5602874755859 95.9547805786133 95.5773468017578 94.5416717529297 94.0876846313477 93.238151550293 92.8607025146484 92.2074966430664 91.8582000732422 91.4804992675781 90.802360534668 90.3461990356445 90.0765762329102 89.3798446655273 88.8042526245117 87.8960647583008 87.6118240356445 87.2079391479492 87.0060958862305 86.6491088867188 86.4859619140625 85.9370269775391 85.5406723022461
