rcp4.5models/CNRM_CM5/sc1gr7.30
NCOLS 261 
NROWS 433 
XLLCORNER 336357.134 
YLLCORNER 654653.479 
CELLSIZE 1000 
NODATA_value -3.4e+38 
[rows 44 to 65 of 433, columns 98 to 146 of 261]
164.10009765625 163.910934448242 163.498962402344 163.027587890625 162.748474121094 162.375396728516 162.197647094727 161.985809326172 161.655044555664 161.577606201172 161.104110717773 160.893051147461 160.556137084961 160.196029663086 159.374145507812 159.212020874023 158.851272583008 158.435348510742 158.159912109375 157.7236328125 157.425079345703 156.917587280273 156.692749023438 156.420013427734 -3.4e+38 -3.4e+38 -3.4e+38 -3.4e+38 -3.4e+38 -3.4e+38 -3.4e+38 -3.4e+38 -3.4e+38 -3.4e+38 -3.4e+38 -3.4e+38 -3.4e+38 -3.4e+38 -3.4e+38 -3.4e+38 -3.4e+38 -3.4e+38 -3.4e+38 -3.4e+38 -3.4e+38 -3.4e+38 -3.4e+38 -3.4e+38 -3.4e+38
162.867553710938 162.508483886719 162.203155517578 161.788345336914 161.510513305664 161.334167480469 160.845916748047 160.671188354492 160.456619262695 160.191268920898 159.845748901367 159.442138671875 159.177200317383 158.792129516602 158.049163818359 157.589157104492 157.217834472656 156.927597045898 156.556869506836 156.282974243164 155.707855224609 155.288314819336 155.159942626953 154.70573425293 154.308563232422 -3.4e+38 -3.4e+38 -3.4e+38 -3.4e+38 -3.4e+38 -3.4e+38 -3.4e+38 -3.4e+38 -3.4e+38 -3.4e+38 -3.4e+38 -3.4e+38 -3.4e+38 -3.4e+38 -3.4e+38 -3.4e+38 -3.4e+38 -3.4e+38 -3.4e+38 -3.4e+38 -3.4e+38 -3.4e+38 -3.4e+38 -3.4e+38
162.310134887695 161.830795288086 161.639114379883 161.131607055664 160.890823364258 160.723114013672 160.282836914062 160.087936401367 159.829177856445 159.450424194336 159.214447021484 158.676849365234 158.433868408203 158.064498901367 157.384582519531 156.990631103516 156.753890991211 156.321655273438 155.968246459961 155.469802856445 154.961349487305 154.609527587891 154.334335327148 153.943069458008 153.562469482422 153.364303588867 152.712646484375 -3.4e+38 -3.4e+38 -3.4e+38 -3.4e+38 -3.4e+38 -3.4e+38 -3.4e+38 -3.4e+38 -3.4e+38 -3.4e+38 -3.4e+38 -3.4e+38 -3.4e+38 -3.4e+38 -3.4e+38 -3.4e+38 -3.4e+38 -3.4e+38 -3.4e+38 -3.4e+38 -3.4e+38 -3.4e+38
161.709442138672 161.408233642578 161.06217956543 160.398147583008 160.294418334961 160.112533569336 159.719192504883 159.348236083984 159.043579101562 158.720397949219 158.483795166016 158.104583740234 157.719772338867 157.443161010742 156.620849609375 156.419860839844 156.097198486328 155.672882080078 155.134475708008 154.66975402832 154.380935668945 153.920425415039 153.623413085938 153.379974365234 153.076171875 152.689056396484 152.004791259766 -3.4e+38 151.262741088867 -3.4e+38 -3.4e+38 -3.4e+38 -3.4e+38 -3.4e+38 -3.4e+38 -3.4e+38 -3.4e+38 -3.4e+38 -3.4e+38 -3.4e+38 -3.4e+38 -3.4e+38 -3.4e+38 -3.4e+38 -3.4e+38 -3.4e+38 -3.4e+38 -3.4e+38 -3.4e+38
160.804885864258 160.655288696289 160.421310424805 159.892883300781 159.646820068359 159.255706787109 159.051879882812 158.574234008789 158.403121948242 157.981201171875 157.810272216797 157.428497314453 157.059616088867 156.791809082031 156.069061279297 155.624267578125 155.340545654297 154.919174194336 154.359786987305 154.036895751953 153.73258972168 153.226608276367 152.934097290039 152.685699462891 152.416015625 152.159469604492 151.300689697266 150.956466674805 -3.4e+38 -3.4e+38 -3.4e+38 -3.4e+38 -3.4e+38 -3.4e+38 -3.4e+38 -3.4e+38 -3.4e+38 -3.4e+38 -3.4e+38 -3.4e+38 -3.4e+38 -3.4e+38 -3.4e+38 -3.4e+38 -3.4e+38 -3.4e+38 -3.4e+38 -3.4e+38 -3.4e+38
160.028961181641 159.948425292969 159.479888916016 159.050079345703 158.768249511719 158.344253540039 158.187744140625 157.996276855469 157.635009765625 157.317825317383 157.160385131836 156.758682250977 156.401473999023 156.019027709961 155.247955322266 154.843566894531 154.537033081055 154.152481079102 153.824188232422 -3.4e+38 152.993225097656 152.656936645508 152.342849731445 151.865661621094 151.707733154297 151.334854125977 150.638259887695 150.2470703125 149.972229003906 149.722732543945 149.414352416992 -3.4e+38 -3.4e+38 -3.4e+38 -3.4e+38 -3.4e+38 -3.4e+38 -3.4e+38 -3.4e+38 -3.4e+38 -3.4e+38 -3.4e+38 -3.4e+38 -3.4e+38 -3.4e+38 -3.4e+38 -3.4e+38 -3.4e+38 -3.4e+38
159.198516845703 159.173583984375 158.762451171875 158.218002319336 157.90608215332 157.553802490234 157.423095703125 157.33479309082 156.787490844727 156.520217895508 156.365417480469 155.91877746582 155.446228027344 155.216247558594 154.48828125 154.143905639648 153.710693359375 153.48600769043 153.140502929688 -3.4e+38 152.252029418945 151.835754394531 151.620681762695 151.205123901367 150.929550170898 150.518127441406 149.972381591797 149.603393554688 149.434432983398 149.185623168945 148.805999755859 148.539916992188 -3.4e+38 -3.4e+38 -3.4e+38 -3.4e+38 -3.4e+38 -3.4e+38 -3.4e+38 -3.4e+38 -3.4e+38 -3.4e+38 -3.4e+38 -3.4e+38 -3.4e+38 -3.4e+38 -3.4e+38 -3.4e+38 -3.4e+38
158.482772827148 158.286529541016 158.034439086914 157.635437011719 157.326400756836 156.894943237305 156.78791809082 156.318420410156 156.060607910156 155.528442382812 155.221145629883 154.705139160156 154.448333740234 154.29020690918 153.584838867188 153.10578918457 152.910751342773 152.903564453125 152.462783813477 151.829956054688 151.382797241211 151.086883544922 150.859130859375 150.542770385742 150.308364868164 149.858322143555 149.335723876953 149.02880859375 148.778610229492 148.546722412109 148.16877746582 147.803451538086 -3.4e+38 -3.4e+38 -3.4e+38 -3.4e+38 -3.4e+38 -3.4e+38 -3.4e+38 -3.4e+38 -3.4e+38 -3.4e+38 -3.4e+38 -3.4e+38 -3.4e+38 -3.4e+38 -3.4e+38 -3.4e+38 -3.4e+38
157.745346069336 157.686630249023 157.372268676758 157.087127685547 156.740692138672 156.357345581055 155.850463867188 155.454376220703 155.187149047852 154.841705322266 154.436935424805 153.907775878906 153.654525756836 153.525955200195 152.692184448242 152.362564086914 152.161087036133 151.995758056641 151.437927246094 151.048767089844 150.743148803711 150.395690917969 150.222885131836 149.924133300781 149.684158325195 149.263214111328 148.727661132812 148.342132568359 148.112365722656 147.694152832031 147.378921508789 147.047485351562 146.892944335938 -3.4e+38 -3.4e+38 -3.4e+38 -3.4e+38 -3.4e+38 -3.4e+38 -3.4e+38 -3.4e+38 -3.4e+38 -3.4e+38 -3.4e+38 -3.4e+38 -3.4e+38 -3.4e+38 -3.4e+38 -3.4e+38
156.991897583008 157.028213500977 156.784774780273 156.345458984375 156.02375793457 155.667373657227 155.044250488281 154.728652954102 154.434875488281 154.088653564453 153.766021728516 153.298538208008 152.966583251953 152.918792724609 151.837417602539 151.598999023438 151.374908447266 151.019668579102 150.523727416992 150.348098754883 150.013885498047 149.747528076172 149.495727539062 149.094970703125 148.80517578125 148.527893066406 147.977172851562 147.491546630859 147.259017944336 147.034622192383 146.674911499023 146.387145996094 146.219360351562 145.988922119141 -3.4e+38 -3.4e+38 144.901168823242 -3.4e+38 -3.4e+38 -3.4e+38 -3.4e+38 -3.4e+38 -3.4e+38 -3.4e+38 -3.4e+38 -3.4e+38 -3.4e+38 -3.4e+38 -3.4e+38
156.353561401367 156.18733215332 156.059677124023 155.338882446289 155.265762329102 154.869003295898 154.310440063477 153.93669128418 153.738555908203 153.23779296875 152.926376342773 152.371520996094 152.313186645508 151.979690551758 150.975021362305 -3.4e+38 150.484817504883 150.192337036133 149.878982543945 149.615081787109 149.2451171875 149.166564941406 148.685592651367 -3.4e+38 148.126220703125 147.626541137695 147.01042175293 146.74787902832 146.421539306641 146.2275390625 145.936050415039 145.940383911133 145.556549072266 145.32487487793 145.127746582031 -3.4e+38 -3.4e+38 143.922271728516 -3.4e+38 -3.4e+38 -3.4e+38 -3.4e+38 -3.4e+38 -3.4e+38 -3.4e+38 -3.4e+38 -3.4e+38 -3.4e+38 -3.4e+38
155.836868286133 -3.4e+38 155.154922485352 154.365783691406 154.553268432617 -3.4e+38 153.499740600586 153.027420043945 -3.4e+38 152.290740966797 151.878952026367 151.481491088867 -3.4e+38 151.243377685547 150.506866455078 -3.4e+38 149.627975463867 149.568176269531 149.1103515625 148.686981201172 148.643615722656 148.432586669922 147.80305480957 147.633499145508 147.337829589844 146.724853515625 146.300704956055 146.027893066406 145.695327758789 145.448287963867 145.151550292969 145.160461425781 144.870681762695 144.469772338867 144.138000488281 -3.4e+38 143.91975402832 -3.4e+38 142.930145263672 -3.4e+38 -3.4e+38 -3.4e+38 -3.4e+38 -3.4e+38 -3.4e+38 -3.4e+38 -3.4e+38 -3.4e+38 -3.4e+38
154.32421875 154.01741027832 153.660064697266 153.084289550781 -3.4e+38 -3.4e+38 151.940124511719 151.316680908203 150.939559936523 150.798370361328 150.295425415039 150.216079711914 -3.4e+38 149.865173339844 149.246398925781 148.434677124023 148.052108764648 147.70703125 147.271789550781 147.147445678711 147.153671264648 146.65998840332 146.227249145508 146.198150634766 145.735626220703 145.392318725586 144.894424438477 144.382247924805 144.313262939453 144.026916503906 143.528305053711 143.332229614258 143.075210571289 142.872497558594 142.787384033203 142.575653076172 142.298355102539 142.005722045898 -3.4e+38 -3.4e+38 -3.4e+38 -3.4e+38 -3.4e+38 -3.4e+38 -3.4e+38 -3.4e+38 -3.4e+38 -3.4e+38 -3.4e+38
153.682037353516 153.222854614258 152.787551879883 152.471878051758 -3.4e+38 -3.4e+38 151.275451660156 150.823455810547 150.500717163086 150.055206298828 149.727783203125 149.484283447266 149.426834106445 148.910736083984 148.26481628418 147.627288818359 147.287948608398 146.815643310547 146.407257080078 146.589752197266 -3.4e+38 145.637969970703 145.454803466797 145.4267578125 144.619277954102 144.446044921875 -3.4e+38 143.695587158203 143.292938232422 143.082611083984 142.874496459961 142.747848510742 142.421600341797 142.168930053711 142.070190429688 141.78645324707 -3.4e+38 -3.4e+38 -3.4e+38 -3.4e+38 -3.4e+38 -3.4e+38 -3.4e+38 -3.4e+38 -3.4e+38 -3.4e+38 -3.4e+38 -3.4e+38 -3.4e+38
152.975158691406 152.565704345703 151.915771484375 151.919616699219 -3.4e+38 151.077697753906 150.512969970703 150.250442504883 149.885864257812 149.273391723633 148.842544555664 148.850021362305 148.601669311523 148.043060302734 147.197479248047 146.931137084961 146.586975097656 146.128372192383 145.905990600586 -3.4e+38 -3.4e+38 144.786895751953 144.715774536133 144.337951660156 143.692092895508 143.552108764648 143.012817382812 142.918975830078 142.584564208984 142.084350585938 141.950653076172 141.869110107422 141.570098876953 141.32292175293 141.189071655273 141.014221191406 -3.4e+38 -3.4e+38 -3.4e+38 -3.4e+38 -3.4e+38 139.730239868164 139.496200561523 -3.4e+38 -3.4e+38 -3.4e+38 -3.4e+38 -3.4e+38 -3.4e+38
152.168792724609 151.444366455078 151.104995727539 151.088714599609 150.859481811523 150.418121337891 149.768478393555 149.503829956055 149.279876708984 148.680587768555 148.133438110352 148.040008544922 147.744659423828 147.207275390625 146.541961669922 146.209167480469 145.812164306641 145.506454467773 145.268188476562 145.075454711914 144.625305175781 144.051773071289 143.788909912109 143.485076904297 143.007034301758 142.850875854492 141.966384887695 141.913238525391 141.672821044922 141.251159667969 141.023620605469 140.784957885742 140.673614501953 140.62190246582 140.479263305664 140.533676147461 -3.4e+38 -3.4e+38 -3.4e+38 -3.4e+38 -3.4e+38 -3.4e+38 138.931716918945 138.616806030273 -3.4e+38 -3.4e+38 -3.4e+38 -3.4e+38 -3.4e+38
151.229232788086 150.646591186523 150.384948730469 150.332473754883 150.051300048828 149.696166992188 149.157073974609 148.811264038086 148.340103149414 147.734924316406 147.495727539062 147.386840820312 146.858459472656 146.399444580078 145.878158569336 145.548965454102 145.105484008789 144.765762329102 144.487167358398 144.290893554688 143.70573425293 143.289321899414 143.072830200195 142.842208862305 142.354385375977 142.230758666992 141.107284545898 141.031585693359 140.766342163086 140.520874023438 140.214584350586 140.070419311523 139.948577880859 140.023483276367 140.083511352539 139.906921386719 -3.4e+38 -3.4e+38 -3.4e+38 -3.4e+38 -3.4e+38 -3.4e+38 138.331939697266 138.014205932617 -3.4e+38 -3.4e+38 -3.4e+38 -3.4e+38 -3.4e+38
150.305587768555 149.972686767578 149.764678955078 149.587188720703 149.371734619141 149.013519287109 148.577896118164 148.152191162109 147.614898681641 146.908981323242 146.924224853516 146.681137084961 146.133056640625 145.65673828125 145.190002441406 144.642517089844 144.265563964844 144.004486083984 143.697189331055 143.469497680664 143.106811523438 142.565490722656 142.304153442383 142.015060424805 141.570159912109 141.600036621094 140.404754638672 140.169357299805 140.029449462891 140.029708862305 139.534606933594 139.493225097656 139.317520141602 139.429489135742 139.617248535156 139.276428222656 139.093933105469 -3.4e+38 -3.4e+38 -3.4e+38 -3.4e+38 -3.4e+38 -3.4e+38 137.467803955078 137.202850341797 -3.4e+38 -3.4e+38 -3.4e+38 -3.4e+38
149.700790405273 149.378128051758 149.044937133789 148.706390380859 148.537048339844 148.3759765625 147.714508056641 147.207763671875 146.67024230957 146.037567138672 146.029815673828 145.669311523438 145.434936523438 144.843933105469 144.159637451172 143.691680908203 143.339874267578 143.286865234375 142.873092651367 142.751022338867 142.509552001953 141.898880004883 141.447891235352 141.21858215332 140.799896240234 140.786666870117 139.836929321289 139.484115600586 139.503845214844 139.306793212891 138.777633666992 138.659439086914 138.781280517578 139.087493896484 138.901596069336 138.526840209961 138.31379699707 137.618041992188 137.430648803711 137.425338745117 -3.4e+38 -3.4e+38 -3.4e+38 -3.4e+38 136.657073974609 -3.4e+38 -3.4e+38 -3.4e+38 -3.4e+38
149.123565673828 148.860504150391 148.659088134766 147.882598876953 147.618850708008 147.569381713867 146.899932861328 146.393203735352 145.762298583984 145.509017944336 145.078033447266 144.868667602539 144.438415527344 143.977111816406 143.116409301758 142.95246887207 142.574111938477 142.367828369141 142.258560180664 142.027603149414 141.749954223633 141.141006469727 140.522308349609 140.208801269531 140.132141113281 139.930068969727 139.316879272461 139.119110107422 138.658966064453 138.300170898438 137.934768676758 137.893447875977 138.271270751953 138.491729736328 138.095886230469 137.779907226562 137.217514038086 136.539596557617 136.501617431641 136.529922485352 136.487915039062 -3.4e+38 -3.4e+38 -3.4e+38 135.999389648438 135.694412231445 -3.4e+38 -3.4e+38 -3.4e+38
148.531585693359 148.27131652832 148.066787719727 147.162948608398 146.937606811523 146.514877319336 146.153839111328 145.614669799805 145.177627563477 144.831649780273 144.423522949219 144.117950439453 143.682922363281 143.194976806641 142.431915283203 142.100860595703 141.72834777832 141.614730834961 141.3837890625 141.015151977539 140.823745727539 140.342681884766 139.855529785156 139.353408813477 139.203903198242 138.763473510742 138.665557861328 138.122665405273 137.570022583008 137.331207275391 137.155364990234 137.350036621094 137.588424682617 137.607086181641 137.16162109375 136.657455444336 136.06217956543 135.910873413086 135.969818115234 135.821655273438 135.592102050781 135.622268676758 -3.4e+38 -3.4e+38 -3.4e+38 134.944427490234 -3.4e+38 -3.4e+38 -3.4e+38
147.549087524414 147.282424926758 147.101257324219 146.476364135742 146.067779541016 145.759918212891 145.477523803711 144.889389038086 144.487319946289 143.994262695312 143.626312255859 143.369201660156 142.936309814453 142.429443359375 141.763580322266 141.189575195312 140.913345336914 140.779449462891 140.428146362305 140.141510009766 139.86897277832 139.509948730469 139.081024169922 138.512145996094 138.363525390625 137.995712280273 137.722351074219 137.104354858398 136.770980834961 136.627655029297 136.759826660156 136.907440185547 136.853164672852 136.730407714844 136.481079101562 135.805511474609 135.003311157227 135.260559082031 135.173812866211 134.995315551758 134.855972290039 134.7978515625 -3.4e+38 -3.4e+38 -3.4e+38 134.38591003418 134.121994018555 -3.4e+38 -3.4e+38
