rcp4.5models/CNRM_CM5/sc1gr0.9
NCOLS 261 
NROWS 433 
XLLCORNER 336357.134 
YLLCORNER 654653.479 
CELLSIZE 1000 
NODATA_value -3.4e+38 
[rows 176 to 197 of 433, columns 98 to 146 of 261]
81.230827331543 81.0797119140625 81.1439819335938 81.452278137207 81.5024261474609 81.3587036132812 81.3547668457031 -3.4e+38 -3.4e+38 -3.4e+38 81.3067855834961 81.2162246704102 81.2633438110352 81.1802215576172 80.91064453125 81.0015716552734 81.1174621582031 80.9960021972656 80.8941116333008 80.8983535766602 80.7921142578125 80.6057052612305 80.5256958007812 80.5132369995117 80.5401916503906 80.4053726196289 80.2294692993164 80.0739974975586 79.9853973388672 79.8874053955078 79.8431167602539 79.7489776611328 79.4869155883789 79.2802124023438 79.0277481079102 78.765510559082 78.8028564453125 78.6944961547852 78.5243911743164 78.4912490844727 78.3330307006836 78.1205673217773 78.074462890625 77.8666839599609 77.5794296264648 77.3807678222656 77.2202758789062 77.0344390869141 76.6624298095703
81.3415145874023 81.2802124023438 81.2588500976562 81.456413269043 81.3719787597656 81.3797302246094 81.3049163818359 81.328369140625 81.4239883422852 81.330810546875 81.3409729003906 81.2675704956055 81.3452987670898 81.2164459228516 80.9877090454102 81.1478652954102 81.0621032714844 80.9515151977539 80.9808044433594 -3.4e+38 80.7725677490234 80.5846176147461 80.5091171264648 80.4425888061523 80.4624633789062 80.4585571289062 80.3087539672852 80.1303024291992 80.0727615356445 79.9367599487305 79.8048706054688 79.7242050170898 79.5458526611328 79.3234252929688 79.1058731079102 78.8227615356445 78.7796936035156 78.6291885375977 78.5172882080078 78.5088348388672 78.428466796875 78.3399810791016 78.2526473999023 77.9332580566406 77.6021575927734 77.3531723022461 77.1845626831055 77.0767364501953 76.5441741943359
81.4283828735352 81.4204940795898 -3.4e+38 -3.4e+38 81.4236831665039 81.4662246704102 81.4105987548828 81.4104156494141 81.4856491088867 81.4220504760742 81.3949127197266 81.3443298339844 81.2314758300781 81.1982116699219 81.1401138305664 81.0660171508789 81.0162887573242 80.9400405883789 81.0244827270508 80.9096527099609 80.6844024658203 80.7909088134766 80.7513809204102 80.4780426025391 80.3379058837891 80.421501159668 80.3486175537109 80.240837097168 80.1573486328125 80.0501098632812 79.867073059082 79.7223510742188 79.5216979980469 79.3400268554688 79.1399688720703 -3.4e+38 78.9402465820312 78.6355743408203 78.5317077636719 78.5723114013672 78.5939102172852 78.6050567626953 78.5088195800781 78.0330276489258 77.7035064697266 77.3254776000977 77.1350631713867 77.0716934204102 76.5780487060547
81.4795074462891 81.3949813842773 81.4614105224609 -3.4e+38 81.5173110961914 81.4382629394531 81.5121765136719 -3.4e+38 81.4910736083984 81.4849853515625 81.3947219848633 81.3066635131836 81.2343215942383 81.2195281982422 81.1824645996094 81.0326461791992 81.0558090209961 81.0200347900391 80.9689331054688 80.8579788208008 80.6624145507812 80.7601470947266 80.8014450073242 80.6470565795898 80.4221878051758 -3.4e+38 80.2619705200195 80.2079238891602 -3.4e+38 79.9938583374023 79.8628768920898 79.740104675293 79.5356903076172 79.3653335571289 -3.4e+38 -3.4e+38 -3.4e+38 78.7425689697266 78.6668472290039 78.6183853149414 78.6655807495117 78.7033996582031 78.5559768676758 78.0010681152344 77.5575103759766 77.2793121337891 77.0648345947266 76.9955139160156 76.7711334228516
81.5106735229492 81.5217742919922 81.3821868896484 81.5750274658203 81.5459747314453 81.4571075439453 81.5285873413086 81.5524215698242 81.5187072753906 81.5339736938477 81.3381271362305 81.2550354003906 81.3140335083008 81.1906433105469 81.1317367553711 81.0411911010742 81.0351715087891 80.9622650146484 80.8366928100586 80.8107223510742 80.8028259277344 80.7755737304688 80.6907043457031 80.692512512207 80.5471038818359 80.5217056274414 80.2750625610352 80.1886749267578 -3.4e+38 80.0422058105469 79.9633712768555 79.8476486206055 79.6516494750977 79.4520797729492 79.2070846557617 -3.4e+38 78.9913635253906 78.7570343017578 78.640739440918 78.6167984008789 78.638427734375 78.5196075439453 78.3296127319336 77.9116821289062 77.6238479614258 77.3932113647461 77.0605621337891 76.9290542602539 76.8731994628906
81.5908203125 81.5212554931641 81.3952865600586 81.4838943481445 81.5334396362305 81.5654602050781 81.6064987182617 81.582145690918 81.5363388061523 81.4936599731445 81.285888671875 81.3319931030273 81.3512878417969 81.2789535522461 81.1180191040039 81.039665222168 81.1558151245117 81.0633087158203 80.78369140625 80.8472061157227 80.9109268188477 80.8437728881836 80.6725463867188 80.6890029907227 80.7295761108398 80.6266021728516 80.4326553344727 80.3358688354492 80.2127990722656 80.1810760498047 80.0555114746094 79.9225540161133 79.794303894043 79.6243743896484 79.2360382080078 -3.4e+38 78.9682312011719 78.702033996582 78.5946807861328 78.5276031494141 78.3698577880859 78.3682327270508 78.2303009033203 77.9444122314453 77.6777114868164 77.4135818481445 77.0058059692383 76.9339141845703 76.8241729736328
81.6353149414062 81.7197799682617 81.5863723754883 81.4945068359375 81.6231918334961 81.6037063598633 81.6655197143555 81.5893325805664 81.4627151489258 81.5318603515625 81.4177322387695 81.4512100219727 81.3772964477539 81.3893356323242 81.3038177490234 81.0859909057617 81.2023849487305 81.1081771850586 80.8717651367188 80.9005661010742 80.8881607055664 80.8357925415039 80.7320785522461 80.7324905395508 80.8524780273438 80.7123565673828 80.3565139770508 80.3523254394531 80.2451324462891 80.2428512573242 80.1287612915039 79.829475402832 79.7210922241211 79.7095794677734 79.4166259765625 78.9780120849609 78.9762496948242 78.8224639892578 78.7401962280273 78.558479309082 78.3215866088867 78.3701705932617 78.1268768310547 77.8496475219727 77.5771484375 77.2493515014648 77.0498886108398 76.9182586669922 76.9367446899414
81.6309204101562 81.7910385131836 81.7529907226562 81.6399841308594 81.657958984375 81.5869293212891 81.6205596923828 81.5935974121094 81.5252227783203 81.588264465332 81.5213012695312 81.4746398925781 81.4050598144531 81.3623733520508 81.3409805297852 81.0402908325195 81.2046356201172 81.1404037475586 80.9987640380859 80.925407409668 80.9054260253906 80.9015808105469 80.8454971313477 80.7888412475586 80.8058395385742 80.5973052978516 80.5103225708008 80.4181518554688 80.1809158325195 80.1626739501953 80.0919570922852 79.8347702026367 79.7579956054688 79.586051940918 79.4346313476562 79.033576965332 78.9942321777344 79.0034408569336 78.9513702392578 78.7338562011719 78.496696472168 78.3012237548828 78.0807113647461 77.7276077270508 77.6246719360352 77.3646392822266 77.214485168457 76.9815368652344 76.8599472045898
81.664794921875 81.7069625854492 81.7408752441406 81.7030944824219 81.6653518676758 81.7214584350586 81.7291564941406 81.7241821289062 81.6575698852539 81.5726928710938 81.5924453735352 81.5146484375 81.5393295288086 81.5292053222656 81.3747634887695 81.1123733520508 81.280029296875 81.1937026977539 81.024040222168 80.9653625488281 80.9107666015625 80.8345794677734 80.8255462646484 -3.4e+38 80.7322769165039 -3.4e+38 80.8180770874023 80.6210250854492 80.3853454589844 80.1699981689453 79.8822860717773 79.8430557250977 79.9301376342773 79.5146408081055 79.4702453613281 79.2209930419922 78.9772644042969 79.0179061889648 78.9501800537109 78.8676605224609 78.7169570922852 78.3164901733398 78.0556793212891 77.8535461425781 77.6502151489258 77.4644622802734 77.3070297241211 77.0112609863281 76.5909576416016
81.6186370849609 -3.4e+38 -3.4e+38 81.7432250976562 81.6853408813477 81.7338256835938 81.8648300170898 81.8000106811523 81.7838745117188 81.671745300293 81.622917175293 81.6493606567383 81.6552658081055 81.6359100341797 81.4149475097656 81.3924102783203 -3.4e+38 81.2489318847656 81.1191864013672 80.9464874267578 80.9246063232422 80.9712371826172 80.8333587646484 80.7820434570312 80.7826843261719 80.7946014404297 80.7731552124023 80.7684631347656 80.5274429321289 80.3539886474609 80.0867233276367 80.0255737304688 79.9032211303711 79.7402877807617 79.5735092163086 79.5358734130859 79.41064453125 79.1489944458008 79.15966796875 78.9480590820312 78.8065032958984 78.4917831420898 78.2779693603516 77.8571243286133 77.4119644165039 77.4197311401367 77.1746597290039 76.8484497070312 76.5182876586914
81.6641082763672 81.7223739624023 81.6725921630859 81.83447265625 81.8210830688477 81.8069458007812 81.7582321166992 81.8966293334961 81.9096527099609 81.7490158081055 81.7089157104492 81.6768264770508 81.7638244628906 81.7486877441406 81.6471481323242 81.4579162597656 81.3436050415039 81.3026657104492 81.375373840332 81.0597229003906 80.9543991088867 80.897819519043 80.8419189453125 80.8054351806641 80.785400390625 80.7801895141602 80.7010955810547 80.8356170654297 80.6430053710938 80.4232864379883 80.249885559082 80.0474472045898 79.9190063476562 79.8258819580078 79.6642837524414 79.6953887939453 79.3797302246094 79.1428756713867 79.2128601074219 79.1189422607422 78.8614807128906 78.4385681152344 78.1530685424805 77.9251480102539 77.5924530029297 77.4107666015625 77.2431106567383 76.9213485717773 76.5905303955078
81.6434326171875 81.6931686401367 81.6436538696289 81.7612152099609 81.7928085327148 81.9112091064453 81.7716674804688 81.8520889282227 81.8222885131836 81.7534408569336 81.738899230957 81.7071151733398 81.7884521484375 81.7452163696289 81.7197036743164 81.5115051269531 81.3569183349609 81.3076171875 81.4282608032227 81.1379623413086 80.9477310180664 80.9362258911133 80.9552536010742 80.9485702514648 80.8543014526367 80.8579559326172 80.8701324462891 81.3535537719727 80.8600845336914 80.4935073852539 80.3766632080078 80.0059204101562 79.9611282348633 79.9440765380859 79.7814712524414 79.6518707275391 79.3678359985352 79.2072448730469 79.2351608276367 79.1724700927734 78.870246887207 78.3806381225586 78.075309753418 77.9377593994141 77.8128280639648 77.5869369506836 77.3771209716797 77.1282958984375 76.7497787475586
81.5937347412109 81.7541198730469 81.7344131469727 81.6686553955078 81.7344131469727 81.7789840698242 81.7960357666016 81.7588119506836 81.728271484375 81.7001190185547 81.6984710693359 81.6766662597656 81.6706237792969 81.6530227661133 81.7203369140625 81.5300827026367 81.5340728759766 81.3564453125 81.3901290893555 81.1490249633789 80.9107055664062 80.934928894043 81.0194778442383 80.9782638549805 80.7963714599609 80.8054580688477 81.3967971801758 82.2189636230469 81.6861038208008 80.7108764648438 80.4437408447266 80.2036819458008 80.0980834960938 80.0222549438477 79.803596496582 79.7675857543945 79.4865570068359 79.2856826782227 79.2005615234375 79.1519775390625 78.9522323608398 78.3789215087891 78.1641006469727 77.9987487792969 77.8693389892578 77.7594146728516 77.4817886352539 -3.4e+38 77.2599411010742
81.6672439575195 81.7557907104492 81.8302536010742 81.6565933227539 81.7574081420898 81.7093734741211 81.8079681396484 81.8263168334961 81.7730102539062 81.6120834350586 81.6455841064453 81.7016067504883 81.5993347167969 81.523551940918 81.8311538696289 81.6070556640625 81.5431747436523 81.391731262207 81.4323348999023 81.1359558105469 81.007438659668 81.0152435302734 80.9915466308594 80.8963851928711 80.7305068969727 80.773193359375 81.5993194580078 -3.4e+38 81.7424926757812 80.7339248657227 80.488151550293 80.4199600219727 80.3350524902344 80.1534423828125 79.9073028564453 79.8024215698242 79.5855026245117 79.3058929443359 79.2982864379883 79.2114181518555 78.9716720581055 78.5083541870117 78.3094100952148 78.1994171142578 78.0473327636719 77.9289016723633 77.5995483398438 77.2913360595703 77.3778991699219
81.6095428466797 81.684326171875 81.7558441162109 81.5793914794922 81.7743911743164 81.7532424926758 81.7337417602539 81.7083511352539 81.7283096313477 81.6697616577148 81.6957397460938 81.7316665649414 81.6626205444336 81.6694793701172 81.8239822387695 81.7078628540039 81.5377960205078 81.4402770996094 81.4959030151367 81.3020095825195 81.1970672607422 81.1007308959961 80.9692916870117 80.9701919555664 80.8429946899414 80.8222579956055 82.0140380859375 -3.4e+38 81.6460113525391 80.7611083984375 80.6008834838867 80.4738922119141 80.430549621582 80.2445602416992 80.0295715332031 79.8371887207031 79.5873718261719 79.328125 79.3740310668945 79.2940902709961 78.9784622192383 78.5260162353516 78.4442520141602 78.3518905639648 78.1828231811523 77.9989318847656 77.6364669799805 77.4502944946289 77.2558670043945
-3.4e+38 81.6017303466797 81.7159576416016 81.6076965332031 81.7063140869141 81.7775650024414 81.7418441772461 81.6819610595703 81.6397705078125 81.6634368896484 81.7158203125 81.6431274414062 81.6213607788086 81.6680908203125 81.7426300048828 81.7382888793945 81.5780944824219 81.4738922119141 81.4830017089844 81.3960342407227 81.2564315795898 81.091552734375 81.0341949462891 80.9565963745117 80.8533325195312 80.7759017944336 82.3484497070312 -3.4e+38 82.183349609375 80.7970581054688 80.5955200195312 80.4948654174805 80.3549499511719 80.3331832885742 80.0934753417969 79.8149032592773 79.560676574707 79.3671035766602 79.38134765625 79.2321243286133 78.9827270507812 78.5312881469727 78.4906158447266 78.3848495483398 78.2612915039062 77.9973297119141 77.7595748901367 77.5628204345703 77.3427734375
81.6324844360352 81.715461730957 81.789680480957 81.6993026733398 81.7725067138672 81.8047485351562 81.7539825439453 81.7921447753906 81.7229309082031 81.5817337036133 81.621337890625 81.6302871704102 81.6894073486328 81.5026779174805 81.7121734619141 81.7067718505859 81.5040283203125 81.5121994018555 81.5927352905273 81.3994522094727 81.2679443359375 81.1458969116211 81.0927658081055 80.9909896850586 80.8391571044922 80.8826293945312 81.6438827514648 81.8953094482422 81.8329620361328 80.7498474121094 80.5357360839844 80.6440887451172 80.4175491333008 80.2909393310547 80.1170959472656 79.874137878418 79.6442947387695 79.4181213378906 79.3936157226562 79.0941848754883 78.9131698608398 78.6441345214844 78.5597839355469 78.6091156005859 78.5566482543945 78.4230117797852 77.9754028320312 77.8587951660156 77.4752731323242
81.6253814697266 81.6943435668945 81.6692428588867 81.8531036376953 81.8032455444336 81.8060760498047 81.7953872680664 81.8151931762695 81.8593978881836 81.7742614746094 81.7107162475586 81.7428283691406 81.7064971923828 81.483039855957 81.7420043945312 81.6818542480469 81.4875411987305 81.6503219604492 81.700569152832 81.4201889038086 81.2965698242188 81.2029495239258 81.0321960449219 81.0230712890625 80.9223556518555 80.9115447998047 80.915397644043 80.9199600219727 80.975456237793 80.719841003418 80.5974655151367 80.5733642578125 80.4125595092773 80.2525100708008 80.2638473510742 80.0247268676758 79.7775497436523 79.4267883300781 79.3464508056641 79.0837326049805 79.1154098510742 79.0821151733398 78.7706069946289 78.7533569335938 78.6456832885742 78.5476989746094 78.1498947143555 -3.4e+38 77.9894256591797
81.6147308349609 81.6431045532227 81.6646575927734 81.8671875 81.7509307861328 81.7455749511719 81.8183898925781 81.8327255249023 81.8397445678711 81.8802795410156 81.8809051513672 81.7950897216797 81.7163619995117 81.7346038818359 81.6669082641602 81.6208877563477 81.5469512939453 81.7092742919922 81.6744842529297 81.4625015258789 81.3491363525391 81.287483215332 81.1224899291992 81.1418762207031 81.116943359375 -3.4e+38 80.6234588623047 80.8356170654297 80.775276184082 80.5944213867188 80.4908294677734 80.498046875 80.3575057983398 80.3437728881836 80.3285064697266 80.0554809570312 79.9013290405273 79.5823516845703 79.4962921142578 79.292594909668 79.1881637573242 79.2185134887695 78.9600372314453 78.8615341186523 78.7554550170898 78.5672836303711 78.1540756225586 78.2801818847656 78.4666519165039
81.7703552246094 81.7641296386719 81.8201751708984 81.7892608642578 81.7724761962891 81.7195053100586 81.806755065918 81.7859268188477 81.8126449584961 81.7953262329102 81.891471862793 81.7900009155273 81.7731246948242 81.9045791625977 81.6944885253906 81.6011123657227 81.6497344970703 81.7150115966797 81.6195602416992 81.4932403564453 81.36669921875 81.2916946411133 81.1788787841797 81.195556640625 81.1858978271484 80.9755325317383 80.7131881713867 80.877311706543 80.824104309082 80.5453338623047 80.528694152832 80.5265579223633 80.4077377319336 80.3945083618164 80.3885040283203 80.2206573486328 80.0057754516602 79.70263671875 79.6202087402344 79.5216293334961 79.2044143676758 78.9964447021484 78.8798828125 78.8618316650391 78.7954864501953 78.5476150512695 78.1051254272461 78.1641006469727 78.2456741333008
81.9939956665039 82.0590591430664 82.0330123901367 81.9671478271484 82.0277481079102 81.8986434936523 81.8993759155273 81.8271255493164 81.8443450927734 81.7926712036133 81.6796798706055 81.7078475952148 81.763557434082 81.6969375610352 81.7864074707031 81.7984390258789 81.7729263305664 81.7129821777344 81.6546325683594 81.5686950683594 81.6018524169922 81.4622421264648 81.3166732788086 81.2254333496094 81.2255554199219 81.1635437011719 80.8878860473633 80.9062347412109 80.7598266601562 80.5442352294922 80.6796951293945 80.6035385131836 80.5096664428711 80.3862152099609 80.3856964111328 80.2395172119141 80.0971221923828 79.8314819335938 79.7931594848633 79.5483169555664 79.3656997680664 79.3250961303711 79.1847229003906 79.0518417358398 79.1471710205078 78.5545272827148 78.1916122436523 78.3451843261719 77.7291717529297
82.0729827880859 -3.4e+38 82.0305404663086 82.0077667236328 82.0539474487305 81.8832244873047 81.9170074462891 81.876594543457 81.8334884643555 81.8274917602539 81.7163391113281 81.7122497558594 81.7850952148438 81.7609634399414 81.8000259399414 81.8356704711914 81.8270797729492 81.7704849243164 81.6939926147461 81.5344467163086 81.5343704223633 81.399658203125 81.3688888549805 81.3020782470703 81.3902206420898 81.2779006958008 80.9363861083984 80.9702606201172 80.8549423217773 80.8195648193359 80.8334808349609 80.6400527954102 80.5344467163086 80.53662109375 80.4813613891602 80.3987808227539 80.2420349121094 79.8432846069336 79.7768478393555 79.6699295043945 79.5855941772461 79.4409332275391 79.0638732910156 78.964225769043 79.1540603637695 78.7097473144531 78.2093276977539 78.3004150390625 77.6497573852539
