rcp4.5models/CNRM_CM5/sc1gr1.23
NCOLS 261 
NROWS 433 
XLLCORNER 336357.134 
YLLCORNER 654653.479 
CELLSIZE 1000 
NODATA_value -3.4e+38 
[rows 308 to 329 of 433, columns 98 to 146 of 261]
71.0002212524414 71.2958221435547 72.301628112793 72.2063369750977 72.0470886230469 71.7124099731445 71.5989151000977 71.5669250488281 71.543701171875 72.2394256591797 72.7023391723633 73.0780792236328 73.187126159668 73.4818115234375 73.6681594848633 73.5505447387695 73.6942520141602 73.1943130493164 72.2579727172852 72.0914611816406 72.4291076660156 72.3523788452148 72.5309066772461 72.8514938354492 73.1581649780273 73.8202514648438 73.4527969360352 74.1642379760742 74.1247787475586 73.6245651245117 73.1141510009766 72.6142120361328 71.7676239013672 69.122200012207 65.2452621459961 61.8300514221191 59.1483879089355 61.4128913879395 66.4134902954102 69.3628463745117 70.925407409668 69.7532272338867 65.3134002685547 62.0993423461914 61.5523910522461 60.3891258239746 60.1985626220703 60.2733993530273 59.6580238342285
71.4968566894531 71.8774032592773 72.6390151977539 72.5571594238281 71.6882705688477 71.1936874389648 71.7136535644531 72.3408508300781 72.5869445800781 72.8892669677734 73.2926940917969 73.7888717651367 73.4340209960938 73.3608932495117 73.6831436157227 73.3615036010742 73.3278503417969 72.8367767333984 71.9035797119141 71.7999420166016 71.6255340576172 70.9287643432617 70.8181762695312 70.5707397460938 70.8146438598633 72.0280914306641 73.6658248901367 73.759895324707 71.9921417236328 69.5503158569336 67.251579284668 69.2942657470703 70.7077178955078 67.5468597412109 63.489990234375 60.9423484802246 59.0111465454102 59.7811584472656 63.2461967468262 65.7492752075195 69.0885162353516 69.472785949707 64.4917297363281 60.6699829101562 58.9868965148926 59.0118103027344 59.6125450134277 59.6899757385254 58.3553047180176
72.9108123779297 73.0524826049805 73.1518325805664 73.0280380249023 72.3403701782227 71.3089218139648 71.1495742797852 72.6350555419922 72.7827377319336 72.7755661010742 73.4973602294922 73.6959915161133 73.6323852539062 73.5327682495117 73.4662322998047 72.9952011108398 72.8750305175781 72.9956893920898 72.8233871459961 72.6888427734375 71.6610412597656 70.2805099487305 69.0107879638672 68.044059753418 68.8390045166016 70.5712356567383 73.808723449707 73.0896148681641 70.4836349487305 66.5170288085938 63.2879447937012 64.6680450439453 66.4636001586914 65.185791015625 62.5256614685059 59.6493263244629 58.1828346252441 58.4798431396484 59.6603202819824 61.1238746643066 64.7922134399414 68.6621246337891 65.3650131225586 60.1409301757812 57.8279037475586 58.5969314575195 59.2644500732422 58.7779235839844 59.5500221252441
73.3386001586914 73.2268753051758 73.4500732421875 73.502815246582 72.79833984375 71.2446517944336 71.0927658081055 72.970344543457 73.3442077636719 73.29345703125 73.6794662475586 73.6002197265625 73.7407531738281 73.658576965332 73.7081451416016 73.2623291015625 72.6393203735352 72.6674194335938 72.9919128417969 72.7854766845703 71.7686614990234 70.0759811401367 67.4772186279297 66.4102249145508 69.2925643920898 71.9696044921875 73.5908966064453 72.8863220214844 71.1376953125 67.9086837768555 64.2736434936523 62.74169921875 62.5408096313477 62.8839225769043 62.5251502990723 60.5364799499512 58.2909736633301 57.6980438232422 57.9031448364258 58.7939414978027 61.5321998596191 64.3782958984375 62.701416015625 58.8495483398438 57.5566864013672 57.9810638427734 58.4235534667969 58.473991394043 61.2656898498535
73.0384140014648 72.6919631958008 73.5523452758789 73.7399368286133 72.8694381713867 71.4701843261719 71.722785949707 73.2316970825195 73.5992660522461 73.4311676025391 73.4158401489258 73.4855194091797 73.6014022827148 73.4606170654297 73.5551910400391 73.2076034545898 72.4362640380859 72.0117645263672 72.181526184082 72.1627197265625 71.9668731689453 70.7607192993164 68.3838195800781 67.7490692138672 70.8320999145508 73.1222534179688 72.523567199707 72.4234008789062 71.9845962524414 70.3990859985352 67.5208358764648 65.0556640625 63.2832679748535 62.2895088195801 61.666820526123 60.8864212036133 59.205509185791 57.5339622497559 57.5544204711914 58.1427841186523 59.2074356079102 59.1793098449707 58.2514801025391 57.5691566467285 57.6005210876465 57.4769020080566 57.9998970031738 59.3644943237305 62.3813018798828
72.6362457275391 72.6780548095703 73.3100204467773 74.3331832885742 74.1602401733398 73.6829605102539 73.6301422119141 73.8030776977539 73.7985305786133 73.4092864990234 73.0674438476562 73.1398086547852 73.0702056884766 73.0183410644531 73.0875244140625 72.1325836181641 71.653434753418 71.2976303100586 70.7956008911133 69.8656158447266 69.6746597290039 70.153564453125 68.9335708618164 68.9548721313477 71.7306137084961 72.8394546508789 70.2462310791016 67.7778778076172 68.1764831542969 67.5777740478516 67.6739501953125 66.9420013427734 64.9907302856445 63.2648506164551 60.8852310180664 59.3069038391113 58.4000129699707 57.4998893737793 57.5488128662109 57.6460304260254 57.6252174377441 57.4320487976074 57.4772262573242 57.4452323913574 57.3773612976074 57.6047286987305 57.6722068786621 57.7518463134766 61.1553611755371
73.0195846557617 73.2115478515625 73.0578231811523 73.7247619628906 74.1628265380859 74.1189880371094 74.2120132446289 74.4332504272461 74.3025512695312 73.6245346069336 73.1753158569336 72.7394256591797 72.8236770629883 73.1956176757812 73.1290664672852 71.9428634643555 71.192008972168 70.6401748657227 68.6998672485352 66.8207168579102 67.6453552246094 68.7095947265625 67.8122863769531 67.8968048095703 71.0493316650391 72.6720581054688 70.1667709350586 67.3108749389648 64.4226455688477 62.8673820495605 63.8369750976562 63.6078834533691 62.308967590332 62.0712051391602 60.9208831787109 59.2932472229004 57.9028091430664 57.4020080566406 57.466007232666 57.5274963378906 57.5349464416504 57.4905281066895 57.4408111572266 57.3970146179199 57.3764381408691 57.485164642334 57.3038558959961 57.3910255432129 59.3782501220703
73.403076171875 73.7117156982422 73.2582931518555 73.6641159057617 73.7482147216797 73.6627883911133 74.2544403076172 74.4549179077148 74.4891662597656 73.9853057861328 73.5667877197266 72.7430953979492 72.1378479003906 72.6010894775391 73.057487487793 72.039306640625 71.1754531860352 69.3733901977539 65.6782989501953 64.3204803466797 65.9731063842773 67.8308639526367 68.5395202636719 68.974723815918 71.3409652709961 72.3701095581055 70.4565887451172 67.370719909668 61.785457611084 59.5405769348145 60.4502983093262 60.0108642578125 59.1623001098633 59.3533020019531 58.8301239013672 58.3138999938965 57.6470336914062 57.4640159606934 57.3452987670898 57.3658752441406 57.4494094848633 57.4384727478027 57.3154640197754 57.3772811889648 57.3661422729492 57.2183227539062 57.236629486084 57.3976058959961 58.111629486084
73.8932418823242 73.948371887207 73.8974075317383 73.6936569213867 73.6966323852539 73.9869842529297 74.4316711425781 74.48046875 74.637580871582 74.3129806518555 73.6834182739258 73.0808639526367 72.2570037841797 71.8547897338867 71.9866027832031 71.6729125976562 70.9691467285156 67.9071426391602 63.9647560119629 63.1135482788086 64.0261688232422 66.3707733154297 69.134765625 71.035026550293 72.1650848388672 71.8296127319336 68.7938461303711 67.3534698486328 63.3039665222168 59.5908050537109 58.7315979003906 58.1536979675293 57.8105926513672 57.7850379943848 57.6443634033203 57.5828971862793 57.4515151977539 57.5285110473633 57.4134178161621 57.3982849121094 57.409610748291 57.3694076538086 57.3325042724609 57.4159660339355 57.4184265136719 57.2367897033691 57.3907241821289 58.0928192138672 60.574146270752
74.2601089477539 74.1209259033203 74.0909423828125 73.7492752075195 73.8959655761719 74.3123168945312 74.4828796386719 74.463249206543 74.5588531494141 74.7705841064453 74.145866394043 73.5346069335938 72.9783248901367 72.0453414916992 71.0408096313477 71.232063293457 70.4873352050781 67.8731231689453 64.4018020629883 62.9832916259766 63.7681922912598 66.3477478027344 68.7658081054688 70.8194885253906 72.0077590942383 71.9347152709961 68.6323471069336 68.0815505981445 66.3397979736328 63.6207084655762 61.242359161377 58.9086799621582 57.6518516540527 57.6853179931641 57.6229248046875 57.5256881713867 57.4584617614746 57.5429267883301 57.4303131103516 57.3239898681641 57.3769721984863 57.3425636291504 57.3516578674316 57.5724449157715 57.7084732055664 57.3952293395996 57.4460678100586 59.0421028137207 64.8981475830078
74.442985534668 74.2788162231445 74.1261749267578 74.4233703613281 74.4642028808594 74.6177825927734 74.5168228149414 74.3323364257812 74.1741333007812 74.5781326293945 74.5907363891602 73.8497314453125 72.7229461669922 71.9008865356445 70.7025375366211 70.9054336547852 70.3080444335938 68.147575378418 65.6743927001953 64.9289398193359 65.4030609130859 67.7602996826172 69.6533203125 70.6264953613281 71.0261535644531 71.7218627929688 70.224494934082 69.2705459594727 68.2294158935547 67.413215637207 65.5070343017578 62.5519790649414 60.1506729125977 59.6438369750977 58.8006477355957 58.2029075622559 57.6928291320801 57.7857093811035 57.5697250366211 57.330192565918 57.3532752990723 57.2836799621582 57.3895950317383 57.5722961425781 57.8657646179199 58.0589904785156 58.9118232727051 60.684944152832 67.221076965332
74.633415222168 74.6015930175781 74.5022125244141 74.6226119995117 74.3449172973633 74.592887878418 74.6574554443359 74.22705078125 73.9203643798828 74.1289825439453 74.4552612304688 73.6533813476562 72.1663360595703 71.4812469482422 71.226936340332 71.1244430541992 70.3569564819336 68.640869140625 66.9402923583984 66.808479309082 67.1455383300781 68.0638427734375 69.3405914306641 70.0733261108398 70.2904891967773 70.601676940918 70.6509323120117 70.2646560668945 69.4965667724609 69.0280151367188 68.2739028930664 66.8098907470703 65.2068099975586 63.511173248291 61.810474395752 60.6193771362305 59.5720062255859 59.644588470459 58.3906669616699 57.5606918334961 57.4432067871094 57.3692474365234 57.5452117919922 57.565185546875 57.7204933166504 58.2785720825195 60.4259605407715 63.8837890625 68.5414581298828
74.7890548706055 74.8565292358398 74.7325592041016 74.4337310791016 74.0792617797852 74.2260513305664 74.6636428833008 74.4154739379883 74.0455856323242 73.6518936157227 73.8558959960938 73.0917053222656 71.5810012817383 71.3151931762695 71.7713394165039 71.4438400268555 70.4054946899414 69.2468109130859 67.8703918457031 67.8783493041992 68.7158508300781 68.8575973510742 68.8002090454102 69.2070388793945 70.0626220703125 69.7589263916016 69.607307434082 70.2236785888672 70.2409210205078 69.3208465576172 68.4316177368164 67.9631271362305 67.8892288208008 67.1468887329102 65.4567718505859 63.9507331848145 62.5822143554688 60.497745513916 58.3143119812012 57.6141242980957 57.5384902954102 57.567440032959 57.8145866394043 57.9165267944336 57.8538970947266 57.7962188720703 59.3344116210938 63.6840400695801 70.179313659668
74.3586196899414 74.9317855834961 74.720703125 74.4973373413086 74.0457000732422 73.7607955932617 74.2318344116211 75.0424652099609 74.6066207885742 73.9220275878906 73.8520889282227 73.0395812988281 71.4625473022461 71.0495758056641 71.3223876953125 71.2046737670898 70.6510543823242 69.4246292114258 68.5072937011719 68.4686050415039 69.5015411376953 69.9044189453125 69.6022186279297 69.7295989990234 69.3540496826172 68.5093231201172 68.6768569946289 69.2652587890625 69.7205505371094 69.1038208007812 68.4570159912109 68.0048446655273 66.8816986083984 67.0102996826172 67.0077285766602 66.2385101318359 64.3761520385742 59.3045387268066 57.7495803833008 57.4385299682617 57.4316062927246 57.6209564208984 57.8666954040527 58.2010917663574 58.3443870544434 58.2961769104004 59.3071136474609 62.4997329711914 70.7353591918945
74.1356353759766 74.6431274414062 74.8822860717773 74.5937652587891 73.8964080810547 73.6635971069336 74.2355270385742 75.3652191162109 75.1494674682617 74.6510314941406 73.9924774169922 73.1319198608398 72.3166656494141 71.4615249633789 70.6728973388672 70.8486633300781 71.1620635986328 70.5020446777344 69.2539672851562 68.4509658813477 69.3836822509766 70.0939636230469 70.0463790893555 70.161994934082 68.6841888427734 66.7378311157227 67.9124984741211 68.1619644165039 68.1281890869141 68.0109252929688 68.5258941650391 68.2780990600586 66.6028900146484 66.1725387573242 66.7297592163086 66.9401245117188 65.3638458251953 59.8140144348145 58.2924575805664 57.5023231506348 57.3838882446289 57.4668235778809 57.6336479187012 57.9663352966309 58.0126876831055 58.2463645935059 60.0156326293945 63.5857200622559 69.8332977294922
74.3815155029297 74.4884414672852 74.8400650024414 74.6989669799805 74.1223373413086 73.7780075073242 74.1210708618164 74.7839813232422 74.9186859130859 74.6491241455078 74.069221496582 72.7310256958008 72.4278564453125 72.300537109375 70.4468841552734 70.4345474243164 70.7789535522461 71.3381195068359 70.6580352783203 69.1960678100586 69.1010818481445 69.596565246582 69.6820678710938 69.3694000244141 68.6441955566406 66.7565383911133 66.262077331543 66.9367218017578 67.0526428222656 67.3768615722656 68.0293960571289 67.8800811767578 67.148567199707 66.8099746704102 66.3412857055664 66.2864837646484 65.8087692260742 61.9192161560059 59.4076499938965 57.7938346862793 57.3423843383789 57.438606262207 57.6679573059082 57.7571640014648 57.5639839172363 57.561450958252 59.4312591552734 63.6894340515137 69.5497817993164
74.5975952148438 74.7011795043945 74.7595367431641 74.8101196289062 74.3713455200195 73.8133316040039 73.7859039306641 73.7445755004883 73.8331527709961 74.1408462524414 73.9655227661133 72.5582809448242 71.980827331543 72.5276794433594 70.5930099487305 70.1025238037109 69.717658996582 69.9442596435547 70.3525390625 70.0571441650391 69.3891754150391 69.117805480957 69.2226028442383 68.4951324462891 67.7425155639648 66.3140411376953 66.3814926147461 66.9911651611328 67.6315078735352 68.2037963867188 68.5317611694336 68.3809127807617 67.7167587280273 67.1080551147461 66.2149963378906 66.103385925293 66.0217742919922 62.4879112243652 60.5837821960449 58.8538818359375 57.7421836853027 57.6533584594727 57.7718048095703 57.7537651062012 57.8575439453125 58.3119506835938 59.9076156616211 63.0512046813965 68.7117767333984
74.8650588989258 75.0004653930664 75.0009002685547 75.1075439453125 74.7180023193359 73.8217620849609 73.2404403686523 72.8384323120117 71.8663558959961 70.6403884887695 71.1673202514648 72.9872283935547 72.5946884155273 70.9908676147461 71.6877288818359 71.2267303466797 69.9628219604492 69.054817199707 69.2528610229492 69.4697647094727 69.5558090209961 69.4654388427734 68.3890609741211 66.4504699707031 66.3662490844727 65.9023818969727 62.7687454223633 64.4434127807617 65.0150527954102 65.2281646728516 66.6376647949219 67.2797241210938 67.3161849975586 67.3087387084961 67.4346084594727 66.7130889892578 66.2082595825195 62.8362350463867 61.6342353820801 60.8873443603516 59.6590118408203 58.6465911865234 58.3980102539062 58.1469841003418 58.1008377075195 58.7963485717773 60.7309799194336 63.5749855041504 66.4285202026367
74.9479064941406 74.9762344360352 75.1410217285156 74.9413604736328 74.6487045288086 73.9940414428711 73.1065063476562 72.2438125610352 71.4460144042969 69.5415954589844 69.6092071533203 72.5303344726562 73.2196044921875 71.7791900634766 70.0290985107422 70.8549118041992 71.3866882324219 70.0424728393555 68.8848419189453 68.9766540527344 69.4892501831055 69.7761459350586 69.4981689453125 68.6055145263672 68.2682571411133 66.8600006103516 61.5203819274902 62.7355995178223 63.4966926574707 64.3316268920898 66.702262878418 67.1217575073242 67.1607818603516 66.5459671020508 65.9040832519531 64.9240341186523 63.8332405090332 60.2331237792969 60.3340606689453 60.2681121826172 59.3762016296387 58.8030242919922 58.7416725158691 58.4924011230469 58.3852844238281 58.7406845092773 60.0754699707031 63.3420028686523 69.8024749755859
74.8970947265625 74.9648666381836 75.2788543701172 74.6641616821289 74.3055267333984 73.2913055419922 72.0597534179688 71.3016204833984 70.9048080444336 69.5124893188477 68.5513153076172 70.0819931030273 72.0582656860352 72.0398788452148 69.3294982910156 68.8594360351562 71.0360717773438 71.1179580688477 69.9777755737305 69.5680923461914 69.6088943481445 70.0349197387695 70.1174774169922 69.6745223999023 68.9808731079102 67.7270812988281 63.4927177429199 63.5107307434082 64.552116394043 65.353759765625 67.2214660644531 67.3557586669922 67.1020126342773 66.4517974853516 65.6501235961914 64.6095428466797 62.9120254516602 59.7717399597168 58.5437774658203 58.3848915100098 58.1229476928711 58.328067779541 58.3925094604492 58.4549446105957 58.5806655883789 58.4546890258789 59.0632476806641 62.1418876647949 69.9483337402344
74.6101837158203 74.5708847045898 74.9025115966797 74.4690170288086 74.2623825073242 73.1621398925781 71.0773544311523 69.2559204101562 69.3638381958008 69.3679580688477 67.7586822509766 68.229866027832 70.3551712036133 71.873161315918 70.3865585327148 68.4697418212891 69.0409851074219 70.4350433349609 -3.4e+38 71.2590942382812 70.776969909668 70.2641143798828 69.7878494262695 69.5684509277344 69.2042770385742 68.1807556152344 64.1227264404297 64.1398773193359 65.7244415283203 66.4336929321289 67.0000457763672 67.209587097168 67.2185287475586 66.6196517944336 66.3172760009766 65.9205093383789 64.4682846069336 61.9649810791016 60.6886825561523 59.7514190673828 58.3704719543457 58.2147369384766 57.9583702087402 58.2905197143555 58.4921112060547 58.3458213806152 58.4333229064941 60.6244735717773 66.7982482910156
74.2621154785156 73.7380294799805 73.9254302978516 73.628288269043 73.624397277832 73.1932373046875 71.0371856689453 67.5345993041992 66.3617324829102 67.2543258666992 67.0774688720703 67.5924606323242 68.7865905761719 70.8107452392578 71.0664825439453 69.3026123046875 67.7615280151367 68.0568084716797 70.3483963012695 -3.4e+38 -3.4e+38 71.1516189575195 69.9192047119141 69.0221405029297 68.9081954956055 68.12158203125 64.3239212036133 61.9914436340332 63.6239967346191 65.8985595703125 66.057731628418 65.7853164672852 65.5860977172852 65.2453765869141 65.1032562255859 65.7052612304688 65.4326858520508 64.5958480834961 64.4434661865234 62.7907257080078 60.1674156188965 58.75 57.8528480529785 57.9622650146484 58.2001609802246 58.3605422973633 58.2808151245117 58.6614418029785 64.170539855957
