rcp4.5models/CNRM_CM5/sc1gr6.18
NCOLS 261 
NROWS 433 
XLLCORNER 336357.134 
YLLCORNER 654653.479 
CELLSIZE 1000 
NODATA_value -3.4e+38 
[rows 242 to 263 of 433, columns 98 to 146 of 261]
1751.10144042969 1737.02514648438 1740.47314453125 1751.28210449219 1754.60827636719 1756.56872558594 1761.4580078125 -3.4e+38 1772.26977539062 1773.21166992188 1778.17260742188 1784.79382324219 1792.22485351562 1797.89965820312 1811.70751953125 1822.89953613281 1890.10974121094 2004.73291015625 2036.04125976562 2059.23364257812 2077.35668945312 2070.71508789062 2037.87084960938 2042.81018066406 2071.98974609375 2095.30541992188 1973.32543945312 -3.4e+38 2004.30297851562 2022.43933105469 1985.65759277344 2005.42858886719 2030.80993652344 2034.79846191406 2053.33715820312 2077.90991210938 2072.80444335938 2146.94653320312 2107.84106445312 2114.42138671875 2142.09545898438 2215.13549804688 2262.3740234375 2184.17749023438 2189.6904296875 2197.73413085938 2207.30078125 2217.88940429688 2243.5859375
1800.466796875 1820.74572753906 1777.0556640625 1774.36267089844 1776.54357910156 1781.36401367188 1786.22399902344 1789.28723144531 1791.31848144531 1794.64184570312 1799.50622558594 1804.20947265625 1809.99133300781 1817.98107910156 1853.45617675781 1874.45678710938 1904.27905273438 2028.69177246094 2067.30297851562 2097.421875 2082.43090820312 2067.76342773438 2040.69970703125 2055.25805664062 2077.34814453125 2044.42944335938 2022.09924316406 1996.09240722656 2012.71948242188 2056.67602539062 2072.55151367188 2201.77978515625 2394.599609375 2437.13549804688 2239.14501953125 2087.08203125 2091.34106445312 2234.48803710938 2278.810546875 2132.51733398438 2149.39892578125 2266.73461914062 2383.93334960938 2244.13256835938 2218.43212890625 2204.04565429688 2211.64721679688 2222.98999023438 2248.68408203125
1832.76782226562 1860.79772949219 1791.06994628906 1789.67211914062 1795.20056152344 1792.59643554688 1798.28137207031 1801.33142089844 1801.68432617188 1804.82800292969 1810.13195800781 1816.38366699219 1822.31066894531 1829.91784667969 1884.33410644531 1915.67248535156 1956.5703125 2194.27734375 2342.9287109375 2349.99755859375 2094.87475585938 2055.599609375 2045.04260253906 2071.015625 2073.8486328125 2021.50085449219 1995.66674804688 1987.583984375 2017.44006347656 2082.83862304688 2130.12036132812 2209.07104492188 2431.84521484375 2680.30810546875 2487.11328125 2121.53247070312 2137.0166015625 2291.41723632812 2364.693359375 2137.4130859375 2162.26049804688 2284.79467773438 2426.38940429688 2308.87109375 2247.95678710938 2214.53857421875 2212.56469726562 2223.39868164062 2253.78247070312
1930.24621582031 2043.52429199219 1796.32897949219 1808.0498046875 1813.84765625 1805.78137207031 1811.97229003906 1813.77001953125 1813.95031738281 1816.78479003906 1821.88244628906 1826.53063964844 1833.05102539062 1841.11328125 1939.94921875 1939.93481445312 2024.30224609375 2468.43432617188 2780.71411132812 2635.31518554688 2139.71337890625 2053.61206054688 2058.45263671875 2105.20751953125 2112.2255859375 2022.91027832031 1988.81579589844 1999.3505859375 2017.78552246094 2076.28198242188 2187.07495117188 2379.2421875 2612.3056640625 2834.46362304688 2746.15161132812 2343.6025390625 2315.7705078125 2335.05249023438 2352.14575195312 2180.60717773438 2189.21630859375 2287.47241210938 2439.12670898438 2384.50341796875 2265.25610351562 2230.48413085938 2216.74975585938 2224.98974609375 2260.5400390625
1912.55285644531 2011.44311523438 1809.15161132812 1819.79162597656 1821.84399414062 1818.74877929688 1823.96264648438 1826.17797851562 1826.25134277344 1827.4599609375 1830.84143066406 1834.61096191406 1840.91650390625 1847.8935546875 2017.25341796875 1989.13134765625 1971.26611328125 2431.58276367188 2968.10034179688 2750.72045898438 2278.54858398438 2099.38745117188 2083.19018554688 2157.86840820312 2167.2041015625 2037.74169921875 2023.0146484375 2027.86145019531 2053.0732421875 2150.53979492188 2319.86206054688 2686.63623046875 2994.3564453125 3049.39331054688 2971.50341796875 2795.64086914062 2730.32446289062 2462.15649414062 2437.87255859375 2278.939453125 2211.27856445312 2279.68212890625 2444.16455078125 2431.62084960938 2263.42358398438 2224.13623046875 2221.21166992188 2229.58251953125 2267.08715820312
1842.81420898438 1865.30529785156 1823.07263183594 1828.08703613281 1831.43725585938 1831.61193847656 1834.52758789062 1836.72583007812 1837.48168945312 1837.89294433594 1839.7470703125 1842.99169921875 1849.68200683594 1857.75854492188 1995.04284667969 1975.23779296875 1932.77905273438 2354.62158203125 2951.263671875 2654.81396484375 2212.736328125 2115.7734375 2108.84204101562 2155.47900390625 2135.82470703125 2060.84912109375 2067.01147460938 2049.94702148438 2063.67260742188 2174.17602539062 2417.79711914062 2852.30078125 3099.25268554688 3061.31127929688 2988.25146484375 3064.87670898438 3009.23974609375 2528.10571289062 2443.82568359375 2276.59008789062 2221.36791992188 2252.6318359375 2424.95166015625 2513.533203125 2308.07543945312 2216.919921875 2223.24658203125 2231.74438476562 2266.955078125
1835.79321289062 1837.50073242188 1837.86755371094 1839.49462890625 1842.89318847656 1844.93225097656 1845.73815917969 1845.69372558594 1848.58654785156 1849.97229003906 1850.90551757812 1852.71948242188 1857.67602539062 1865.15588378906 1908.78515625 1905.39392089844 1919.09313964844 2314.71069335938 2893.66357421875 2561.19091796875 2119.7958984375 2079.7412109375 2095.9462890625 2114.78930664062 2081.87890625 2078.6552734375 2056.955078125 2037.59851074219 2040.9345703125 2119.6552734375 2475.13159179688 3020.09423828125 3096.24145507812 3027.04833984375 2970.67456054688 3109.05297851562 3006.951171875 2395.6298828125 2304.107421875 2250.56225585938 2264.09765625 2276.640625 2413.11694335938 2560.10424804688 2348.13525390625 2230.92211914062 2231.10180664062 2233.92016601562 2266.35620117188
1854.01232910156 1853.26135253906 1852.27893066406 1862.13745117188 1853.43347167969 1855.30297851562 1856.47265625 1856.95349121094 1858.91052246094 1859.78820800781 1860.99853515625 1862.25769042969 1865.54760742188 1870.20153808594 1882.03015136719 1884.41809082031 1891.97912597656 2146.65454101562 2697.01416015625 2624.3388671875 2166.87719726562 2077.9853515625 2088.7587890625 2113.96557617188 2091.43139648438 2083.53295898438 2037.62829589844 2028.23779296875 2041.21887207031 2156.04467773438 2596.6455078125 3124.76123046875 3121.18530273438 3074.63720703125 3053.78442382812 2992.6787109375 2647.79052734375 2318.73413085938 2348.27563476562 2335.85180664062 2390.88500976562 2416.54858398438 2461.09106445312 2569.61889648438 2366.18188476562 2245.04223632812 2233.6162109375 2239.36840820312 2270.07495117188
1866.50720214844 1870.57373046875 1867.26477050781 1896.6923828125 1866.21044921875 1866.99926757812 1869.52307128906 1869.85083007812 1870.61791992188 1869.97705078125 1871.2626953125 1873.32336425781 1876.55419921875 1878.88977050781 1889.90490722656 1895.95397949219 1905.25573730469 2042.58032226562 2344.93627929688 2346.7587890625 2113.43701171875 2091.71459960938 2123.46826171875 2109.24731445312 2065.587890625 2051.79956054688 2027.80651855469 2054.67504882812 2112.62353515625 2214.04736328125 2566.25537109375 2992.79443359375 3111.69018554688 3125.37622070312 3073.48803710938 2904.49291992188 2550.25268554688 2403.69873046875 2501.01416015625 2435.17456054688 2489.50268554688 2547.71215820312 2544.169921875 2656.01293945312 2398.6689453125 2249.896484375 2246.32983398438 2247.4443359375 2279.32177734375
1875.26525878906 1880.50817871094 1880.150390625 1900.1357421875 1880.74597167969 1879.88146972656 1881.84423828125 1881.87353515625 1881.76940917969 1881.77136230469 1882.56469726562 1884.87414550781 1889.21875 1891.94274902344 1895.32922363281 1902.59130859375 1917.58386230469 2010.91540527344 2127.796875 2079.72412109375 2062.41748046875 2107.54223632812 2181.71362304688 2123.97729492188 2068.10717773438 2051.55981445312 2039.61315917969 2098.41772460938 2254.50732421875 2324.89208984375 2518.92041015625 2888.41918945312 3118.10620117188 3128.62475585938 3087.24169921875 3021.80737304688 2874.46264648438 2663.99291992188 2743.9345703125 2487.49072265625 2525.27734375 2599.64477539062 2590.37670898438 2718.03125 2430.86376953125 2271.42309570312 2279.08374023438 2264.82104492188 2289.64794921875
1890.64123535156 1892.11511230469 1892.55297851562 1897.34423828125 1895.31103515625 1892.62805175781 1893.5068359375 1894.10595703125 1893.04846191406 1893.32312011719 1894.00561523438 1894.77014160156 1898.27648925781 1903.02697753906 1903.94348144531 1909.10778808594 1925.64404296875 2032.18884277344 2169.25048828125 2101.26708984375 2074.70556640625 2128.3779296875 2219.56201171875 2169.45092773438 2087.44555664062 2076.65478515625 2045.69396972656 2108.55029296875 2324.50659179688 2479.02661132812 2573.87573242188 2882.86059570312 3139.76318359375 3102.57934570312 3116.6767578125 3107.09497070312 3038.82690429688 2976.10522460938 2986.19409179688 2667.71630859375 2599.56860351562 2585.5966796875 2608.29174804688 2690.48657226562 2466.55224609375 2304.4501953125 2322.62280273438 2290.140625 2305.04760742188
1906.02954101562 1907.505859375 1907.56701660156 1908.67700195312 1907.13415527344 1905.74255371094 1907.36364746094 1906.3310546875 1905.49853515625 1905.01843261719 1905.39721679688 1905.77282714844 1906.92517089844 1911.34680175781 1914.77795410156 1925.8466796875 1965.78125 2085.2783203125 2195.08642578125 2112.45922851562 2075.5703125 2181.05126953125 2331.3369140625 2191.94189453125 2081.953125 2069.39331054688 2066.3671875 2080.56005859375 2234.00659179688 2428.6455078125 2576.05297851562 3022.43627929688 3140.63793945312 3083.5732421875 3071.51049804688 3031.81665039062 3000.56787109375 3137.90600585938 3106.9140625 2881.56274414062 2633.5849609375 2600.42529296875 2633.78857421875 2585.17724609375 2467.24780273438 2291.11767578125 2296.81518554688 2282.36889648438 2307.73608398438
1922.90588378906 1924.21008300781 1925.06774902344 1922.47485351562 1920.48010253906 -3.4e+38 1919.94787597656 1918.97436523438 1918.41271972656 1917.6025390625 1917.07153320312 1917.0537109375 1918.52380371094 1920.52282714844 1924.50463867188 1935.08642578125 2029.00646972656 2179.46484375 2162.10888671875 2112.60546875 2064.70166015625 2320.26171875 2646.6025390625 2256.48608398438 2068.29760742188 2052.79174804688 2070.17822265625 2071.51513671875 2153.44848632812 2318.58813476562 2480.884765625 2916.48315429688 2973.96069335938 3064.66748046875 3114.20849609375 3041.865234375 2990.08740234375 3167.6591796875 3049.3271484375 2762.69995117188 2633.21313476562 2704.91479492188 2655.75854492188 2416.93212890625 2362.2412109375 2269.1083984375 2274.54614257812 2277.90454101562 2299.35180664062
1961.34362792969 1959.07495117188 1957.09741210938 1950.44897460938 1949.10729980469 -3.4e+38 1944.77746582031 1943.6884765625 1942.3037109375 1939.61218261719 1938.56555175781 1939.28259277344 1939.37609863281 1939.69787597656 1943.25903320312 1946.9736328125 1960.13549804688 2175.33911132812 2474.73901367188 2288.00268554688 2110.49755859375 2224.61206054688 2421.61474609375 2191.67919921875 2055.49243164062 2056.35766601562 2078.43310546875 2118.2783203125 2100.93725585938 2125.11840820312 2242.79052734375 2441.5537109375 2652.603515625 3005.5029296875 3123.99780273438 3106.48608398438 2953.85473632812 3133.72290039062 2952.1630859375 2904.888671875 3136.794921875 2913.99682617188 2421.44384765625 2298.48461914062 2349.99633789062 2552.2080078125 2602.83447265625 2415.33569335938 2367.54614257812
1979.04028320312 1976.38171386719 1974.05444335938 1966.58459472656 1964.10510253906 1960.71643066406 1958.66162109375 1955.88659667969 1953.27014160156 1952.9931640625 1949.55627441406 1950.08337402344 1950.65405273438 1950.15063476562 1952.68615722656 1956.01953125 1958.33544921875 2140.68286132812 2425.16943359375 2256.80200195312 2094.22021484375 2224.23706054688 2434.62524414062 2229.73950195312 2057.20166015625 2053.6572265625 2104.07934570312 2179.26538085938 2137.54541015625 2192.48095703125 2308.33374023438 2294.58349609375 2594.77661132812 2977.56420898438 3169.81396484375 3159.2177734375 3039.46899414062 3145.20703125 3036.48413085938 3053.01806640625 3000.25952148438 2630.88330078125 2327.6455078125 2310.37670898438 2434.82763671875 2636.54052734375 2668.51953125 2492.05151367188 2391.21850585938
1993.19311523438 1993.54223632812 1989.14575195312 1981.18432617188 1977.94738769531 1975.3701171875 1973.61315917969 1968.71899414062 1965.12365722656 1965.99389648438 1963.47314453125 1958.77758789062 1961.53759765625 1960.18908691406 1962.12182617188 1963.78979492188 1967.12048339844 2156.38696289062 2457.0927734375 2297.47045898438 2122.82958984375 2254.6962890625 2471.42602539062 2238.939453125 2048.89135742188 2041.640625 2101.25610351562 2177.40112304688 2145.62670898438 2181.93115234375 2328.58715820312 2393.05346679688 2567.0048828125 2883.77587890625 3171.66333007812 3202.2529296875 3114.07958984375 3168.3349609375 3136.13134765625 3155.12377929688 2862.56323242188 2357.18432617188 2342.92358398438 2548.50708007812 2695.62182617188 2825.79418945312 2732.69921875 2508.48413085938 2430.03271484375
2008.76831054688 2008.52612304688 2003.3779296875 1996.62060546875 1992.78662109375 1988.58386230469 1986.29724121094 1984.85302734375 2003.00805664062 2079.36010742188 2098.26147460938 1982.0673828125 1971.13952636719 1969.97412109375 1970.67370605469 1971.35827636719 1978.19848632812 2217.60278320312 2689.05859375 2720.53100585938 2471.69775390625 2502.26513671875 2780.49731445312 2436.8046875 2037.78063964844 2044.37756347656 2112.06176757812 2161.11596679688 2131.63305664062 2152.7060546875 2391.33666992188 2701.22705078125 2774.62939453125 3016.14306640625 3168.18481445312 3083.19995117188 3012.185546875 3197.97680664062 3185.60815429688 3173.5244140625 2891.85791015625 2425.83032226562 2533.55126953125 2937.56201171875 3031.33740234375 2976.64208984375 2744.837890625 2582.96362304688 2546.45288085938
2020.37951660156 2019.17114257812 2016.58972167969 2009.61572265625 2006.41076660156 2001.73901367188 1999.45153808594 1997.52270507812 2059.12744140625 2287.34985351562 2325.208984375 2009.171875 1982.08483886719 1981.25598144531 1977.71826171875 1992.70129394531 2014.34948730469 2214.42724609375 2779.02172851562 3074.63525390625 2932.99658203125 2904.12353515625 3106.12524414062 2673.39233398438 2041.79418945312 2045.76733398438 2118.05126953125 2155.12255859375 2134.44482421875 2198.43286132812 2540.34912109375 2946.55517578125 2949.58422851562 3121.59252929688 3133.47094726562 2901.474609375 2845.58276367188 3187.39575195312 3151.38745117188 3134.875 2852.22924804688 2521.91772460938 2690.42626953125 3110.76440429688 3164.2119140625 3071.16650390625 2949.20068359375 2844.1240234375 2718.6826171875
2031.11779785156 2029.82568359375 2029.3408203125 2022.654296875 2019.46691894531 2016.10717773438 2012.44201660156 2005.90405273438 2093.22216796875 2358.09814453125 2344.95629882812 2006.61254882812 1993.771484375 1994.02282714844 1983.15783691406 2047.39306640625 2197.5166015625 2340.71044921875 2716.20971679688 3101.43603515625 3052.32983398438 3048.94140625 3051.6396484375 2562.43798828125 2050.57568359375 2055.50610351562 2105.5166015625 2177.67626953125 2231.87255859375 2266.78540039062 2577.90380859375 3101.32495117188 3122.9658203125 3205.63549804688 3141.39404296875 2878.0361328125 2800.392578125 3080.861328125 3094.1806640625 3160.82397460938 2887.48974609375 2559.50439453125 2790.11450195312 3137.49291992188 3166.00268554688 3138.51489257812 3158.701171875 3057.19750976562 2926.09741210938
2041.92822265625 2040.73559570312 2039.80480957031 2037.65930175781 2033.59790039062 2028.89526367188 2024.22583007812 2018.04577636719 2100.236328125 2265.103515625 2177.26782226562 2004.87084960938 2006.08325195312 2005.41723632812 1995.97595214844 2049.63452148438 2263.5673828125 2572.75170898438 2819.5341796875 3034.33984375 2930.85717773438 2843.97412109375 2742.8349609375 2223.5205078125 2042.78930664062 2053.6328125 2125.99487304688 2263.4345703125 2364.75512695312 2382.59057617188 2640.763671875 3167.83837890625 3242.84619140625 3206.06469726562 3053.20727539062 2857.58203125 2801.341796875 2900.85791015625 3018.99633789062 3194.703125 3006.60864257812 2752.76318359375 2881.47631835938 3140.7294921875 3039.60668945312 2998.74731445312 3072.4794921875 3107.63037109375 3063.779296875
2053.01733398438 2051.29321289062 2050.95166015625 2051.6513671875 2046.83483886719 2041.482421875 2037.74462890625 2032.49536132812 2060.81103515625 2135.1484375 2107.92407226562 2013.02221679688 2016.25170898438 2015.98681640625 2020.24792480469 2056.01220703125 2242.017578125 2577.681640625 2829.072265625 2817.7041015625 2595.08984375 2415.9619140625 2372.52490234375 2034.34008789062 2032.21936035156 2046.78491210938 2160.28833007812 2366.59814453125 2443.79077148438 2488.64990234375 2781.30786132812 3107.83666992188 3219.80981445312 3104.08178710938 2992.6064453125 2840.6064453125 2774.9697265625 2774.46923828125 2976.64038085938 3203.46411132812 3149.314453125 3048.00244140625 3005.62719726562 3143.24169921875 2993.38989257812 2871.05102539062 2968.39282226562 3111.11303710938 3048.95092773438
2061.55151367188 2062.0068359375 2065.10864257812 2063.41870117188 2058.34301757812 2053.89721679688 2051.29370117188 2046.38427734375 2039.638671875 2096.95263671875 2147.93505859375 2033.08325195312 2027.6767578125 2025.81188964844 2217.94995117188 2300.93798828125 2418.04614257812 2623.24633789062 2679.6826171875 2668.97314453125 2478.97583007812 2183.46362304688 2115.19677734375 2025.76354980469 2033.87756347656 2053.3388671875 2137.58203125 2407.90576171875 2651.94921875 2736.90747070312 2972.517578125 3126.494140625 3193.91162109375 3102.224609375 3117.54248046875 2966.484375 2811.09936523438 2668.68774414062 2891.6318359375 3083.01147460938 3116.951171875 3165.62182617188 3141.62817382812 3154.3642578125 3066.529296875 2959.66528320312 3053.3515625 3108.31372070312 2949.36791992188
