rcp4.5models/CNRM_CM5/sc1gr3.31
NCOLS 261 
NROWS 433 
XLLCORNER 336357.134 
YLLCORNER 654653.479 
CELLSIZE 1000 
NODATA_value -3.4e+38 
[rows 220 to 241 of 433, columns 196 to 244 of 261]
265.880462646484 266.267486572266 266.244964599609 266.439758300781 266.738525390625 267.269226074219 267.102691650391 267.312530517578 267.768005371094 268.212799072266 267.784423828125 267.786468505859 268.228515625 268.111206054688 267.642486572266 267.819763183594 268.404418945312 268.075927734375 269.123443603516 268.752838134766 268.392700195312 268.639221191406 268.508331298828 268.444793701172 268.395721435547 268.498901367188 268.521636962891 -3.4e+38 268.620635986328 268.576568603516 268.520965576172 268.413116455078 -3.4e+38 -3.4e+38 -3.4e+38 -3.4e+38 -3.4e+38 -3.4e+38 -3.4e+38 -3.4e+38 -3.4e+38 -3.4e+38 -3.4e+38 -3.4e+38 -3.4e+38 -3.4e+38 -3.4e+38 -3.4e+38 -3.4e+38
265.655212402344 265.86376953125 266.029144287109 266.318603515625 266.565124511719 267.151275634766 267.025756835938 267.395965576172 267.727935791016 267.745758056641 267.348541259766 267.561126708984 267.850646972656 267.418060302734 267.019683837891 267.721130371094 268.257537841797 268.242034912109 268.738494873047 268.498229980469 268.427886962891 268.4990234375 268.337707519531 268.689788818359 268.783111572266 268.590087890625 268.645843505859 -3.4e+38 268.787933349609 268.630737304688 268.546722412109 268.503143310547 -3.4e+38 -3.4e+38 -3.4e+38 -3.4e+38 -3.4e+38 -3.4e+38 -3.4e+38 -3.4e+38 -3.4e+38 -3.4e+38 -3.4e+38 -3.4e+38 -3.4e+38 -3.4e+38 -3.4e+38 -3.4e+38 -3.4e+38
265.498931884766 265.651824951172 265.929321289062 266.075164794922 266.196594238281 266.716400146484 266.677154541016 267.434875488281 267.493286132812 267.426177978516 267.322113037109 267.415740966797 267.355224609375 267.167114257812 267.142303466797 267.566314697266 267.846588134766 268.115570068359 268.432159423828 268.372833251953 268.490478515625 268.701690673828 268.671661376953 268.676513671875 -3.4e+38 -3.4e+38 -3.4e+38 -3.4e+38 268.753387451172 268.66796875 268.562622070312 268.496337890625 268.379516601562 -3.4e+38 -3.4e+38 -3.4e+38 -3.4e+38 -3.4e+38 -3.4e+38 -3.4e+38 -3.4e+38 -3.4e+38 -3.4e+38 -3.4e+38 -3.4e+38 -3.4e+38 -3.4e+38 -3.4e+38 -3.4e+38
265.699127197266 265.922576904297 265.723175048828 265.736450195312 266.126800537109 266.389190673828 266.373443603516 267.296600341797 267.478729248047 267.535064697266 267.238616943359 267.040618896484 267.329895019531 267.456817626953 267.846923828125 267.96923828125 268.082397460938 268.268646240234 268.408905029297 268.36376953125 268.481048583984 268.816711425781 269.020416259766 268.941925048828 -3.4e+38 -3.4e+38 -3.4e+38 -3.4e+38 268.987609863281 268.751922607422 268.554107666016 268.507293701172 268.442718505859 268.455657958984 268.276153564453 -3.4e+38 -3.4e+38 -3.4e+38 -3.4e+38 -3.4e+38 -3.4e+38 -3.4e+38 -3.4e+38 -3.4e+38 -3.4e+38 -3.4e+38 -3.4e+38 -3.4e+38 -3.4e+38
266.173950195312 266.276641845703 266.000427246094 266.066223144531 266.650695800781 266.947448730469 266.977813720703 267.261505126953 267.453369140625 267.692657470703 267.403106689453 266.983154296875 267.014678955078 267.462005615234 267.922698974609 268.398986816406 268.511291503906 268.538909912109 268.537719726562 268.354644775391 268.406616210938 268.715606689453 269.115051269531 -3.4e+38 -3.4e+38 269.334777832031 269.307037353516 269.371673583984 269.324768066406 269.07080078125 268.482238769531 268.547210693359 268.548828125 268.492584228516 268.33740234375 268.297058105469 268.296051025391 -3.4e+38 -3.4e+38 -3.4e+38 -3.4e+38 -3.4e+38 -3.4e+38 -3.4e+38 -3.4e+38 -3.4e+38 -3.4e+38 -3.4e+38 -3.4e+38
266.500427246094 266.537384033203 266.759857177734 266.912475585938 267.013122558594 -3.4e+38 -3.4e+38 266.856201171875 267.337707519531 267.543334960938 267.627777099609 267.494903564453 267.125061035156 267.356628417969 267.418823242188 267.988677978516 268.440490722656 268.504730224609 268.642303466797 268.439788818359 268.409942626953 268.506072998047 268.814239501953 268.920989990234 269.086608886719 269.01513671875 269.030303955078 269.299926757812 269.36474609375 269.318145751953 268.681243896484 268.538665771484 268.540344238281 268.450744628906 268.313018798828 268.378448486328 268.33251953125 268.348693847656 -3.4e+38 -3.4e+38 -3.4e+38 -3.4e+38 -3.4e+38 -3.4e+38 -3.4e+38 -3.4e+38 -3.4e+38 -3.4e+38 -3.4e+38
266.420562744141 266.512023925781 266.809753417969 267.002777099609 266.6669921875 266.463043212891 266.326721191406 265.200439453125 265.7431640625 267.056427001953 267.707580566406 268.119812011719 268.038482666016 267.960754394531 267.704406738281 267.755157470703 268.257598876953 268.371978759766 268.610382080078 268.470825195312 268.386291503906 268.236328125 268.222625732422 268.600402832031 268.609100341797 268.571868896484 268.629913330078 268.798156738281 268.971771240234 269.038909912109 269.049865722656 268.590667724609 268.404388427734 268.418853759766 268.225646972656 268.238586425781 268.243103027344 268.328948974609 -3.4e+38 -3.4e+38 -3.4e+38 -3.4e+38 -3.4e+38 -3.4e+38 -3.4e+38 -3.4e+38 -3.4e+38 -3.4e+38 -3.4e+38
266.099029541016 266.365844726562 266.507171630859 266.554565429688 266.138000488281 265.727630615234 265.207672119141 264.858917236328 265.605194091797 267.106231689453 267.747833251953 268.202026367188 268.165374755859 268.450164794922 268.273132324219 268.063690185547 268.150238037109 268.234313964844 268.477264404297 268.469116210938 268.391754150391 268.169219970703 267.850372314453 267.975860595703 268.275939941406 268.332611083984 268.359466552734 268.456512451172 268.488433837891 268.603942871094 269.120849609375 268.853454589844 268.429168701172 268.282897949219 268.193511962891 268.138000488281 268.077239990234 268.188995361328 268.161499023438 -3.4e+38 -3.4e+38 -3.4e+38 -3.4e+38 -3.4e+38 -3.4e+38 -3.4e+38 -3.4e+38 -3.4e+38 -3.4e+38
265.548797607422 265.729309082031 265.599639892578 265.244567871094 265.444458007812 265.632568359375 264.783996582031 266.030700683594 266.692962646484 267.311676025391 267.520599365234 267.730133056641 267.849578857422 268.4658203125 268.412384033203 268.248504638672 268.109344482422 268.138153076172 268.433990478516 268.516448974609 268.524719238281 268.336120605469 268.083312988281 267.986297607422 268.219512939453 268.339874267578 268.406677246094 268.446014404297 268.403472900391 268.711547851562 269.100646972656 269.105834960938 268.740325927734 268.603271484375 268.377746582031 268.163299560547 268.086395263672 268.0703125 268.114837646484 268.08251953125 -3.4e+38 -3.4e+38 -3.4e+38 -3.4e+38 -3.4e+38 -3.4e+38 -3.4e+38 -3.4e+38 -3.4e+38
265.235992431641 265.088470458984 264.638061523438 263.815887451172 263.943054199219 266.107330322266 265.630676269531 264.166015625 265.268402099609 266.07666015625 266.263641357422 267.170959472656 267.172729492188 267.8994140625 268.033264160156 268.082214355469 267.8291015625 268.140899658203 268.378875732422 268.469299316406 268.588043212891 268.455688476562 268.37841796875 268.293823242188 268.273071289062 268.346862792969 268.428466796875 268.469696044922 268.505676269531 268.662689208984 268.924102783203 269.233459472656 -3.4e+38 -3.4e+38 -3.4e+38 -3.4e+38 268.123565673828 268.015319824219 268.016967773438 268.075317382812 268.185668945312 268.519317626953 -3.4e+38 -3.4e+38 -3.4e+38 -3.4e+38 -3.4e+38 -3.4e+38 -3.4e+38
264.95361328125 264.681091308594 264.888763427734 264.530792236328 264.548583984375 266.065551757812 265.709259033203 262.808776855469 262.859191894531 264.666748046875 263.754089355469 265.188201904297 266.699737548828 267.354339599609 267.512176513672 267.828765869141 267.871276855469 267.994262695312 268.234558105469 268.348236083984 268.485748291016 268.533447265625 268.448944091797 268.371765136719 268.311279296875 268.313598632812 268.339935302734 268.421447753906 268.478546142578 268.424621582031 268.612121582031 268.821685791016 -3.4e+38 -3.4e+38 -3.4e+38 -3.4e+38 -3.4e+38 268.462890625 268.138916015625 268.033569335938 268.113433837891 268.382690429688 268.512908935547 -3.4e+38 -3.4e+38 -3.4e+38 -3.4e+38 -3.4e+38 -3.4e+38
264.885467529297 264.122283935547 262.767944335938 260.661773681641 261.954193115234 263.789672851562 263.886016845703 264.656158447266 265.515869140625 266.240570068359 266.823394775391 266.580444335938 267.160400390625 267.705627441406 267.074554443359 267.743682861328 268.307647705078 268.192840576172 268.278076171875 268.329315185547 268.491241455078 268.531585693359 268.391906738281 268.369659423828 268.229827880859 268.183654785156 267.964385986328 268.0703125 268.309722900391 268.512573242188 269.151794433594 -3.4e+38 -3.4e+38 -3.4e+38 -3.4e+38 -3.4e+38 -3.4e+38 -3.4e+38 -3.4e+38 -3.4e+38 268.569000244141 268.232025146484 268.279663085938 268.502380371094 -3.4e+38 -3.4e+38 -3.4e+38 -3.4e+38 -3.4e+38
264.760772705078 262.96923828125 260.866424560547 259.590942382812 260.609222412109 263.553558349609 263.805480957031 264.803894042969 266.048095703125 266.627960205078 267.532409667969 267.628540039062 267.600952148438 267.826568603516 267.372497558594 268.005859375 268.402923583984 268.301208496094 268.268707275391 268.271270751953 268.353607177734 268.435638427734 268.302886962891 268.336822509766 268.299041748047 268.206634521484 268.018707275391 268.045196533203 268.373931884766 268.829559326172 269.189270019531 269.141967773438 -3.4e+38 -3.4e+38 -3.4e+38 -3.4e+38 -3.4e+38 -3.4e+38 -3.4e+38 -3.4e+38 -3.4e+38 268.203094482422 268.271331787109 268.494689941406 268.49609375 268.497436523438 -3.4e+38 -3.4e+38 -3.4e+38
264.892944335938 262.025146484375 259.527313232422 262.801605224609 262.906127929688 264.091949462891 264.423553466797 263.962341308594 266.215545654297 266.373321533203 266.976287841797 -3.4e+38 267.764282226562 267.681243896484 267.752136230469 268.161437988281 268.480194091797 268.396331787109 268.072052001953 268.105438232422 268.194610595703 268.252471923828 268.269500732422 268.327423095703 268.417266845703 268.34814453125 268.184448242188 268.186431884766 268.761413574219 269.008972167969 269.052490234375 -3.4e+38 -3.4e+38 -3.4e+38 -3.4e+38 -3.4e+38 268.554382324219 -3.4e+38 -3.4e+38 -3.4e+38 -3.4e+38 268.150360107422 -3.4e+38 268.819549560547 268.488464355469 -3.4e+38 -3.4e+38 -3.4e+38 -3.4e+38
264.89892578125 263.155548095703 261.764404296875 263.991088867188 264.248138427734 264.504119873047 264.874237060547 264.590423583984 265.950836181641 266.716674804688 265.839294433594 265.337249755859 268.107513427734 267.930389404297 268.045196533203 268.127197265625 268.364776611328 268.348937988281 268.010162353516 268.037078857422 268.088409423828 268.146179199219 268.260192871094 268.317962646484 268.431945800781 268.434478759766 268.428955078125 268.621246337891 269.037628173828 269.032135009766 268.918670654297 268.594848632812 268.924499511719 269.258056640625 -3.4e+38 268.674957275391 268.277984619141 268.413299560547 268.654022216797 -3.4e+38 -3.4e+38 268.208190917969 268.433197021484 -3.4e+38 268.347778320312 -3.4e+38 268.483642578125 -3.4e+38 -3.4e+38
265.048309326172 264.757049560547 264.321380615234 264.245269775391 264.549285888672 265.381561279297 265.477264404297 265.243560791016 265.354583740234 266.816802978516 266.408264160156 265.661407470703 267.911773681641 268.199523925781 268.061126708984 268.024353027344 268.264068603516 268.197021484375 268.167358398438 268.170166015625 268.141937255859 -3.4e+38 268.218841552734 268.371765136719 268.422698974609 268.393981933594 268.411468505859 268.526000976562 268.557342529297 268.854949951172 268.791259765625 268.575561523438 269.088653564453 269.129760742188 268.960479736328 268.636047363281 268.242462158203 268.452331542969 -3.4e+38 -3.4e+38 -3.4e+38 268.112854003906 268.226745605469 268.225982666016 268.318511962891 -3.4e+38 268.443054199219 268.431701660156 -3.4e+38
265.095001220703 264.88134765625 264.277221679688 264.164825439453 264.658020019531 265.791931152344 265.837860107422 265.29345703125 265.525848388672 265.980316162109 266.859771728516 267.495391845703 268.054443359375 268.276611328125 267.991943359375 267.754150390625 268.185882568359 268.176422119141 268.231079101562 268.264526367188 268.275329589844 268.166320800781 268.185760498047 268.253051757812 -3.4e+38 268.174163818359 267.893005371094 268.224395751953 268.144561767578 268.448760986328 268.712860107422 268.478515625 268.942474365234 268.954833984375 268.899963378906 268.772308349609 268.280456542969 268.492279052734 -3.4e+38 268.48486328125 -3.4e+38 -3.4e+38 268.260559082031 -3.4e+38 -3.4e+38 -3.4e+38 268.381072998047 268.290344238281 -3.4e+38
264.740051269531 265.070556640625 264.762268066406 264.568695068359 264.803771972656 265.35302734375 265.807952880859 265.807800292969 265.934600830078 266.199157714844 266.675140380859 -3.4e+38 267.935119628906 268.135192871094 267.682952880859 267.906341552734 268.226470947266 268.21630859375 268.221649169922 268.278961181641 268.215942382812 267.976898193359 268.208465576172 -3.4e+38 268.355773925781 268.055694580078 267.44775390625 267.869415283203 268.264617919922 268.251129150391 268.317321777344 268.328338623047 268.590087890625 268.748260498047 268.595977783203 268.522064208984 268.272155761719 268.310302734375 268.285797119141 268.124664306641 268.267700195312 -3.4e+38 -3.4e+38 -3.4e+38 -3.4e+38 -3.4e+38 -3.4e+38 268.205169677734 268.395935058594
264.403930664062 265.161895751953 265.355926513672 265.654632568359 265.716156005859 265.735778808594 265.994323730469 265.996551513672 265.890747070312 267.017425537109 266.915313720703 267.378875732422 267.484100341797 268.005828857422 267.937255859375 268.175842285156 268.223510742188 268.174713134766 268.305633544922 268.301788330078 268.140716552734 267.776947021484 267.842620849609 268.033630371094 267.669738769531 267.655639648438 267.56494140625 267.937744140625 268.320587158203 268.146606445312 268.152496337891 268.250518798828 268.321929931641 268.420349121094 268.328430175781 268.339813232422 268.329559326172 268.243927001953 268.145812988281 268.048675537109 268.162933349609 -3.4e+38 -3.4e+38 -3.4e+38 -3.4e+38 -3.4e+38 -3.4e+38 268.143280029297 268.21044921875
264.205535888672 264.543029785156 264.895812988281 265.655120849609 266.018737792969 266.304077148438 266.282470703125 266.182434082031 266.038757324219 266.829528808594 267.192352294922 267.406036376953 267.677368164062 268.202728271484 268.331695556641 268.254455566406 268.170684814453 268.171813964844 268.369506835938 268.317901611328 268.001373291016 267.425750732422 267.322509765625 267.549407958984 267.108917236328 267.110168457031 267.590209960938 268.297576904297 268.319702148438 268.131072998047 268.111907958984 268.111968994141 268.18212890625 268.085601806641 268.184814453125 268.307006835938 268.399810791016 268.324188232422 268.238464355469 268.140655517578 268.170257568359 -3.4e+38 268.448425292969 268.501861572266 -3.4e+38 -3.4e+38 -3.4e+38 -3.4e+38 268.148345947266
264.273803710938 264.336273193359 264.739166259766 265.367584228516 266.079254150391 266.390106201172 266.533294677734 266.756561279297 266.739990234375 266.922821044922 267.241027832031 267.365295410156 267.612457275391 268.281402587891 268.166198730469 267.739624023438 267.839874267578 268.220611572266 268.360107421875 268.217681884766 -3.4e+38 267.241302490234 267.178741455078 267.317108154297 267.290649414062 267.122589111328 267.608978271484 268.385162353516 268.334136962891 268.201324462891 268.009704589844 267.945465087891 268.029113769531 267.931304931641 267.744812011719 267.841491699219 268.250885009766 268.296905517578 268.252685546875 268.233093261719 268.223693847656 268.422210693359 268.342163085938 268.365814208984 -3.4e+38 -3.4e+38 -3.4e+38 -3.4e+38 268.129669189453
264.058532714844 264.441192626953 265.040374755859 265.539306640625 266.208374023438 266.414520263672 266.936614990234 266.630249023438 266.86767578125 267.17626953125 267.126373291016 267.288940429688 267.475952148438 267.700866699219 267.576019287109 267.465850830078 267.899932861328 -3.4e+38 268.287658691406 268.198150634766 -3.4e+38 267.622283935547 267.194976806641 267.275024414062 267.514801025391 267.547027587891 267.448150634766 267.775665283203 267.843231201172 268.181579589844 268.097045898438 267.9873046875 268.01318359375 267.841003417969 267.297271728516 267.469451904297 268.223266601562 268.339416503906 268.342346191406 268.313781738281 268.227813720703 268.254516601562 268.373474121094 -3.4e+38 -3.4e+38 -3.4e+38 -3.4e+38 268.361541748047 268.032623291016
