rcp4.5models/CNRM_CM5/sc1gr7.11
NCOLS 261 
NROWS 433 
XLLCORNER 336357.134 
YLLCORNER 654653.479 
CELLSIZE 1000 
NODATA_value -3.4e+38 
[rows 110 to 131 of 433, columns 49 to 97 of 261]
145.750015258789 145.396987915039 145.066101074219 144.558853149414 144.337631225586 143.777160644531 143.414825439453 142.681396484375 142.352844238281 141.882873535156 141.526184082031 141.242599487305 140.760772705078 140.212860107422 139.696807861328 139.379241943359 138.740768432617 138.297958374023 137.647857666016 137.053863525391 136.566131591797 136.115264892578 135.703948974609 135.092636108398 134.802581787109 134.384750366211 133.823059082031 133.671630859375 133.330917358398 132.084045410156 131.606918334961 131.37060546875 130.520050048828 129.94807434082 129.413131713867 128.72395324707 128.14875793457 127.985565185547 127.780838012695 127.362434387207 126.827133178711 125.790214538574 125.27123260498 124.975769042969 124.493644714355 124.200523376465 123.742935180664 123.44758605957 122.905815124512
145.381866455078 145.046875 144.477462768555 144.250915527344 143.894622802734 143.598251342773 143.004425048828 142.398010253906 142.107070922852 141.471954345703 141.04426574707 140.87565612793 140.35969543457 139.941925048828 139.416549682617 139.003341674805 138.434524536133 137.879379272461 137.050338745117 136.579696655273 136.078887939453 135.588424682617 135.09831237793 134.633239746094 134.318435668945 133.741302490234 133.067077636719 132.956146240234 132.643737792969 131.616653442383 131.007690429688 130.353851318359 129.78742980957 129.096649169922 128.545303344727 128.163650512695 127.531135559082 127.369743347168 126.763900756836 126.337440490723 125.713760375977 124.745750427246 124.394317626953 123.933929443359 123.623779296875 123.173957824707 122.827598571777 122.380516052246 121.89949798584
145.106216430664 144.833847045898 144.269500732422 143.994293212891 143.43896484375 143.262390136719 142.637283325195 141.955337524414 141.63996887207 141.234161376953 140.726165771484 140.444213867188 140.15119934082 139.729202270508 138.896789550781 138.415985107422 138.215072631836 137.451293945312 136.524627685547 136.195449829102 135.465850830078 135.090438842773 134.562301635742 133.989791870117 133.662490844727 133.092483520508 132.514419555664 132.194763183594 131.900131225586 130.914840698242 130.319046020508 129.510223388672 129.022521972656 128.46174621582 127.937705993652 127.466247558594 126.83137512207 126.541442871094 125.937530517578 125.305519104004 124.70588684082 123.832931518555 123.404319763184 123.10285949707 122.526496887207 122.071159362793 121.652641296387 121.19800567627 120.833068847656
144.93034362793 144.490631103516 144.135528564453 143.464538574219 143.217514038086 142.78987121582 142.481201171875 141.699066162109 141.225952148438 140.97248840332 140.200286865234 140.01545715332 139.556427001953 139.297988891602 138.381530761719 138.184158325195 137.691101074219 136.973266601562 136.240783691406 135.691970825195 135.024002075195 134.463287353516 133.82160949707 133.530487060547 133.029815673828 132.510116577148 131.818572998047 131.457412719727 131.146682739258 130.205001831055 129.71614074707 129.129028320312 128.43977355957 127.809722900391 127.528755187988 126.931060791016 126.261810302734 125.718727111816 125.210227966309 124.45597076416 123.813407897949 122.962448120117 122.463638305664 122.217216491699 121.542259216309 121.087623596191 120.744041442871 120.280784606934 119.711013793945
144.459884643555 144.17839050293 143.720001220703 143.216171264648 142.910263061523 142.514282226562 142.186721801758 141.206161499023 140.899353027344 140.415557861328 139.94758605957 139.52653503418 139.185287475586 138.843231201172 138.225646972656 137.664840698242 137.353317260742 136.733001708984 135.967010498047 135.230651855469 134.506607055664 133.998718261719 133.383346557617 133.024124145508 132.295989990234 131.953994750977 131.216979980469 130.737915039062 130.323654174805 129.681671142578 -3.4e+38 128.569290161133 128.002914428711 127.273933410645 126.976135253906 126.249145507812 125.555274963379 124.840118408203 124.367790222168 123.801818847656 123.189720153809 122.241142272949 121.576705932617 121.241004943848 120.560340881348 120.221626281738 119.74178314209 119.323760986328 118.84033203125
143.882751464844 143.449295043945 143.138610839844 142.4638671875 142.141937255859 141.884780883789 141.457427978516 140.518936157227 140.107009887695 139.831481933594 139.039611816406 138.949417114258 138.249908447266 137.935287475586 137.352920532227 136.873687744141 136.600189208984 135.969039916992 134.989227294922 134.607696533203 133.743637084961 133.301742553711 132.499145507812 131.808929443359 131.024703979492 130.946472167969 130.260238647461 129.74284362793 129.088348388672 127.909339904785 127.490844726562 127.182861328125 126.75749206543 126.052192687988 125.594573974609 124.884490966797 124.210395812988 123.566711425781 123.184455871582 122.497703552246 122.001052856445 120.805801391602 -3.4e+38 119.431755065918 118.752746582031 117.984375 117.747428894043 117.433448791504 116.89868927002
143.394226074219 143.302169799805 142.897277832031 142.230270385742 142.001312255859 141.562866210938 141.120712280273 140.199920654297 139.654159545898 139.347320556641 138.74299621582 138.486999511719 137.949188232422 137.521896362305 136.807113647461 136.391677856445 135.954025268555 135.731353759766 134.610595703125 134.245727539062 133.497543334961 132.779907226562 132.173965454102 131.425765991211 130.869400024414 130.392593383789 129.848281860352 129.417098999023 128.569458007812 127.503921508789 126.971031188965 126.503211975098 126.037063598633 125.387603759766 -3.4e+38 124.332893371582 123.688194274902 123.017211914062 122.485084533691 121.754806518555 121.061973571777 119.872123718262 119.342384338379 118.703323364258 118.051605224609 117.355934143066 116.798713684082 116.435531616211 115.794723510742
143.262481689453 142.986968994141 142.603546142578 142.158584594727 141.457412719727 141.03303527832 140.717681884766 139.760116577148 139.375427246094 139.001586914062 -3.4e+38 -3.4e+38 137.19026184082 137.142028808594 136.429061889648 135.948837280273 135.662353515625 135.103988647461 134.078475952148 133.67529296875 133.062606811523 132.434326171875 131.7421875 131.124862670898 130.498397827148 129.99983215332 129.483917236328 128.886260986328 128.12419128418 127.212646484375 126.567474365234 125.995933532715 125.283309936523 124.753257751465 124.146560668945 123.67552947998 123.11678314209 122.402359008789 121.54541015625 120.920654296875 120.340560913086 119.009140014648 118.70435333252 118.035629272461 117.296028137207 116.938621520996 116.235496520996 115.469772338867 114.773071289062
143.127517700195 142.526611328125 -3.4e+38 141.836807250977 141.230194091797 140.767486572266 140.23828125 139.159286499023 138.927780151367 138.29801940918 137.807342529297 137.157760620117 136.959411621094 136.360321044922 135.734909057617 135.247985839844 134.916320800781 134.455917358398 133.540969848633 133.14762878418 132.547637939453 131.892562866211 131.447723388672 130.758316040039 130.148178100586 129.795806884766 129.109420776367 128.43278503418 127.785049438477 126.716552734375 126.114837646484 125.51692199707 124.774703979492 124.166381835938 123.418418884277 122.77970123291 122.325233459473 121.721206665039 120.955352783203 120.398574829102 119.88941192627 118.455467224121 118.034820556641 117.460472106934 116.846580505371 116.335411071777 115.572479248047 114.732727050781 114.141189575195
142.902496337891 142.105087280273 -3.4e+38 -3.4e+38 -3.4e+38 140.188125610352 139.920364379883 138.897857666016 138.34391784668 137.985397338867 137.346313476562 136.890121459961 136.429214477539 135.849533081055 135.211380004883 134.755645751953 134.324340820312 133.719802856445 132.983535766602 132.609619140625 131.969802856445 131.558334350586 131.093902587891 130.40364074707 129.954147338867 129.336547851562 128.617446899414 128.071563720703 127.561798095703 126.135551452637 125.582649230957 124.921936035156 124.245910644531 -3.4e+38 122.787414550781 122.077201843262 121.403045654297 120.940879821777 120.26636505127 119.718620300293 119.185066223145 118.090026855469 117.525436401367 116.939674377441 116.327545166016 115.542015075684 114.729560852051 114.148643493652 113.567970275879
142.547760009766 141.976165771484 141.64697265625 -3.4e+38 -3.4e+38 139.694900512695 139.6259765625 138.522338867188 137.775787353516 137.701431274414 136.891387939453 136.416244506836 135.869201660156 135.465454101562 134.840957641602 134.252548217773 133.766143798828 133.188217163086 132.337554931641 132.163345336914 131.44172668457 131.116302490234 130.627639770508 130.019668579102 129.486282348633 128.718276977539 128.149261474609 127.596122741699 126.894874572754 125.493721008301 125.175033569336 124.460647583008 123.693534851074 123.062782287598 122.163833618164 121.439453125 120.934379577637 120.337814331055 119.66145324707 119.118446350098 118.470321655273 117.502143859863 116.815505981445 116.16136932373 115.513931274414 114.875953674316 113.917930603027 113.556518554688 112.93383026123
142.215927124023 141.741561889648 141.342315673828 140.986526489258 140.473495483398 139.437927246094 138.967910766602 137.915023803711 137.387588500977 137.089004516602 136.276397705078 135.804611206055 135.567916870117 135.141571044922 134.367736816406 133.961563110352 133.339767456055 132.541168212891 131.752517700195 131.384307861328 130.934112548828 130.604187011719 130.036209106445 129.435104370117 129.011581420898 128.234176635742 127.77596282959 127.090454101562 126.450721740723 125.146408081055 124.545188903809 123.796310424805 123.118507385254 122.611686706543 121.585311889648 121.00358581543 120.401550292969 119.608978271484 118.994911193848 118.532218933105 117.878028869629 116.864028930664 116.193069458008 115.522399902344 114.847061157227 114.140190124512 113.32706451416 112.83374786377 112.263359069824
142.007431030273 141.54328918457 141.08740234375 140.389053344727 139.641983032227 139.173797607422 138.531005859375 137.472366333008 137.172348022461 136.49528503418 135.879501342773 135.345687866211 135.204559326172 134.840591430664 133.955032348633 133.484832763672 133.017578125 132.353515625 131.360900878906 130.796371459961 130.423812866211 129.973129272461 129.449325561523 128.882354736328 128.374374389648 127.877685546875 127.331298828125 126.663070678711 125.912643432617 124.793556213379 124.000343322754 123.362976074219 122.60327911377 122.145980834961 121.209007263184 120.600738525391 119.79566192627 119.14232635498 118.49681854248 117.981857299805 117.243537902832 116.238075256348 115.638809204102 114.909629821777 114.235412597656 113.524810791016 112.92024230957 112.233024597168 111.68278503418
141.76155090332 141.369781494141 140.576416015625 139.989410400391 139.297882080078 138.793518066406 138.383361816406 137.229217529297 136.664581298828 136.062927246094 135.617385864258 134.811004638672 134.673370361328 133.953765869141 133.530532836914 133.024993896484 132.450561523438 131.861450195312 130.532897949219 130.016067504883 129.750701904297 129.402191162109 128.760925292969 128.438125610352 127.817474365234 127.422798156738 126.662757873535 126.071632385254 125.513626098633 124.222267150879 123.405601501465 122.866508483887 122.27978515625 121.642021179199 120.744110107422 119.910308837891 119.205535888672 118.762062072754 118.061309814453 117.682914733887 116.785507202148 115.635162353516 115.112571716309 114.328681945801 113.558906555176 112.863311767578 112.352386474609 111.660682678223 110.958686828613
141.447250366211 140.949844360352 140.179443359375 139.647491455078 139.007263183594 138.386428833008 138.083068847656 136.920684814453 136.464019775391 135.685394287109 135.193359375 134.599487304688 134.192077636719 133.390411376953 133.001800537109 132.590759277344 131.897521972656 131.301361083984 129.958450317383 129.409637451172 128.987991333008 128.834426879883 128.139251708984 127.821769714355 127.105110168457 126.769203186035 126.134635925293 125.557258605957 125.058776855469 123.583839416504 122.879684448242 122.229690551758 121.612411499023 120.995658874512 120.163864135742 119.425285339355 118.834922790527 118.451187133789 117.670829772949 117.149909973145 116.37703704834 115.124488830566 114.560897827148 113.77375793457 112.992088317871 112.328125 111.800476074219 111.141220092773 110.352699279785
141.386489868164 140.536407470703 139.780654907227 139.393203735352 138.905700683594 138.21923828125 137.585418701172 136.512329101562 136.412124633789 135.559295654297 135.08723449707 134.527938842773 133.803146362305 133.221282958984 132.582595825195 132.235321044922 131.723007202148 130.910705566406 129.470001220703 129.024765014648 128.620620727539 128.17041015625 127.621315002441 127.243492126465 126.555023193359 126.146949768066 125.487380981445 125.158843994141 124.501159667969 123.009452819824 122.275489807129 121.663414001465 121.101089477539 120.355278015137 119.660614013672 118.867385864258 118.368751525879 117.924682617188 117.322654724121 116.67911529541 115.956008911133 114.606315612793 113.96004486084 113.290061950684 112.437538146973 111.854843139648 111.215141296387 110.48509979248 109.740310668945
140.750625610352 139.749359130859 139.118072509766 138.648284912109 138.045272827148 137.626510620117 137.225234985352 135.988708496094 135.25080871582 134.909973144531 134.201324462891 133.611557006836 133.216217041016 132.648895263672 131.867858886719 131.59342956543 130.862060546875 130.122253417969 129.012786865234 128.29150390625 127.639282226562 127.042831420898 126.625640869141 125.999633789062 125.552932739258 124.923759460449 124.503402709961 124.085350036621 123.393119812012 122.10636138916 121.623237609863 120.943817138672 120.164596557617 119.410461425781 118.830345153809 118.345726013184 117.738815307617 117.013717651367 116.17911529541 115.562683105469 114.756713867188 113.447677612305 112.770370483398 112.188934326172 111.513664245605 111.056503295898 110.184448242188 109.453483581543 108.800819396973
140.324157714844 139.446258544922 138.781448364258 138.58349609375 137.990539550781 137.412460327148 136.795547485352 135.619888305664 134.924423217773 134.499282836914 133.971542358398 133.223602294922 132.610427856445 132.19367980957 131.4521484375 130.965881347656 130.710693359375 129.599319458008 128.250289916992 127.958778381348 127.265472412109 126.363975524902 125.915328979492 125.525512695312 124.952835083008 124.401542663574 123.89769744873 123.423599243164 122.878723144531 121.806144714355 121.096542358398 120.508598327637 119.932975769043 119.265747070312 118.506866455078 117.848838806152 117.087844848633 116.337524414062 115.546699523926 114.794776916504 114.236824035645 112.848419189453 112.198654174805 111.636322021484 111.097221374512 110.498733520508 109.647926330566 108.942436218262 108.25350189209
139.725158691406 139.314666748047 138.594284057617 138.32145690918 137.571533203125 136.880249023438 136.490463256836 135.616836547852 135.054321289062 134.412155151367 133.748504638672 132.902008056641 132.230499267578 131.746536254883 131.047225952148 130.481704711914 129.956298828125 129.335144042969 128.003524780273 127.321327209473 126.848693847656 126.034111022949 125.433044433594 124.895027160645 124.216148376465 123.910224914551 123.451171875 122.805877685547 122.225204467773 121.23713684082 120.680244445801 119.994972229004 119.412895202637 118.649856567383 117.850074768066 117.29109954834 116.416122436523 115.633033752441 114.978126525879 114.226890563965 113.656318664551 112.206817626953 111.526176452637 111.081489562988 110.565765380859 109.853004455566 109.129829406738 108.320472717285 107.652870178223
139.78564453125 138.924392700195 138.467041015625 137.975372314453 137.57829284668 136.838439941406 136.367492675781 134.900131225586 134.504989624023 133.889343261719 133.483963012695 132.649047851562 132.209457397461 131.453140258789 130.602325439453 130.249206542969 129.345581054688 128.756576538086 127.691856384277 126.895294189453 126.454536437988 125.799247741699 125.001205444336 124.203117370605 123.807907104492 123.363975524902 123.082763671875 122.32022857666 121.747467041016 120.744895935059 120.12939453125 119.472801208496 118.855194091797 118.170936584473 117.339385986328 116.525619506836 115.863807678223 115.366432189941 114.610130310059 113.829093933105 113.157379150391 111.666328430176 110.944877624512 110.323577880859 109.766143798828 109.110992431641 108.564758300781 107.897315979004 107.184379577637
139.504760742188 138.762268066406 138.335845947266 137.590347290039 137.520751953125 136.619842529297 135.822692871094 134.488479614258 133.843444824219 133.31608581543 132.974639892578 132.567779541016 132.051010131836 131.315887451172 130.744659423828 130.057540893555 129.603622436523 128.65625 127.353942871094 126.815231323242 126.257698059082 125.350067138672 124.494812011719 123.914894104004 123.273506164551 122.716163635254 122.331634521484 121.716156005859 121.276908874512 120.279487609863 119.70191192627 118.902122497559 118.212051391602 117.658599853516 116.969306945801 116.134353637695 115.489196777344 115.08723449707 114.199844360352 113.259132385254 112.672149658203 111.158996582031 110.45735168457 109.75048828125 109.127899169922 108.389701843262 107.959411621094 107.360984802246 106.560989379883
139.257827758789 138.927520751953 138.027404785156 137.677154541016 136.937942504883 136.137649536133 135.437850952148 134.097122192383 133.516677856445 133.217269897461 132.522842407227 131.866409301758 131.407348632812 131.06022644043 130.234985351562 129.549896240234 129.300003051758 128.443405151367 127.185134887695 126.452110290527 125.902206420898 125.241668701172 124.350158691406 123.6337890625 122.850746154785 122.250450134277 121.780418395996 121.227653503418 120.849311828613 119.814567565918 119.293228149414 118.430351257324 117.728096008301 117.044326782227 116.382225036621 115.841339111328 115.020263671875 114.31322479248 113.808792114258 112.916000366211 112.130294799805 110.547248840332 110.019271850586 109.298202514648 108.693992614746 108.008010864258 107.580154418945 106.776588439941 105.903190612793
