rcp4.5models/CNRM_CM5/sc1gr7.37
NCOLS 261 
NROWS 433 
XLLCORNER 336357.134 
YLLCORNER 654653.479 
CELLSIZE 1000 
NODATA_value -3.4e+38 
[rows 132 to 153 of 433, columns 147 to 195 of 261]
104.051559448242 104.004997253418 104.041175842285 -3.4e+38 104.055313110352 104.001747131348 104.012886047363 104.005310058594 103.991767883301 104.140213012695 104.127319335938 104.30827331543 104.44068145752 104.645095825195 104.79167175293 104.994346618652 105.258651733398 105.466293334961 105.754379272461 106.011070251465 106.33309173584 106.61873626709 107.302543640137 107.700149536133 108.138275146484 108.518913269043 108.922096252441 109.356079101562 109.812599182129 110.225379943848 110.693733215332 111.21378326416 111.671562194824 112.467803955078 112.915397644043 113.394401550293 113.746971130371 114.160591125488 114.592880249023 114.998085021973 115.576103210449 -3.4e+38 -3.4e+38 -3.4e+38 -3.4e+38 -3.4e+38 -3.4e+38 -3.4e+38 -3.4e+38
104.501945495605 104.556205749512 104.569412231445 104.518463134766 104.546356201172 104.487442016602 104.436866760254 104.512557983398 104.570991516113 104.571426391602 104.498313903809 104.732162475586 104.893463134766 105.030197143555 105.137351989746 105.326515197754 105.561157226562 105.854591369629 106.107513427734 106.358406066895 106.664138793945 107.004302978516 107.641120910645 107.953468322754 108.433120727539 108.87760925293 109.289855957031 109.635696411133 110.171073913574 110.651397705078 111.055358886719 111.575378417969 111.996826171875 112.770172119141 113.258033752441 113.776565551758 114.069396972656 114.489440917969 114.944030761719 115.390113830566 115.875900268555 -3.4e+38 -3.4e+38 -3.4e+38 -3.4e+38 -3.4e+38 -3.4e+38 -3.4e+38 -3.4e+38
104.981346130371 105.030311584473 104.986839294434 104.956665039062 104.950096130371 104.887977600098 104.893829345703 104.970764160156 104.982940673828 105.009239196777 104.961753845215 105.216835021973 105.323120117188 105.451042175293 105.627220153809 105.796501159668 105.962226867676 106.26383972168 106.488945007324 106.747367858887 106.975852966309 107.356781005859 108.026206970215 108.326385498047 108.805351257324 109.290924072266 109.682106018066 110.024307250977 110.478843688965 110.968338012695 111.384704589844 111.862213134766 112.323402404785 113.171913146973 113.581214904785 114.032775878906 114.401832580566 114.790870666504 115.29866027832 -3.4e+38 116.145408630371 -3.4e+38 -3.4e+38 -3.4e+38 -3.4e+38 -3.4e+38 -3.4e+38 -3.4e+38 -3.4e+38
105.410362243652 105.47705078125 105.476425170898 105.488800048828 105.401443481445 105.348190307617 105.413787841797 105.470283508301 105.496459960938 105.506637573242 -3.4e+38 -3.4e+38 105.753074645996 105.892059326172 106.064407348633 106.174774169922 106.417060852051 106.688972473145 106.841514587402 107.096397399902 107.388488769531 107.741256713867 108.442558288574 108.767929077148 109.169090270996 109.632461547852 110.039924621582 110.474143981934 110.841514587402 111.239250183105 111.720115661621 112.182754516602 112.645378112793 113.555061340332 113.904281616211 114.375091552734 114.766510009766 115.161567687988 115.66032409668 -3.4e+38 -3.4e+38 -3.4e+38 -3.4e+38 -3.4e+38 -3.4e+38 -3.4e+38 -3.4e+38 -3.4e+38 -3.4e+38
105.990463256836 106.008575439453 105.970161437988 106.053901672363 105.963470458984 105.922164916992 105.925064086914 105.912803649902 105.972396850586 105.978225708008 105.962623596191 -3.4e+38 106.192138671875 106.316665649414 106.540893554688 106.632537841797 106.803955078125 107.078186035156 107.207244873047 107.466995239258 107.826362609863 108.148056030273 108.86661529541 109.187423706055 109.629852294922 110.034683227539 110.458564758301 110.910629272461 111.290687561035 111.686019897461 112.108467102051 112.546661376953 113.019996643066 113.912002563477 114.288177490234 114.789215087891 115.140663146973 115.582992553711 116.032043457031 116.443130493164 116.890998840332 -3.4e+38 -3.4e+38 -3.4e+38 -3.4e+38 -3.4e+38 -3.4e+38 -3.4e+38 -3.4e+38
106.576332092285 106.603004455566 106.555648803711 106.542068481445 106.518211364746 106.46248626709 106.432952880859 106.394515991211 106.456909179688 106.479934692383 106.481307983398 -3.4e+38 106.7509765625 106.789031982422 106.985641479492 107.06307220459 107.216346740723 107.528045654297 -3.4e+38 107.94261932373 108.232162475586 108.593078613281 109.269958496094 109.586936950684 110.069969177246 110.486557006836 110.944801330566 111.313957214355 111.718879699707 112.178482055664 112.567268371582 112.969886779785 113.440971374512 114.333480834961 114.67162322998 115.162208557129 115.565589904785 116.005500793457 116.465591430664 116.823455810547 117.177642822266 -3.4e+38 -3.4e+38 -3.4e+38 -3.4e+38 -3.4e+38 -3.4e+38 -3.4e+38 -3.4e+38
107.693412780762 107.718589782715 107.695411682129 107.703666687012 107.683097839355 107.679168701172 107.695426940918 107.657981872559 107.570014953613 107.616790771484 -3.4e+38 -3.4e+38 107.831245422363 107.874229431152 107.974731445312 108.090194702148 108.32706451416 -3.4e+38 108.693901062012 109.016723632812 109.242698669434 109.64143371582 110.272911071777 110.59090423584 111.042839050293 111.523323059082 111.856674194336 112.345390319824 112.714080810547 113.090278625488 113.469757080078 113.967300415039 114.385856628418 115.221664428711 115.642227172852 116.051788330078 116.470664978027 116.888313293457 117.244247436523 117.491233825684 117.881408691406 -3.4e+38 -3.4e+38 -3.4e+38 -3.4e+38 -3.4e+38 -3.4e+38 -3.4e+38 -3.4e+38
108.406852722168 108.377990722656 108.320304870605 108.29549407959 -3.4e+38 108.299766540527 108.24048614502 108.249176025391 108.190254211426 108.177436828613 108.248291015625 -3.4e+38 108.372955322266 108.407783508301 108.513130187988 108.614898681641 108.810844421387 -3.4e+38 -3.4e+38 109.579528808594 109.777732849121 110.172248840332 110.87703704834 111.236801147461 111.61173248291 112.079002380371 112.429267883301 112.898147583008 113.293846130371 113.663749694824 114.006210327148 114.52751159668 114.979774475098 115.689353942871 116.078315734863 116.52766418457 116.953659057617 117.375205993652 -3.4e+38 117.806442260742 -3.4e+38 118.748725891113 -3.4e+38 -3.4e+38 -3.4e+38 -3.4e+38 -3.4e+38 -3.4e+38 -3.4e+38
109.042259216309 109.05899810791 108.998893737793 108.971908569336 108.97240447998 108.98184967041 108.939476013184 108.912506103516 108.894081115723 108.87646484375 108.883613586426 108.971488952637 108.966262817383 109.038780212402 109.113311767578 109.267051696777 109.372123718262 109.526008605957 109.875419616699 110.075012207031 110.312118530273 110.664764404297 111.398307800293 111.802108764648 112.24488067627 112.632987976074 112.972694396973 113.379104614258 113.818786621094 114.237854003906 114.635772705078 115.060745239258 115.499443054199 116.203758239746 116.61336517334 117.024932861328 117.387672424316 117.760887145996 -3.4e+38 -3.4e+38 -3.4e+38 -3.4e+38 119.410987854004 -3.4e+38 -3.4e+38 -3.4e+38 -3.4e+38 -3.4e+38 -3.4e+38
109.604286193848 109.680305480957 109.719352722168 109.660316467285 109.593933105469 109.646194458008 109.71068572998 109.694412231445 109.655807495117 109.582855224609 109.542953491211 109.603462219238 109.631072998047 109.696563720703 109.794876098633 109.905387878418 110.018226623535 110.170852661133 110.43204498291 110.634971618652 110.949104309082 111.202781677246 111.946342468262 112.321334838867 112.775817871094 113.148017883301 113.539276123047 113.955909729004 114.336853027344 114.804786682129 115.233749389648 115.606513977051 115.952812194824 116.723892211914 117.154602050781 117.524192810059 117.865173339844 118.133056640625 -3.4e+38 -3.4e+38 -3.4e+38 -3.4e+38 120.207725524902 -3.4e+38 -3.4e+38 -3.4e+38 -3.4e+38 -3.4e+38 -3.4e+38
110.334060668945 110.366310119629 110.404815673828 110.397552490234 110.359970092773 110.311454772949 110.361595153809 110.422782897949 110.330513000488 110.247024536133 110.281066894531 110.257293701172 110.309799194336 110.382995605469 110.455451965332 110.537521362305 110.692687988281 110.883071899414 111.081466674805 111.344680786133 111.598342895508 -3.4e+38 112.543350219727 112.928146362305 113.28443145752 113.728500366211 114.165245056152 114.569946289062 114.887496948242 115.32543182373 115.705619812012 116.132743835449 116.555252075195 117.264923095703 117.662857055664 118.040222167969 118.391174316406 118.892936706543 -3.4e+38 -3.4e+38 -3.4e+38 -3.4e+38 120.611877441406 120.853363037109 -3.4e+38 -3.4e+38 -3.4e+38 -3.4e+38 -3.4e+38
111.067077636719 111.085205078125 111.133377075195 111.122077941895 111.203460693359 111.105186462402 111.072120666504 111.114402770996 111.037139892578 110.996452331543 111.007469177246 110.953666687012 111.020950317383 111.089096069336 111.15104675293 111.191993713379 111.30135345459 111.540596008301 111.792182922363 112.020179748535 112.24104309082 112.574264526367 113.205001831055 113.616317749023 114.056091308594 114.406425476074 114.830589294434 115.156555175781 115.547050476074 115.952377319336 116.304641723633 116.741180419922 117.189208984375 -3.4e+38 -3.4e+38 118.640327453613 119.012809753418 119.396545410156 119.557518005371 -3.4e+38 -3.4e+38 -3.4e+38 120.978530883789 -3.4e+38 -3.4e+38 -3.4e+38 -3.4e+38 -3.4e+38 -3.4e+38
111.789352416992 111.838531494141 111.915298461914 111.834205627441 111.864143371582 111.851905822754 111.82551574707 111.855697631836 111.889923095703 111.819900512695 111.71134185791 111.770179748535 111.861717224121 111.81371307373 111.867973327637 111.97127532959 112.010124206543 112.212776184082 112.454391479492 112.714340209961 112.977416992188 113.341300964355 113.980453491211 114.383773803711 114.824447631836 115.095458984375 115.474136352539 115.846824645996 116.203048706055 116.608657836914 117.012619018555 117.385726928711 117.793174743652 -3.4e+38 -3.4e+38 -3.4e+38 119.539627075195 119.858726501465 120.193542480469 -3.4e+38 -3.4e+38 -3.4e+38 -3.4e+38 -3.4e+38 -3.4e+38 -3.4e+38 -3.4e+38 -3.4e+38 -3.4e+38
112.516128540039 112.602066040039 112.669570922852 112.591232299805 112.569068908691 112.639305114746 112.617668151855 112.599998474121 112.565559387207 112.557090759277 112.604011535645 112.583213806152 112.627662658691 112.592041015625 112.58910369873 112.750717163086 112.869140625 112.981941223145 113.16081237793 113.47900390625 113.800994873047 114.091918945312 114.727272033691 115.148239135742 115.533958435059 115.820381164551 116.15869140625 116.553855895996 116.876449584961 117.277229309082 117.660858154297 -3.4e+38 -3.4e+38 -3.4e+38 -3.4e+38 -3.4e+38 -3.4e+38 120.466194152832 120.786880493164 120.966606140137 -3.4e+38 -3.4e+38 -3.4e+38 -3.4e+38 -3.4e+38 -3.4e+38 -3.4e+38 -3.4e+38 -3.4e+38
113.406723022461 113.421028137207 113.529685974121 113.469100952148 113.441581726074 113.489311218262 113.47932434082 113.461624145508 113.349143981934 113.310874938965 113.353775024414 113.324028015137 113.32918548584 113.378433227539 113.406700134277 113.47989654541 113.619079589844 113.77791595459 113.965034484863 114.227813720703 114.589431762695 114.826759338379 115.527763366699 115.908325195312 116.17236328125 116.472076416016 116.818702697754 117.218872070312 117.575073242188 -3.4e+38 -3.4e+38 -3.4e+38 -3.4e+38 -3.4e+38 -3.4e+38 -3.4e+38 -3.4e+38 121.12385559082 121.476745605469 121.651420593262 -3.4e+38 -3.4e+38 -3.4e+38 -3.4e+38 -3.4e+38 -3.4e+38 -3.4e+38 -3.4e+38 -3.4e+38
114.314079284668 114.261154174805 114.282890319824 114.322059631348 114.327217102051 114.315093994141 114.374031066895 114.300392150879 114.19465637207 114.206146240234 114.196571350098 114.163986206055 114.132164001465 114.204460144043 114.253944396973 114.274765014648 114.399627685547 114.562438964844 114.789405822754 115.039161682129 115.403213500977 115.637413024902 116.309638977051 116.606857299805 116.849220275879 -3.4e+38 117.521339416504 117.871559143066 118.265426635742 -3.4e+38 -3.4e+38 -3.4e+38 -3.4e+38 -3.4e+38 120.644508361816 120.994483947754 121.337303161621 121.528030395508 -3.4e+38 -3.4e+38 -3.4e+38 -3.4e+38 -3.4e+38 -3.4e+38 -3.4e+38 -3.4e+38 -3.4e+38 -3.4e+38 -3.4e+38
115.10279083252 115.150955200195 115.136260986328 -3.4e+38 115.227951049805 115.250671386719 115.292053222656 115.136512756348 115.074501037598 115.087547302246 115.077270507812 115.131507873535 115.042747497559 115.068771362305 115.126899719238 115.130195617676 115.278526306152 115.404113769531 115.703109741211 115.87085723877 116.202568054199 116.465850830078 117.047584533691 117.324691772461 117.65690612793 117.969184875488 118.366264343262 118.635864257812 119.008277893066 -3.4e+38 -3.4e+38 -3.4e+38 -3.4e+38 120.973304748535 121.270088195801 121.584434509277 121.88614654541 121.989601135254 -3.4e+38 -3.4e+38 -3.4e+38 -3.4e+38 -3.4e+38 -3.4e+38 -3.4e+38 -3.4e+38 -3.4e+38 -3.4e+38 125.865989685059
115.975021362305 116.110572814941 116.114356994629 116.046195983887 116.019004821777 116.072250366211 116.135986328125 116.030174255371 116.015823364258 115.920799255371 115.973747253418 115.969017028809 115.943405151367 115.97314453125 116.032379150391 116.033882141113 116.200065612793 116.270515441895 116.580863952637 116.705177307129 116.995742797852 117.288726806641 -3.4e+38 118.169677734375 118.501518249512 118.70442199707 119.06909942627 119.34285736084 119.688438415527 119.979309082031 -3.4e+38 -3.4e+38 -3.4e+38 121.593864440918 121.936676025391 122.309089660645 122.562515258789 122.707809448242 -3.4e+38 -3.4e+38 -3.4e+38 -3.4e+38 -3.4e+38 -3.4e+38 -3.4e+38 -3.4e+38 -3.4e+38 -3.4e+38 126.151527404785
117.89241027832 117.870491027832 117.816528320312 117.804862976074 117.889633178711 118.026176452637 117.867057800293 117.732490539551 117.751792907715 117.795448303223 117.794548034668 117.753845214844 117.859169006348 117.924781799316 117.907272338867 117.85701751709 117.879592895508 118.111885070801 118.434623718262 118.599349975586 118.868316650391 119.095527648926 119.426742553711 -3.4e+38 120.041954040527 120.369110107422 120.623672485352 120.911811828613 121.245574951172 121.464424133301 121.702789306641 -3.4e+38 -3.4e+38 -3.4e+38 -3.4e+38 123.526573181152 123.832748413086 -3.4e+38 -3.4e+38 -3.4e+38 -3.4e+38 -3.4e+38 -3.4e+38 -3.4e+38 -3.4e+38 -3.4e+38 -3.4e+38 -3.4e+38 -3.4e+38
118.773735046387 118.846702575684 118.782348632812 118.808921813965 118.851051330566 118.877914428711 118.808059692383 118.750625610352 118.73851776123 118.747863769531 118.754035949707 118.762985229492 118.791374206543 118.786659240723 118.739540100098 118.767074584961 118.876258850098 119.101364135742 119.333518981934 119.520950317383 119.796508789062 120.027717590332 120.292922973633 120.506782531738 120.826278686523 121.106887817383 121.330955505371 121.661636352539 121.973808288574 122.237358093262 122.54207611084 122.845626831055 123.08032989502 123.655220031738 123.908012390137 -3.4e+38 124.540267944336 -3.4e+38 -3.4e+38 -3.4e+38 -3.4e+38 -3.4e+38 -3.4e+38 -3.4e+38 -3.4e+38 -3.4e+38 -3.4e+38 -3.4e+38 127.763717651367
119.663208007812 119.6572265625 119.736824035645 119.76212310791 119.814086914062 119.834213256836 119.790237426758 119.729957580566 119.762351989746 119.703819274902 119.672401428223 119.755020141602 119.780754089355 119.717895507812 119.635360717773 119.764106750488 120.008155822754 120.21272277832 120.276985168457 120.498626708984 120.798225402832 120.976959228516 121.200225830078 121.458633422852 121.700180053711 121.919235229492 122.162559509277 122.43888092041 122.714546203613 123.017120361328 123.283874511719 123.602996826172 123.848098754883 124.338256835938 124.598808288574 124.878021240234 125.116592407227 125.364074707031 -3.4e+38 -3.4e+38 -3.4e+38 -3.4e+38 -3.4e+38 -3.4e+38 -3.4e+38 -3.4e+38 -3.4e+38 -3.4e+38 128.198715209961
120.646903991699 -3.4e+38 120.676139831543 120.672294616699 120.709289550781 120.800628662109 120.719902038574 120.723510742188 120.757438659668 120.653602600098 120.629524230957 120.678939819336 120.746543884277 120.70922088623 120.66911315918 120.730972290039 120.993553161621 121.177055358887 121.266609191895 121.51155090332 121.670677185059 121.91283416748 122.030334472656 122.325607299805 122.484748840332 122.727256774902 122.982055664062 123.21745300293 123.510520935059 123.79069519043 124.030082702637 124.358833312988 124.562446594238 125.00114440918 125.312614440918 125.588066101074 125.71800994873 125.994750976562 126.209991455078 126.522300720215 126.849555969238 127.053276062012 127.274391174316 -3.4e+38 -3.4e+38 128.131927490234 -3.4e+38 -3.4e+38 128.60205078125
