rcp4.5models/CNRM_CM5/sc1gr3.FIL
NCOLS 261 
NROWS 433 
XLLCORNER 336357.134 
YLLCORNER 654653.479 
CELLSIZE 1000 
NODATA_value -9999 
[rows 110 to 131 of 433, columns 150 to 199 of 261]
277.031231907645 277.015824522751 277.113217904714 277.025640964015 277.022755912483 277.019845349215 277.067782414322 277.077951996735 276.953338517668 277.398941947469 277.888586453501 277.998937823085 277.941642806503 277.826137370122 277.641641874103 277.176800268233 277.031613185787 277.333593780825 277.6086290702 277.57978991491 -9999 -9999 277.835566444604 277.868165103502 -9999 -9999 -9999 -9999 -9999 -9999 -9999 -9999 -9999 -9999 -9999 -9999 -9999 -9999 -9999 -9999 -9999 -9999 -9999 -9999 -9999 -9999 -9999 -9999 -9999 -9999
277.148399706986 -9999 277.096581940624 276.925799319596 276.951532418506 277.015433734584 277.034301162621 277.036939891682 276.836955689102 277.150797259114 277.853771456169 277.930053545982 277.93725963156 277.821774713184 277.637285398003 277.172461271418 277.075404581917 277.447816173699 277.618534984505 277.685235827256 -9999 277.590737119968 277.965561940123 -9999 -9999 -9999 -9999 -9999 -9999 -9999 -9999 -9999 -9999 -9999 -9999 -9999 -9999 -9999 -9999 -9999 -9999 -9999 -9999 -9999 -9999 -9999 -9999 -9999 -9999 -9999
277.061200092905 276.791654355304 276.931294295026 276.91712627233 276.897163633123 277.010944132316 277.00802824895 277.005081572699 276.832479450373 277.146419089915 -9999 277.723713043323 277.642893569233 277.881247651792 277.609339603454 277.15250282986 277.078051056859 277.171844785065 277.203436158045 277.671388027138 277.666962279865 277.550143228795 277.855466007816 277.934438538418 277.77880859375 -9999 -9999 -9999 -9999 -9999 -9999 -9999 -9999 -9999 -9999 -9999 -9999 -9999 -9999 -9999 -9999 -9999 -9999 -9999 -9999 -9999 -9999 -9999 -9999 -9999
276.602260895204 276.845658439797 276.93664021497 276.923977520263 276.95932123945 277.006376093347 277.032572743777 277.066343638032 276.827929137872 276.961020905556 277.312116962121 277.346135704513 277.265696046812 277.574206461166 277.56465586761 277.219006852425 277.056669679433 277.113737486113 277.502240471528 277.507513655078 277.630909820505 277.664221867089 277.767731191801 -9999 277.835244075979 -9999 -9999 -9999 -9999 -9999 -9999 -9999 -9999 -9999 -9999 -9999 -9999 -9999 -9999 -9999 -9999 -9999 -9999 -9999 -9999 -9999 -9999 -9999 -9999 -9999
276.779899197418 277.041042667587 277.056568141334 276.957351933284 276.976028342433 276.935386311614 277.020695062732 277.045338905089 -9999 276.820307309665 276.863134056047 277.018880510751 277.144595216357 277.149709029621 277.139597313333 277.104238233878 277.204260202553 277.553283202247 277.902412225965 277.387020427663 277.318242145948 277.524178805235 277.849873863801 278.047340080297 277.877008138573 277.768747512548 -9999 -9999 -9999 -9999 -9999 -9999 -9999 -9999 -9999 -9999 -9999 -9999 -9999 -9999 -9999 -9999 -9999 -9999 -9999 -9999 -9999 -9999 -9999 -9999
277.117901854236 277.028546637189 277.122631080234 276.94881331968 276.597438558269 276.531763373317 276.633046880439 276.416213323838 276.483030474192 -9999 276.382023693635 276.754056843468 276.850047344946 276.797378341245 276.914456978137 276.983341374497 277.003915423974 276.95325966331 276.999229100306 276.964846728051 277.395860876845 277.811498626988 277.932623292235 278.038266279341 277.9023742916 -9999 -9999 -9999 -9999 -9999 -9999 -9999 -9999 -9999 -9999 -9999 -9999 -9999 -9999 -9999 -9999 -9999 -9999 -9999 -9999 -9999 -9999 -9999 -9999 -9999
277.071526227196 276.880838681624 276.82718424074 276.408087098472 276.278378030872 276.066466655452 276.022327154259 275.91586196583 276.112387134727 276.119334915595 276.407911822342 276.712646577666 276.835697662563 276.960650661177 276.926217377125 276.923061508647 277.046432078481 277.011180154138 276.945405310814 276.888398811835 277.29485297906 277.689734339319 277.881774621357 277.999549142771 277.8627856287 277.920392204838 -9999 -9999 -9999 -9999 -9999 -9999 -9999 -9999 -9999 -9999 -9999 -9999 -9999 -9999 -9999 -9999 -9999 -9999 -9999 -9999 -9999 -9999 -9999 -9999
276.955862565837 276.634748500018 276.930848569009 276.437869707428 276.101642539936 275.823258563165 275.419954027224 275.53363724605 275.635077394346 275.959536914897 276.384606387241 276.393069580865 276.509070334964 276.926024621008 276.550309522138 276.578453501349 277.145251216451 277.180775175267 277.032986109142 277.040378551021 277.34284331948 277.66873574752 277.843164817023 277.840137674864 277.725119721355 277.976208151335 -9999 -9999 -9999 -9999 -9999 -9999 -9999 -9999 -9999 -9999 -9999 -9999 -9999 -9999 -9999 -9999 -9999 -9999 -9999 -9999 -9999 -9999 -9999 -9999
276.812133771038 276.286377265707 276.895556785799 276.400942177057 276.067913215282 275.650694908315 275.073863261653 275.310321922436 275.230007131355 275.658744170809 276.142062470996 276.286415188432 276.717146103371 276.836297465898 276.155454063701 276.270877399706 277.006797690919 277.2093852106 277.162885144806 276.997299363072 277.273458288458 277.505429075987 277.555452989466 277.426228911521 277.464441958258 277.930500912633 -9999 -9999 -9999 -9999 -9999 -9999 -9999 -9999 -9999 -9999 -9999 -9999 -9999 -9999 -9999 -9999 -9999 -9999 -9999 -9999 -9999 -9999 -9999 -9999
276.764949962441 276.01984774794 276.399509787302 276.14446363464 275.926549376047 275.25895456055 274.932600491351 275.304969576429 275.328911981597 275.908946569558 276.19296553996 276.433518819165 -9999 276.846211982893 276.180940158537 276.154603540791 276.788317317108 277.219486193215 277.207043142028 276.840695414509 277.084811699438 277.310509006656 277.356163500316 277.185965577729 277.247648294092 277.739375734548 -9999 -9999 -9999 277.944420712316 -9999 -9999 -9999 -9999 -9999 -9999 -9999 -9999 -9999 -9999 -9999 -9999 -9999 -9999 -9999 -9999 -9999 -9999 -9999 -9999
276.723304101665 276.311856717623 276.142043427843 275.968849017088 275.437193832195 274.916511966835 274.607933128557 275.129212018713 275.34238301812 276.047221365435 276.123758223597 276.393222965691 276.764553001085 276.47720615344 276.238798135773 276.416839866237 276.71189908532 277.326147228156 277.391400611053 276.87256520906 277.066153775972 277.366894841507 277.081995062554 276.727329463705 277.251660268289 277.505169610864 277.823521522746 278.035194222651 277.837064874592 277.694838423097 277.881408691406 -9999 -9999 -9999 -9999 -9999 -9999 -9999 -9999 -9999 -9999 -9999 -9999 -9999 -9999 -9999 -9999 -9999 -9999 -9999
276.663208832791 276.543018850199 -9999 275.834395159421 275.131036418464 274.938957942275 274.673026816932 275.072793564229 275.718956696713 276.007269044076 276.217163102269 276.33931173741 276.302869900887 -9999 276.020361463294 276.273292390659 276.70667391576 277.305623920954 277.340920209518 276.947268932168 277.147723022358 277.341668524817 276.885479977673 276.55465621481 277.136933087474 277.266795944989 277.377198804304 277.816324365387 277.744807749202 -9999 277.998888318755 278.0400390625 -9999 -9999 -9999 -9999 -9999 -9999 -9999 -9999 -9999 -9999 -9999 -9999 -9999 -9999 -9999 -9999 -9999 -9999
276.391606225774 276.219104354263 276.131281281868 275.828729604207 275.125631725838 274.905621440423 274.510424907663 274.855906920477 276.088589253348 276.052094819681 276.159571086724 276.225691326725 276.121521367483 276.187305406201 275.965842393497 276.263570736419 276.88969125252 277.251566796995 277.191679822821 276.901430238572 277.033057105966 277.191260206482 276.9292323439 276.865643440922 276.979902766103 277.103523691808 277.176264537085 277.629865445659 277.915895570414 277.785375526215 -9999 278.035200552636 278.031951904297 -9999 -9999 -9999 -9999 -9999 -9999 -9999 -9999 -9999 -9999 -9999 -9999 -9999 -9999 -9999 -9999 -9999
276.267723783799 276.011019229484 276.125755394226 276.021881268627 275.553742327082 274.746382211146 274.333500348577 274.912758669103 276.076038343571 275.985497577305 275.986853887704 275.94445280287 275.744943019006 275.973162965696 275.938248685545 276.15949563749 276.74518772848 277.183755505313 277.218676161234 276.87903335996 276.970464133886 277.014307837298 276.737107008752 276.938288151879 276.914812599193 277.060737693238 277.360753514981 277.675002188465 277.923712135985 -9999 278.034134543758 277.886279504164 277.666346361709 -9999 -9999 -9999 -9999 -9999 -9999 -9999 -9999 -9999 -9999 -9999 -9999 -9999 -9999 -9999 -9999 -9999
276.312755107805 276.005437331928 276.120140961822 275.968423334681 275.472932489167 274.850889619313 274.482238493168 275.164740344951 275.669770430058 275.552893181961 275.724701860405 275.761242386423 275.376124704433 276.168749004653 276.334050806654 276.259829613253 276.837431307962 277.130647959889 277.23793216049 276.93142074196 277.040579698056 276.971582693107 276.582657583727 276.480978623489 276.565646740573 276.785389150416 277.335272439853 277.423456704847 277.648508167846 277.831975636975 277.732861814605 277.91740948004 -9999 278.185455322266 -9999 -9999 -9999 -9999 -9999 -9999 -9999 -9999 -9999 -9999 -9999 -9999 -9999 -9999 -9999 -9999
276.105858370064 275.971799669284 276.019777422593 275.744995994915 275.159355918457 275.024923744994 274.715655117464 275.275510443796 275.216371959274 275.314341390712 275.628052061537 275.145372314788 274.787682531297 276.385025094711 276.878282772291 276.770795849281 277.071667823855 277.093211191482 277.170268391277 276.983682652091 277.085595223325 276.96737879329 276.684167230447 276.194060942838 276.427783545123 276.87253728284 277.171312384055 277.14271934456 277.332247142942 277.422198656514 277.80066795335 278.056915650214 278.103909490052 278.05780773127 278.010589599609 -9999 -9999 -9999 -9999 -9999 -9999 -9999 -9999 -9999 -9999 -9999 -9999 -9999 -9999 -9999
276.05933307964 275.938850317338 275.985842351068 275.969696196527 275.817416986096 276.195564051646 276.155494586968 275.861606856403 275.028545443458 274.823275630108 274.919219684962 274.363624776221 274.611369886045 276.242637888111 276.695620909419 276.952231171668 277.060461179301 276.929933916302 276.702061245963 276.929554440732 276.912239346359 276.830570743713 276.381436013903 276.029311352805 276.053813259788 276.186092900437 276.618654405729 277.139468504487 277.07178047585 277.140928678744 277.834339153543 278.037541246063 -9999 278.043257133349 277.898029257036 -9999 -9999 -9999 -9999 -9999 -9999 -9999 -9999 -9999 -9999 -9999 -9999 -9999 -9999 -9999
275.986484300228 275.932866893595 275.951686035271 276.028031643823 276.091276072547 276.110634816033 276.113399870529 276.033109199587 275.293279563312 274.87716943344 274.902004439279 274.577650184177 275.083048421226 276.023765321953 276.384630017548 276.946477987857 277.054740931618 276.953897910741 276.63094940318 276.909234224844 276.993276928879 276.910777420286 276.447792222098 276.006044325996 276.042160377537 276.423057717842 276.960034242277 277.186692968484 277.253417265852 277.475554628391 278.008135824413 278.04100132688 -9999 -9999 278.010608131355 277.994307213626 -9999 -9999 -9999 -9999 -9999 -9999 -9999 -9999 -9999 -9999 -9999 -9999 -9999 -9999
275.623623874019 275.993242116191 275.924052607587 275.971559755941 276.085234879969 276.111376146146 276.115766505122 275.806624974026 275.269555398589 275.068605967797 275.012300952844 274.943247117 275.347923066711 276.008713910957 276.174504518441 276.626709911749 277.048950880877 277.046122659715 276.944568242741 277.022788645327 277.096220921386 277.031884718863 276.709398306944 276.154058506016 276.373103199394 276.815439695529 277.089581295614 277.121140135961 277.196433009973 277.514731363436 278.03829208856 278.0501174905 277.991171802993 277.999281927943 -9999 277.922305778805 -9999 -9999 -9999 -9999 -9999 -9999 -9999 -9999 -9999 -9999 -9999 -9999 -9999 -9999
275.234272849116 275.810548486988 275.851751258671 275.965450795054 275.906996463946 275.735213683741 276.166404205399 275.657651945394 274.916433589096 274.591821179824 274.686741081703 274.890359304299 275.298577844198 276.145577631349 276.08050982502 276.128175575232 276.604666819431 276.788311436316 276.628740857692 276.647492891794 276.703397935462 276.903667149402 276.895691235671 276.650988249594 276.771193163721 277.01473496359 277.046089265258 277.129800336405 277.146252321821 277.292529593499 278.059697056972 278.106847257205 278.068956313914 -9999 -9999 277.954739939823 277.904628401893 -9999 -9999 -9999 -9999 -9999 -9999 -9999 -9999 -9999 -9999 -9999 -9999 -9999
275.274559345778 275.724914758795 275.860973242247 275.731458760595 275.243954721204 275.399146318448 276.030129324513 275.536053636062 274.444081299058 273.979045077282 273.900218653216 274.59657469718 275.348950826673 276.118033349536 276.067235139486 275.991507879185 276.166154632328 276.369659841052 276.214047971409 276.145973853234 276.204009278665 276.620032569043 276.951107312549 276.733541107326 276.722886701611 277.009042495465 277.100732237925 277.230025112205 277.271159987562 277.474611159839 278.054107894813 278.155492755615 278.152546968352 278.14960531059 278.082692181566 277.866830202293 277.668968934318 -9999 -9999 -9999 -9999 -9999 -9999 -9999 -9999 -9999 -9999 -9999 -9999 -9999
275.752028046563 275.82908519117 275.867527890437 275.672741031006 274.965783669713 275.341919395025 275.724973674614 275.0554732207 273.74536638256 273.195795104373 274.046142904891 274.81088833276 275.525492717739 276.102474093511 276.03659147271 276.033849686565 276.087023057085 276.195003089781 276.135524909552 275.766911904464 275.829525077879 276.406840662784 276.83862097766 276.678979927813 276.577436471128 277.071074851242 277.139085586404 277.090156426431 277.24082295173 277.479613851717 278.048442015916 278.114301278415 278.052211631107 -9999 278.004518602509 277.588644694161 277.416773154975 277.696407516356 -9999 -9999 -9999 -9999 -9999 -9999 -9999 -9999 -9999 -9999 -9999 -9999
