rcp4.5models/CNRM_CM5/sc1gr3.7
NCOLS 261 
NROWS 433 
XLLCORNER 336357.134 
YLLCORNER 654653.479 
CELLSIZE 1000 
NODATA_value -9999 
[rows 66 to 87 of 433, columns 100 to 149 of 261]
269.525985100301 269.890261864665 269.677889114783 270.155184552949 270.424404869528 269.88542550054 269.633470788851 269.352320509602 269.453657955101 269.346507624773 269.396338348804 269.316708392255 268.867850282089 268.650940331076 269.150546407301 269.35044625233 269.44875385535 269.360727345823 268.513745067264 269.305813032814 268.960475683077 268.125825967727 268.565489535107 269.061737246075 268.557742851093 268.114610323674 268.863553559859 269.819430027861 270.141535921619 270.94303947509 271.129809980116 271.238134326697 271.148938923112 270.275464234149 268.372804703629 269.297002551571 269.614554765862 270.165961154896 270.741644530695 270.966260866884 271.742611871466 -9999 -9999 271.831647751105 272.125540957997 272.152679230789 -9999 -9999 -9999 -9999
269.591378638012 269.800711104255 269.846519825983 270.086917416984 270.268479703058 269.911556009694 269.958446829832 269.402424970955 269.392596315215 269.297002109271 269.317422980337 269.477797965266 268.648437614032 269.176226532497 269.559751997114 269.511398089117 269.372908113441 268.030441822243 268.135599927255 268.614590875219 268.76122912645 268.451814713313 268.918642281068 268.95747595521 268.753346616965 268.672092297156 269.831501105969 270.629458178215 270.853395741607 271.23653279764 271.23690858758 271.199367103262 270.992331782358 270.378033036845 268.83241300992 269.420511407935 270.306964400511 270.650844854488 270.89570421605 270.988417893647 271.682274806264 271.286385328753 -9999 -9999 272.046378022715 272.054703732863 -9999 -9999 -9999 -9999
269.102103894724 269.34083387836 269.95912813674 269.923604997827 270.163259578615 269.831721995346 269.720114901887 269.533642067907 269.179023513917 269.022164215129 268.587221724724 268.390553251233 268.1988611269 269.228094046345 269.048059348663 268.865442608122 268.42831778337 268.331625629669 269.231923745031 269.260614725353 269.456429258741 269.653143653108 270.097030521465 270.097567359559 270.302019355562 270.403493189683 270.181129340131 270.763215126709 270.924696031353 271.00960066309 270.901809091502 270.774916853322 270.229214796932 270.044436875168 269.377423936316 269.699001108943 270.106063064877 270.428110585589 270.709322913483 270.672879184715 270.884201741659 271.049693666416 271.856327759021 -9999 271.86818386609 271.826184509728 272.077343304521 -9999 -9999 -9999
268.927290169871 269.571649617918 269.803375725647 269.906045356285 269.965423490361 270.000875345363 269.920248092082 269.63548493052 269.255610301958 269.022478473792 268.593520873934 268.269888887795 268.049031602653 268.751128467256 268.854969285674 268.766265083137 268.412555796794 269.236137336728 269.47790895281 269.774797226812 269.976628136751 270.034244572757 -9999 270.148958518471 270.655969833593 270.890364734253 270.716593772664 270.928420608049 270.900148216733 270.900516657171 270.919708033125 270.925003618191 270.419362781853 269.470073944091 268.629800446213 269.254266383088 269.678194923911 270.130239606964 270.341776625869 270.470260102918 270.958982207298 271.293083066251 271.690770692224 271.411265836705 271.718652997313 271.825580227258 272.076593799488 -9999 -9999 -9999
269.017207865507 269.514809194398 269.451221895419 269.900521391674 269.913387184625 270.048370618568 269.825953078701 269.510700370048 269.356216304922 268.899784721444 268.342789785411 268.212692327006 268.325693619716 268.471649460291 268.687071303795 268.414695117048 268.712667517941 269.296490462113 269.999385634369 270.160181167521 -9999 -9999 270.04845551507 270.190604866464 270.752869002387 270.897065233912 271.065159699835 271.036025753124 270.88103469657 270.83627023673 271.012708399824 270.990059318759 270.497588054333 269.520549300327 268.374418983995 269.207170636245 269.471272793486 269.605741179438 270.070909181661 270.283271774919 271.051192995757 271.24012817566 271.169418998383 270.84472043342 271.493803923402 271.332637199555 -9999 -9999 -9999 -9999
269.282447234613 269.426475097337 269.781973632335 270.005387475542 270.00959604905 270.009436418734 269.414408375719 269.3779674548 269.159620878117 268.81887265091 268.125652283282 268.118786652844 268.300116211478 268.635994576451 268.464801188865 268.823206320113 269.09577237075 269.234190189373 270.217132777849 269.592697002749 269.987526310888 269.559433837339 269.690150087823 270.219345864391 270.696626090352 270.585410576423 270.862700418625 270.905250642167 271.068840595039 270.957154311332 270.951923237205 270.453158996555 270.235827446562 269.41382235242 268.799313413776 268.521877557026 268.785633185333 269.311430247484 270.169070451522 270.239537673936 270.615438357712 -9999 270.766748311579 270.37023139007 271.112047661901 270.99096881125 -9999 -9999 -9999 -9999
269.294216026067 269.842345822658 270.065782541398 270.06520293461 270.064637815915 270.009770835034 269.407745002095 269.070370971018 268.972715218797 269.019049875525 268.248192919845 268.061820926231 268.103348705041 268.470344581099 268.880974822938 269.138225378241 269.232897632285 269.336243465771 269.708645474717 269.30662312167 269.504084280905 269.253576491888 269.493311234692 270.058342762932 270.454918746101 270.585886227698 270.616518743324 271.067246530667 271.200156037682 270.933564929358 270.192940494042 269.588247036737 269.8884301344 269.019852119322 268.946521149259 268.493834018542 268.393985899804 269.183301296288 270.005520809654 270.333798959761 270.757535121536 270.938225800554 270.388650278508 270.247551209317 270.833708845735 270.523844661395 271.456926843545 272.074820961006 -9999 -9999
269.034018685044 269.746701017724 269.763268246055 269.967030381657 270.036708710212 269.712358486627 269.329782173397 269.094850286137 268.98061207713 268.778514869271 268.50731186351 268.54515392205 268.2623318618 268.311600438589 268.935843441038 268.553167539704 265.1869066444 265.820737564199 268.76366366669 264.946930057223 265.529454531556 269.13551061482 269.333227871356 270.117854166152 270.143417507666 270.305933066461 270.790799452045 271.211135617044 270.988287792425 270.199931368078 269.414172840159 269.109730815409 269.199842066845 268.798796205847 268.785554377902 269.069513955809 268.443597244162 269.229112543613 269.65231219291 270.807241667583 270.931381602707 270.350896464694 269.972527557489 270.146997647647 270.410905974563 270.640672438315 271.383774839814 272.074036236616 -9999 -9999
268.928889890919 269.368015287515 269.556591959547 269.51383831333 269.950345307132 269.837899585781 269.040360906436 265.601824056204 268.697243082474 264.596555170074 264.85110397152 264.543556629139 264.1859040745 264.030564346244 264.621704466171 264.685297165325 262.547283668673 262.879458909554 264.494000271768 261.736299070214 262.140560087992 265.056331276762 268.619533371179 269.599864735632 265.68981746875 266.670901108011 270.835023400972 270.942854345603 270.437950855561 269.732560120321 269.016624345441 268.950240144796 268.982986765682 269.348398024994 269.406772357159 269.44260586412 268.992019642719 270.260739369581 270.338579656937 270.832930733162 270.259423374554 269.83950475678 269.769087315249 270.025265718198 270.766983319635 271.58481026614 271.6445283194 271.928944273448 -9999 -9999
269.123787861026 269.239289190714 269.358235079768 269.119989123773 265.658490038733 265.686615465272 265.108062111598 263.15077991627 264.757688437012 262.491370095598 262.547605783385 262.344773106631 261.580126807067 261.795597016144 262.233942504527 262.474597845581 262.397762065455 262.423172536209 261.965645208737 261.450333439505 261.883197581928 265.121599204683 264.338057521133 264.862014340586 262.894134585532 263.876824060823 267.221985168499 270.690649875825 270.1657557054 269.705606637289 268.895001001614 269.013051848469 269.540892850344 269.743422082336 269.845465936349 270.097847168507 270.078786251735 -9999 270.306716808047 270.214013369722 269.884815071611 269.973739404782 270.448006725821 270.615791356157 271.169292779642 -9999 -9999 -9999 272.072948822522 -9999
269.024774413764 265.283760979172 265.292782126723 265.142262635588 263.290558965989 263.266565128583 263.062590221501 263.097080193517 262.900036647432 262.666473657884 262.580340808723 262.280831991933 261.611531608278 261.741727181926 262.14286239626 262.277579132845 262.257307464199 262.431080895705 262.000027978702 261.433874012211 261.509031534428 263.172717066978 261.380251370356 261.888982444757 262.718680635997 263.299025761772 263.920756573925 266.195731791316 266.229309870244 266.255623756632 269.009885322025 269.571921485954 269.881380041053 269.828143670975 269.849922351266 270.128833348819 270.176443055153 269.950664705774 269.898582849093 270.058602934214 270.589601811369 270.78096421333 271.433133475234 271.542830300975 -9999 -9999 -9999 -9999 -9999 -9999
268.186888843842 263.029578324423 263.01306145319 262.883001658326 263.163968015292 263.346903649901 263.25742888306 262.950891783797 262.753000918229 262.630900244342 262.214128421108 261.831648775584 261.672334936242 261.768352923839 262.156312609317 261.895103528256 262.191141072684 262.311629350048 261.811448712281 261.538285670012 261.232872427984 261.162467152799 261.427982096635 261.699943051866 262.639207512577 262.951277991712 263.064773284484 264.094253407981 266.568726306944 263.900936411687 269.109431101768 269.673298072304 269.872801808588 269.397319277508 269.488203130873 269.430414112996 269.896402766749 269.919112799889 270.131132094405 270.812707548846 271.557854527259 271.599728615536 271.773733575793 -9999 271.901236512327 271.901878565128 -9999 -9999 -9999 -9999
264.126074472098 263.032926764097 263.034113155924 263.077287853175 263.141709410572 263.251090818415 263.188496478088 262.607733166358 262.302453279123 262.247489696318 262.088048578633 261.857545370906 261.678512095982 261.756869072111 261.888290658588 261.718399871885 262.083211543321 262.187581232803 261.888688932048 261.448594216331 261.375382040726 261.201447186044 261.69985567401 261.951791445513 262.525250287131 262.910831484395 262.938801271134 263.544880405563 265.000673252605 262.750003675195 265.77115354763 268.48320555989 265.905564535409 268.686124173225 269.313720497273 268.802294903745 269.917187032457 270.120872167489 270.649580243542 271.204383678886 271.996121710848 271.956731506796 271.823273099427 271.801417293021 271.802149020286 271.678307291424 271.383949825193 271.411049580669 271.64169748834 -9999
262.066853078384 263.115705637304 262.846061500584 263.073327205377 262.899610767292 263.087727556328 263.060320944433 262.788084719214 262.386601230586 262.311506634086 262.173107716644 262.099787874405 261.673627642898 261.658054914549 261.566722571096 261.596620538833 261.803236688416 261.9163011773 262.214836816169 261.852744238667 261.37456378174 261.350491848216 261.751745971336 262.286448551324 262.894470284512 262.779130591907 262.802105745365 262.910085669938 262.788764782001 262.228125674105 262.538968232108 264.070221946894 262.502909334279 265.556405216039 269.053003034873 265.628850525081 270.051894120284 270.402188279501 271.030892580899 271.597939085711 271.988165536717 272.000314088415 271.806944448536 271.829974215708 271.707497031444 271.12916072953 270.901213681509 271.076046967961 271.695433642294 -9999
262.026725238623 261.795823416632 261.954347944452 262.593277612041 262.536720493372 262.539090068419 262.436192499989 262.527261771048 262.517806163663 262.435606362769 262.202801944429 261.818009706781 261.31558687921 261.311629618498 261.016119236921 261.562576642945 261.689823810143 261.843806945185 262.031092553709 261.613277411202 261.584453881795 261.899427654816 261.964855198141 262.210138017112 262.169645668254 262.203613836281 262.124714886039 262.730435918131 262.53884864816 262.040202611524 261.943562859528 262.280684297155 263.274493824216 266.868320864806 269.313050461222 270.492795477331 270.832177977833 271.119908044675 271.636593203885 271.893776038177 271.67308967659 271.01089036283 271.244389935379 271.377703611376 270.970263554161 270.742077061368 270.263723620737 271.010259804831 271.36030030097 -9999
261.935721345365 261.76281330064 261.843517832237 262.150188475658 262.427174381469 262.368857657497 262.383879249403 262.519042292695 262.423985398272 262.419183306581 262.356758748582 261.993947045656 261.375074709908 261.202443025102 260.759763917147 261.325292181049 261.703833311748 261.874524244538 261.856720864811 261.70109190475 261.226203873173 261.740716755224 261.799957894328 261.815588636696 261.835578039175 261.997179515413 262.548810699213 262.718632792377 262.221231799793 262.001061233448 262.324453158883 262.817825180238 263.980839732019 267.572829397028 266.544424123252 267.815841339517 270.98090887445 271.104544395673 271.317712001202 271.476354547991 271.281016753046 270.927034545664 271.103994374407 271.284985611426 271.093609080827 270.736079206671 270.305164900853 270.898722402831 270.81267644859 270.785673227822
262.180435316618 262.07509401404 261.870297166088 261.810370973633 262.185996947007 262.372043674751 262.342623189182 262.121740261787 262.192189314361 262.472960905921 262.498299542572 262.249113233039 261.5593765066 261.068871474356 260.639679517764 261.093151836148 261.579355941617 261.521268249894 261.208227408032 261.943214717496 261.538267707571 261.195425651924 261.424657648252 261.621090635238 261.898226444132 262.298164765704 262.623245473277 262.527359325965 262.138271143867 262.249654913181 262.483630138928 262.922779477397 263.734668630736 266.69616266066 268.32195605419 -9999 271.057746570967 270.980840317237 270.913870151353 270.584443009953 270.878357410318 270.470722530709 271.066105046858 271.254611021049 270.99645917034 270.463695174252 270.262388938023 270.793334422776 270.565562528113 270.852413734401
262.49133618346 261.987688128638 261.792141724891 261.936006888854 262.0571178418 262.210056995033 262.515597414096 262.004370249009 262.275539163617 262.531674593474 262.496151810877 262.27504538726 261.908297496675 261.3011944904 261.158637331684 261.349810375066 261.504076267343 261.330765243276 260.850592442562 261.804927490754 261.729321441745 261.396739697969 261.70564528991 261.79374269074 262.195982990728 262.531116869384 262.711358953775 262.777868332451 262.734374270883 262.733980561238 262.578596980047 262.946552581801 263.433006277015 264.125132941707 267.811930981384 -9999 270.838772577093 270.238310167995 270.257088805415 270.00321382409 270.420345126968 270.694180029382 271.099909591171 271.208986812424 271.038486193504 270.526212774144 270.200347450885 270.432550399134 270.324511532567 270.685032337055
262.636575746552 262.180537710204 261.972349134265 262.323561525354 261.964597958496 262.175968400343 262.391885810549 262.342361959801 262.298454178336 262.54720397754 262.607082419393 262.379528216616 261.938484070079 261.583111815942 261.287507486846 261.125405243061 261.256457436778 261.418833810457 260.895580561855 261.000584951928 261.2191063531 261.443100998969 261.419171201352 261.99142846239 262.061889719005 262.33188638776 262.922734994015 262.913240398194 262.992282044825 263.023024392785 263.105869192895 263.070152155078 263.693716937784 263.877450348076 265.35560553662 270.654720284281 270.210817801234 269.933349554795 269.940802918636 269.976371862317 270.667543761157 270.98283444353 271.074600665267 271.127214832133 270.993702603659 270.461049241194 270.058732985563 270.1312109469 270.132031548564 270.182502886971
262.807143009911 262.486464153981 262.359096539587 262.161176299315 261.500533342591 261.797310713282 261.809535768425 261.905030959364 261.880753467582 262.5581003746 262.681147864014 262.481862707739 261.941606242511 261.697048432301 261.055396694345 260.93897063429 261.470979458883 261.613029838311 260.953058456677 260.635602081131 260.809052384263 261.091387225714 260.919754397506 261.424742919251 262.02012805157 262.51098789459 262.985995751138 262.942673972596 262.995114160126 263.033492087594 263.153180424231 263.004963268563 263.213702868249 264.574371451805 267.998426074774 270.097065895831 269.901239245734 269.954781248314 270.038128666885 270.462690584737 270.822711926606 270.41640354611 270.566433067228 270.935205768957 270.911158687667 270.186211378748 270.080598917775 270.060692516115 270.035001908284 269.972683114673
262.973869696511 262.637643637306 262.289653158947 261.710755955363 261.39873950426 261.179664214021 261.513429852043 -9999 261.588664437597 262.017432283302 262.697019049338 262.595579117237 262.213516839441 261.9930915384 261.469306312106 261.109512461329 261.439912329101 261.655080209596 261.067167094631 260.702694965095 260.298901394619 260.481428793454 260.843865136528 260.92312874696 262.035187001654 262.32459538142 263.001382847608 262.999640623846 262.997929192474 262.996244928165 263.014695829998 263.023262268892 262.821443604185 263.60449445112 266.531646584172 269.905872870143 269.982767850007 269.960627334887 269.988908245993 270.343956627412 270.267387981276 269.858716835873 269.927973691869 270.385101145375 270.852946724034 270.075064671316 270.038108643733 270.085597798559 270.13848455234 270.241806989843
262.833956895011 262.568396495441 261.97365647346 261.560052496963 261.49687950047 261.019712955276 261.241984782187 261.30325004346 261.650013268738 261.728149383293 262.361613847659 262.724211868581 261.948967126279 261.888213409542 261.82564712615 261.586543855551 261.511307128186 261.558220743451 261.273261809647 260.564480132705 260.10148271842 260.105195458525 260.597198941647 260.809507145705 261.932164125074 262.088984076014 262.438637107656 263.002442171867 263.000716127794 262.999029473714 263.031286797438 263.093347329587 262.917239672901 264.06151817756 266.763314792831 269.745193235515 269.973871075983 270.011837239704 269.90045630157 269.953714746218 269.897586758869 269.719683342012 269.768919440301 270.153899111348 270.629567856821 269.958447622819 270.337628592851 270.136731732239 270.640669853705 270.80792630985
