rcp4.5models/CNRM_CM5/sc1gr5.24
NCOLS 261 
NROWS 433 
XLLCORNER 336357.134 
YLLCORNER 654653.479 
CELLSIZE 1000 
NODATA_value -3.4e+38 
[rows 220 to 241 of 433, columns 196 to 244 of 261]
292.891143798828 292.916473388672 293.221557617188 293.520263671875 293.982757568359 294.339508056641 294.483459472656 294.746307373047 295.32421875 295.771820068359 295.462585449219 296.21044921875 296.704803466797 296.486267089844 295.887939453125 295.964691162109 296.637115478516 296.598388671875 297.449981689453 297.421844482422 297.308532714844 297.412780761719 297.523071289062 297.584259033203 297.563293457031 297.600341796875 297.758605957031 -3.4e+38 298.159606933594 298.244140625 298.370727539062 298.497467041016 -3.4e+38 -3.4e+38 -3.4e+38 -3.4e+38 -3.4e+38 -3.4e+38 -3.4e+38 -3.4e+38 -3.4e+38 -3.4e+38 -3.4e+38 -3.4e+38 -3.4e+38 -3.4e+38 -3.4e+38 -3.4e+38 -3.4e+38
292.312438964844 292.634552001953 292.820037841797 292.979370117188 293.66357421875 294.075225830078 294.136016845703 294.699951171875 295.0732421875 295.205902099609 294.911102294922 295.321044921875 295.989837646484 295.68701171875 295.216033935547 295.861114501953 296.318145751953 296.651947021484 297.23095703125 297.159606933594 297.317687988281 297.257568359375 297.437774658203 297.778717041016 297.874450683594 297.665069580078 297.719848632812 -3.4e+38 298.159271240234 298.180786132812 298.370544433594 298.394653320312 -3.4e+38 -3.4e+38 -3.4e+38 -3.4e+38 -3.4e+38 -3.4e+38 -3.4e+38 -3.4e+38 -3.4e+38 -3.4e+38 -3.4e+38 -3.4e+38 -3.4e+38 -3.4e+38 -3.4e+38 -3.4e+38 -3.4e+38
291.953674316406 292.507049560547 292.902770996094 292.856323242188 293.241058349609 293.859466552734 293.851013183594 294.564849853516 294.585327148438 294.704315185547 294.782379150391 294.921539306641 295.392150878906 295.328399658203 295.253479003906 295.593566894531 295.810943603516 296.246337890625 296.900848388672 297.117553710938 297.438446044922 297.446899414062 297.554260253906 297.791076660156 -3.4e+38 -3.4e+38 -3.4e+38 -3.4e+38 298.100769042969 298.067169189453 298.370422363281 298.287811279297 298.276153564453 -3.4e+38 -3.4e+38 -3.4e+38 -3.4e+38 -3.4e+38 -3.4e+38 -3.4e+38 -3.4e+38 -3.4e+38 -3.4e+38 -3.4e+38 -3.4e+38 -3.4e+38 -3.4e+38 -3.4e+38 -3.4e+38
292.233093261719 292.6201171875 292.491485595703 292.5400390625 293.040832519531 293.162536621094 293.305877685547 294.560577392578 294.582305908203 294.7626953125 294.551086425781 294.239501953125 295.029754638672 295.650421142578 295.988250732422 296.006195068359 296.124633789062 296.355804443359 296.97705078125 297.207183837891 297.313415527344 297.445831298828 297.627227783203 297.938537597656 -3.4e+38 -3.4e+38 -3.4e+38 -3.4e+38 298.201019287109 298.210815429688 298.210296630859 298.234466552734 298.226104736328 298.371063232422 298.44873046875 -3.4e+38 -3.4e+38 -3.4e+38 -3.4e+38 -3.4e+38 -3.4e+38 -3.4e+38 -3.4e+38 -3.4e+38 -3.4e+38 -3.4e+38 -3.4e+38 -3.4e+38 -3.4e+38
292.410400390625 292.746124267578 292.477661132812 292.757537841797 293.478668212891 293.246520996094 293.440307617188 294.596832275391 294.7158203125 294.947235107422 294.756774902344 293.904388427734 294.23291015625 295.23388671875 296.039581298828 296.381896972656 296.561004638672 296.644165039062 297.078399658203 296.950225830078 296.936859130859 297.382690429688 297.593048095703 -3.4e+38 -3.4e+38 297.933868408203 298.005615234375 298.143890380859 298.341644287109 298.351104736328 298.031433105469 298.21337890625 298.223205566406 298.233093261719 298.358795166016 298.58642578125 298.596527099609 -3.4e+38 -3.4e+38 -3.4e+38 -3.4e+38 -3.4e+38 -3.4e+38 -3.4e+38 -3.4e+38 -3.4e+38 -3.4e+38 -3.4e+38 -3.4e+38
292.611694335938 292.861694335938 293.174102783203 293.571380615234 293.841156005859 -3.4e+38 -3.4e+38 294.148498535156 294.5703125 294.710266113281 295.012145996094 294.905364990234 294.484680175781 294.734405517578 295.581909179688 296.085632324219 296.559417724609 296.567687988281 296.841827392578 296.755218505859 296.558807373047 296.893524169922 297.252807617188 297.694793701172 297.875549316406 297.884490966797 297.902069091797 297.967895507812 298.119323730469 298.287841796875 298.14208984375 298.150024414062 298.223419189453 298.2333984375 298.291168212891 298.458831787109 298.597106933594 298.492034912109 -3.4e+38 -3.4e+38 -3.4e+38 -3.4e+38 -3.4e+38 -3.4e+38 -3.4e+38 -3.4e+38 -3.4e+38 -3.4e+38 -3.4e+38
292.485107421875 292.630096435547 293.194641113281 293.615783691406 293.299774169922 293.451599121094 293.311645507812 292.376342773438 292.903564453125 294.128814697266 294.892852783203 295.60205078125 295.30078125 295.167755126953 295.492797851562 295.889862060547 296.557861328125 296.566253662109 296.536651611328 296.380065917969 296.309783935547 296.395263671875 296.571655273438 297.195098876953 297.422760009766 297.496551513672 297.655334472656 297.785125732422 297.985717773438 298.112121582031 298.225677490234 298.067993164062 297.965667724609 298.039001464844 298.048675537109 298.240661621094 298.597747802734 298.560974121094 -3.4e+38 -3.4e+38 -3.4e+38 -3.4e+38 -3.4e+38 -3.4e+38 -3.4e+38 -3.4e+38 -3.4e+38 -3.4e+38 -3.4e+38
292.013824462891 292.4033203125 292.574035644531 292.961303710938 292.558624267578 292.340026855469 292.010803222656 291.759918212891 292.747406005859 294.117492675781 294.7900390625 295.314544677734 295.154998779297 295.531341552734 295.508026123047 295.825622558594 296.556396484375 296.564910888672 296.318206787109 296.092926025391 296.402038574219 296.525390625 296.291351318359 296.434814453125 296.948272705078 297.226959228516 297.458221435547 297.666534423828 297.8486328125 297.888427734375 298.140380859375 298.142272949219 297.939392089844 297.803558349609 297.813537597656 297.951629638672 298.273529052734 298.479766845703 298.619476318359 -3.4e+38 -3.4e+38 -3.4e+38 -3.4e+38 -3.4e+38 -3.4e+38 -3.4e+38 -3.4e+38 -3.4e+38 -3.4e+38
291.717041015625 291.938446044922 291.445190429688 291.330261230469 291.735534667969 292.038543701172 291.26806640625 292.880706787109 293.781219482422 294.417358398438 294.66015625 294.665802001953 294.797637939453 295.529571533203 295.481628417969 295.711364746094 296.3681640625 296.408111572266 296.340484619141 296.343322753906 296.702026367188 296.876831054688 296.586242675781 296.104888916016 296.649810791016 297.264953613281 297.370025634766 297.538330078125 297.698455810547 297.730743408203 297.967010498047 298.214294433594 298.153198242188 298.026550292969 297.937713623047 297.812347412109 298.046447753906 298.323150634766 298.423309326172 298.387084960938 -3.4e+38 -3.4e+38 -3.4e+38 -3.4e+38 -3.4e+38 -3.4e+38 -3.4e+38 -3.4e+38 -3.4e+38
291.2119140625 290.95654296875 290.640930175781 289.873504638672 290.251220703125 292.500061035156 292.057586669922 290.698822021484 292.099975585938 293.116180419922 293.392791748047 294.188659667969 294.188659667969 294.972808837891 295.388244628906 295.532562255859 295.754669189453 295.941558837891 296.445129394531 296.597351074219 296.821197509766 296.997100830078 296.906402587891 296.537506103516 296.844848632812 297.311767578125 297.321441650391 297.444213867188 297.674377441406 297.684326171875 297.808685302734 298.086883544922 -3.4e+38 -3.4e+38 -3.4e+38 -3.4e+38 297.980133056641 298.147766113281 298.287963867188 298.298645019531 298.309539794922 298.827819824219 -3.4e+38 -3.4e+38 -3.4e+38 -3.4e+38 -3.4e+38 -3.4e+38 -3.4e+38
290.491455078125 290.262847900391 290.811767578125 290.669616699219 290.700073242188 292.276885986328 292.162658691406 289.26904296875 289.431427001953 291.33740234375 290.60205078125 292.219848632812 293.741638183594 294.341857910156 294.880798339844 295.370513916016 295.479644775391 295.735565185547 296.311584472656 296.394012451172 296.600128173828 296.744903564453 296.910247802734 296.911315917969 297.016906738281 297.153289794922 297.258117675781 297.379180908203 297.547576904297 297.522216796875 297.600860595703 297.832427978516 -3.4e+38 -3.4e+38 -3.4e+38 -3.4e+38 -3.4e+38 298.317413330078 298.289031982422 298.299774169922 298.344146728516 298.710327148438 298.673492431641 -3.4e+38 -3.4e+38 -3.4e+38 -3.4e+38 -3.4e+38 -3.4e+38
290.304290771484 289.892669677734 288.648590087891 286.035064697266 287.644500732422 289.763305664062 289.97314453125 291.20751953125 291.974456787109 292.826538085938 293.233520507812 292.966888427734 293.984008789062 294.504425048828 293.971588134766 294.944152832031 296.040832519531 295.99169921875 296.365631103516 296.357635498047 296.429534912109 296.487487792969 296.632080078125 296.712066650391 296.762390136719 296.882904052734 296.924591064453 297.045715332031 297.214233398438 297.463500976562 297.840118408203 -3.4e+38 -3.4e+38 -3.4e+38 -3.4e+38 -3.4e+38 -3.4e+38 -3.4e+38 -3.4e+38 -3.4e+38 298.588836669922 298.602752685547 298.679748535156 298.690826416016 -3.4e+38 -3.4e+38 -3.4e+38 -3.4e+38 -3.4e+38
290.216033935547 288.534881591797 286.424896240234 285.179992675781 286.165618896484 289.366149902344 289.607513427734 291.079376220703 292.320434570312 293.005126953125 293.928039550781 294.151214599609 294.654663085938 294.923583984375 294.389404296875 295.163696289062 296.133911132812 296.207061767578 296.305877685547 296.308441162109 296.429016113281 296.375732421875 296.370666503906 296.578155517578 296.627105712891 296.811309814453 296.84521484375 296.902740478516 297.119934082031 297.591156005859 297.849517822266 297.7900390625 -3.4e+38 -3.4e+38 -3.4e+38 -3.4e+38 -3.4e+38 -3.4e+38 -3.4e+38 -3.4e+38 -3.4e+38 298.526153564453 298.581909179688 298.626190185547 298.703765869141 298.714965820312 -3.4e+38 -3.4e+38 -3.4e+38
290.168701171875 287.324035644531 284.995941162109 288.648223876953 288.824554443359 289.832153320312 290.339904785156 290.247619628906 292.795654296875 292.990509033203 293.334930419922 -3.4e+38 294.523956298828 294.773498535156 295.017822265625 295.322662353516 295.688140869141 296.061767578125 296.291534423828 296.245330810547 296.240570068359 296.201721191406 296.131439208984 296.205688476562 296.326202392578 296.557800292969 296.821533203125 296.926971435547 297.310760498047 297.7177734375 297.873657226562 -3.4e+38 -3.4e+38 -3.4e+38 -3.4e+38 -3.4e+38 297.919281005859 -3.4e+38 -3.4e+38 -3.4e+38 -3.4e+38 298.538299560547 -3.4e+38 298.716247558594 298.705657958984 -3.4e+38 -3.4e+38 -3.4e+38 -3.4e+38
290.185424804688 288.455596923828 287.265655517578 289.777984619141 290.425170898438 290.535064697266 290.887329101562 290.731964111328 292.610443115234 293.314849853516 292.238189697266 291.573272705078 294.583526611328 294.943878173828 295.392669677734 295.464080810547 295.491516113281 295.702362060547 296.055053710938 296.040161132812 296.063201904297 296.198852539062 296.153717041016 296.045043945312 296.134094238281 296.49267578125 296.884826660156 297.093719482422 297.325805664062 297.581878662109 297.778747558594 297.691711425781 297.817535400391 297.716674804688 -3.4e+38 297.897583007812 297.437438964844 297.86572265625 298.19677734375 -3.4e+38 -3.4e+38 298.562255859375 298.674346923828 -3.4e+38 298.707641601562 -3.4e+38 298.730316162109 -3.4e+38 -3.4e+38
290.555145263672 290.008758544922 289.737884521484 290.029266357422 290.581787109375 291.266845703125 291.295562744141 291.197357177734 291.805877685547 293.167541503906 292.770629882812 291.962890625 294.266632080078 295.054168701172 295.171295166016 295.008880615234 295.429077148438 295.462005615234 295.753112792969 295.729797363281 296.037994384766 -3.4e+38 296.195037841797 296.068664550781 296.260009765625 296.588439941406 296.869354248047 296.975311279297 297.040435791016 297.24072265625 297.645751953125 297.551055908203 297.873840332031 297.838134765625 297.84033203125 297.695465087891 297.520202636719 297.794555664062 -3.4e+38 -3.4e+38 -3.4e+38 298.531158447266 298.598083496094 298.6533203125 298.709655761719 -3.4e+38 298.597839355469 298.743896484375 -3.4e+38
290.4755859375 290.328216552734 289.504028320312 289.663238525391 290.419128417969 291.614959716797 291.509399414062 291.465270996094 291.847534179688 292.436676025391 293.437408447266 294.071258544922 294.110504150391 294.565277099609 294.665435791016 294.586822509766 295.379028320312 295.388610839844 295.506225585938 295.489898681641 295.694122314453 295.893737792969 295.952087402344 295.877593994141 -3.4e+38 296.337554931641 296.314819335938 296.514739990234 296.738952636719 296.980194091797 297.343139648438 297.390380859375 297.833221435547 297.909118652344 297.897369384766 297.830047607422 297.775970458984 297.777801513672 -3.4e+38 297.825012207031 -3.4e+38 -3.4e+38 298.576873779297 -3.4e+38 -3.4e+38 -3.4e+38 298.510681152344 298.746215820312 -3.4e+38
289.944580078125 290.370147705078 289.774627685547 289.780578613281 290.385009765625 291.031311035156 291.459808349609 291.892669677734 292.185241699219 292.425750732422 293.195068359375 -3.4e+38 293.975830078125 294.201538085938 294.22998046875 294.584930419922 295.37841796875 295.418640136719 295.501129150391 295.480529785156 295.396881103516 295.415252685547 295.623443603516 -3.4e+38 296.018218994141 295.8642578125 295.553894042969 295.923309326172 296.684356689453 296.878448486328 297.187255859375 297.243194580078 297.560729980469 297.845275878906 297.889862060547 297.749328613281 297.646331787109 297.766296386719 297.731506347656 297.711090087891 297.777770996094 -3.4e+38 -3.4e+38 -3.4e+38 -3.4e+38 -3.4e+38 -3.4e+38 298.479644775391 298.515502929688
289.563110351562 290.157073974609 290.365264892578 290.827667236328 291.225006103516 291.259948730469 291.563079833984 291.981781005859 291.819641113281 293.03564453125 293.394073486328 293.948486328125 294.0947265625 294.282257080078 294.202545166016 294.707885742188 295.3779296875 295.411773681641 295.480773925781 295.466735839844 295.373168945312 295.271148681641 295.406951904297 295.621124267578 295.45703125 295.330688476562 295.39306640625 295.8203125 296.477905273438 296.696105957031 297.017333984375 297.191223144531 297.205963134766 297.381103515625 297.415710449219 297.333831787109 297.264373779297 297.461242675781 297.802001953125 297.791198730469 297.746948242188 -3.4e+38 -3.4e+38 -3.4e+38 -3.4e+38 -3.4e+38 -3.4e+38 298.101379394531 298.429321289062
289.43408203125 289.94189453125 290.380554199219 291.107513427734 291.386596679688 291.911590576172 291.875701904297 291.947723388672 291.812866210938 293.029693603516 293.566589355469 293.769622802734 294.298950195312 294.498504638672 294.302001953125 294.560424804688 295.006317138672 295.13671875 295.407379150391 295.447967529297 295.375610351562 294.961334228516 294.832763671875 295.150268554688 295.071411132812 294.771423339844 295.358734130859 295.943389892578 296.225708007812 296.479888916016 296.587097167969 297.037261962891 297.261199951172 297.178985595703 296.994323730469 296.974060058594 296.960052490234 297.16845703125 297.539276123047 297.8154296875 297.773101806641 -3.4e+38 298.070281982422 298.330169677734 -3.4e+38 -3.4e+38 -3.4e+38 -3.4e+38 298.028930664062
289.283996582031 289.585357666016 290.196197509766 290.970977783203 291.445098876953 291.973724365234 292.240051269531 292.335906982422 292.629302978516 293.078338623047 293.601440429688 293.710235595703 294.067291259766 294.510345458984 294.213104248047 294.115539550781 294.525024414062 294.811645507812 295.407348632812 295.350311279297 -3.4e+38 294.531829833984 294.413726806641 294.891082763672 295.162811279297 294.975158691406 295.389739990234 295.943817138672 296.118621826172 296.154418945312 296.570129394531 296.816375732422 297.017852783203 296.866851806641 296.570159912109 296.686706542969 296.827301025391 296.995330810547 297.196441650391 297.453704833984 297.740478515625 297.821624755859 297.832824707031 297.919281005859 -3.4e+38 -3.4e+38 -3.4e+38 -3.4e+38 297.973052978516
288.701934814453 289.265075683594 290.198394775391 291.127197265625 291.77978515625 292.072509765625 292.616363525391 292.483337402344 292.820770263672 293.27880859375 293.311614990234 293.598846435547 293.791748046875 294.028717041016 293.891265869141 293.946380615234 294.439666748047 -3.4e+38 295.127746582031 295.06640625 -3.4e+38 294.666076660156 294.520324707031 294.683959960938 295.209594726562 295.250793457031 295.395385742188 295.598175048828 295.751342773438 295.966613769531 296.616058349609 296.791687011719 296.738037109375 296.619812011719 296.255950927734 296.314422607422 296.850402832031 296.840515136719 296.923583984375 297.039245605469 297.486389160156 297.755310058594 297.699981689453 -3.4e+38 -3.4e+38 -3.4e+38 -3.4e+38 298.2939453125 298.106811523438
