rcp4.5models/CNRM_CM5/sc1gr3.22
NCOLS 261 
NROWS 433 
XLLCORNER 336357.134 
YLLCORNER 654653.479 
CELLSIZE 1000 
NODATA_value -3.4e+38 
[rows 374 to 395 of 433, columns 49 to 97 of 261]
-3.4e+38 -3.4e+38 -3.4e+38 280.205352783203 280.195678710938 280.147735595703 280.157623291016 280.18310546875 279.935821533203 279.818389892578 279.846771240234 279.698089599609 279.867034912109 280.113800048828 279.6689453125 279.591949462891 278.796966552734 278.05078125 278.346893310547 274.940612792969 273.88330078125 275.935455322266 277.350280761719 276.274566650391 276.864990234375 278.629119873047 279.327239990234 279.421936035156 275.781524658203 266.688140869141 265.344329833984 271.089324951172 276.918151855469 278.059814453125 277.898040771484 276.723815917969 274.636901855469 273.346496582031 273.710601806641 274.042388916016 272.000183105469 264.767730712891 264.683074951172 262.353210449219 256.471801757812 255.356994628906 254.371688842773 252.560516357422 255.655639648438
-3.4e+38 -3.4e+38 -3.4e+38 280.090545654297 280.112945556641 280.011077880859 280.071350097656 280.337646484375 280.222106933594 280.298950195312 280.120758056641 279.821258544922 280.141052246094 280.265869140625 279.659576416016 279.729919433594 279.638549804688 277.923126220703 279.124786376953 276.280487060547 276.025970458984 277.599731445312 275.689697265625 273.726287841797 276.1533203125 278.363555908203 279.075439453125 279.254638671875 278.676422119141 265.688598632812 267.355682373047 271.235015869141 274.942596435547 277.359527587891 278.038055419922 276.99951171875 275.33203125 271.92822265625 271.766906738281 273.256866455078 271.856536865234 264.102355957031 261.773315429688 260.645843505859 255.694702148438 252.017868041992 254.286209106445 254.307052612305 254.806045532227
-3.4e+38 -3.4e+38 -3.4e+38 279.998596191406 280.051055908203 280.029602050781 279.969909667969 280.155609130859 280.263305664062 280.451507568359 280.290863037109 280.271911621094 280.463958740234 280.302825927734 279.343048095703 278.402404785156 277.95751953125 277.020965576172 275.145050048828 276.798706054688 275.954895019531 276.08154296875 273.963958740234 272.362884521484 276.437377929688 278.242858886719 278.559051513672 279.224670410156 279.139495849609 269.624114990234 269.917633056641 271.246643066406 274.394927978516 277.668823242188 277.140533447266 275.937530517578 275.822448730469 273.33544921875 272.314666748047 273.174377441406 272.480804443359 264.953277587891 258.259521484375 257.487121582031 257.347076416016 252.381774902344 251.610473632812 254.599914550781 255.918670654297
-3.4e+38 -3.4e+38 -3.4e+38 -3.4e+38 279.890594482422 279.998168945312 280.010589599609 279.904449462891 280.145050048828 280.42333984375 280.116119384766 280.258850097656 280.489013671875 280.305572509766 279.579376220703 277.510925292969 276.889038085938 276.497650146484 275.077453613281 275.259368896484 274.145172119141 275.067321777344 273.877807617188 271.696136474609 274.596710205078 277.735321044922 278.616790771484 279.212219238281 279.182037353516 276.662750244141 275.266143798828 274.555114746094 275.971282958984 277.455383300781 276.240386962891 276.254486083984 276.200378417969 274.780731201172 272.921417236328 273.211456298828 273.743621826172 269.195404052734 264.048645019531 261.087890625 258.440887451172 254.885848999023 250.024810791016 250.721817016602 253.639877319336
-3.4e+38 -3.4e+38 -3.4e+38 -3.4e+38 279.928924560547 279.750030517578 279.843841552734 -3.4e+38 280.124694824219 -3.4e+38 -3.4e+38 280.300598144531 280.252014160156 280.148193359375 279.869903564453 278.990020751953 278.101043701172 277.772521972656 277.925964355469 273.738159179688 271.587432861328 274.722534179688 276.358184814453 273.581604003906 274.604644775391 277.854125976562 278.836944580078 279.227447509766 279.343872070312 279.071228027344 279.108428955078 275.972412109375 275.840698242188 277.291137695312 276.713500976562 276.318664550781 276.290710449219 275.309814453125 273.170379638672 271.654296875 272.853576660156 272.518981933594 268.332489013672 263.970703125 257.752716064453 255.259841918945 253.52311706543 248.984680175781 251.847244262695
-3.4e+38 -3.4e+38 -3.4e+38 -3.4e+38 280.066162109375 279.883728027344 -3.4e+38 280.042572021484 280.166442871094 280.021850585938 279.980041503906 280.159545898438 280.108581542969 279.936309814453 279.867584228516 280.081665039062 279.576904296875 278.611572265625 278.514068603516 274.657897949219 272.440979003906 273.359191894531 276.186096191406 276.979095458984 276.669189453125 277.827575683594 278.802978515625 279.283416748047 279.468414306641 279.035217285156 278.548217773438 275.052612304688 271.910797119141 274.012908935547 275.797821044922 276.028778076172 276.742279052734 276.28125 274.496612548828 272.196594238281 272.598663330078 272.178161621094 265.956146240234 261.634094238281 261.71044921875 263.808563232422 262.796020507812 255.459503173828 251.421966552734
-3.4e+38 -3.4e+38 -3.4e+38 -3.4e+38 -3.4e+38 279.985748291016 280.091278076172 -3.4e+38 279.826965332031 279.824920654297 279.797271728516 279.868469238281 279.900939941406 279.923583984375 279.890441894531 280.081756591797 280.154113769531 279.301361083984 277.302642822266 276.049285888672 273.726715087891 271.129943847656 272.589782714844 276.605010986328 278.178833007812 278.658355712891 279.046661376953 279.374938964844 279.391845703125 279.003112792969 277.618927001953 275.712738037109 270.662384033203 270.179656982422 273.706726074219 274.290740966797 275.334075927734 276.290863037109 275.592956542969 274.299041748047 273.149841308594 273.947662353516 268.408660888672 263.475128173828 267.61083984375 273.281402587891 272.289306640625 265.644134521484 257.043701171875
-3.4e+38 -3.4e+38 -3.4e+38 -3.4e+38 -3.4e+38 279.78076171875 279.943298339844 279.784912109375 279.798828125 279.8193359375 279.663604736328 279.7705078125 279.795654296875 279.957427978516 279.910705566406 279.877258300781 279.900817871094 279.098602294922 275.717895507812 273.836700439453 272.006988525391 269.923583984375 271.122192382812 273.740600585938 277.525054931641 279.092010498047 278.985198974609 279.237976074219 279.328552246094 278.659210205078 277.236846923828 275.372619628906 273.473937988281 270.941528320312 273.527618408203 272.924987792969 274.141632080078 276.747131347656 276.871826171875 275.149597167969 272.652557373047 274.231781005859 272.980285644531 270.784362792969 272.679382324219 275.637298583984 276.682464599609 271.048065185547 264.381042480469
-3.4e+38 -3.4e+38 -3.4e+38 -3.4e+38 -3.4e+38 279.799468994141 279.682189941406 279.721588134766 279.8935546875 279.795837402344 279.5361328125 279.82666015625 279.722808837891 279.820007324219 279.789031982422 279.882171630859 279.734558105469 279.259063720703 275.739349365234 273.1142578125 271.363098144531 271.169952392578 272.896301269531 273.858764648438 276.748931884766 278.713897705078 278.964782714844 279.057678222656 279.173950195312 278.778686523438 276.380889892578 274.205932617188 274.148193359375 271.732238769531 273.956909179688 272.297943115234 273.611541748047 277.28466796875 277.712738037109 275.149383544922 272.553833007812 273.653900146484 275.679748535156 275.713012695312 276.209533691406 276.445831298828 276.117004394531 273.692352294922 269.792572021484
-3.4e+38 -3.4e+38 -3.4e+38 -3.4e+38 -3.4e+38 -3.4e+38 279.271667480469 279.276947021484 279.586486816406 279.343597412109 279.373931884766 279.637298583984 279.760772705078 279.769439697266 279.514251708984 279.496856689453 279.423095703125 279.5244140625 279.794616699219 279.650451660156 279.514221191406 279.505889892578 277.451782226562 276.026031494141 276.898162841797 278.548400878906 279.245330810547 279.227142333984 279.192657470703 279.033233642578 274.872863769531 274.048156738281 274.714721679688 272.361999511719 272.935333251953 272.173492431641 271.802093505859 274.609191894531 277.307373046875 278.134216308594 276.537628173828 275.269348144531 275.814971923828 275.588623046875 274.211212158203 275.079437255859 275.886566162109 274.976898193359 275.158325195312
-3.4e+38 -3.4e+38 -3.4e+38 -3.4e+38 -3.4e+38 -3.4e+38 279.22216796875 279.073822021484 279.259399414062 279.11376953125 279.4013671875 279.462646484375 279.314971923828 279.201812744141 279.170776367188 278.914825439453 279.132537841797 279.124389648438 279.810638427734 279.472076416016 279.336578369141 279.263702392578 278.925170898438 278.678527832031 278.756805419922 279.049499511719 279.305877685547 279.456665039062 279.211151123047 279.278686523438 276.824249267578 275.748901367188 275.197845458984 270.733184814453 270.709777832031 272.47705078125 267.566009521484 269.951507568359 275.251495361328 277.1123046875 277.828338623047 274.471557617188 274.705841064453 276.557861328125 275.189758300781 274.667266845703 274.494842529297 273.962799072266 274.99755859375
-3.4e+38 -3.4e+38 -3.4e+38 -3.4e+38 -3.4e+38 -3.4e+38 -3.4e+38 279.313751220703 279.255157470703 278.964904785156 279.080444335938 279.103485107422 278.996948242188 278.912994384766 279.043609619141 278.879852294922 278.808624267578 279.031127929688 279.753356933594 279.352905273438 278.532897949219 278.156951904297 278.640411376953 279.043304443359 277.348388671875 276.687774658203 277.819244384766 278.945617675781 279.20654296875 279.267425537109 277.629730224609 274.042419433594 273.078948974609 270.249084472656 268.457824707031 270.300231933594 265.719146728516 268.735870361328 273.953979492188 275.432281494141 277.364593505859 276.138244628906 274.622772216797 274.093475341797 273.996307373047 274.352447509766 272.910125732422 272.68310546875 273.962219238281
-3.4e+38 -3.4e+38 -3.4e+38 -3.4e+38 -3.4e+38 -3.4e+38 -3.4e+38 279.198364257812 279.128997802734 279.221374511719 279.239074707031 279.017852783203 278.900695800781 278.884826660156 278.958038330078 278.946228027344 278.709228515625 278.97412109375 279.627990722656 279.191955566406 278.448638916016 277.851623535156 277.586273193359 278.461212158203 276.972717285156 276.805969238281 277.762786865234 278.492401123047 279.053741455078 279.103332519531 278.110778808594 274.446960449219 272.77197265625 273.051055908203 269.896636962891 266.845062255859 265.111938476562 269.167236328125 273.310546875 274.951080322266 276.417602539062 277.911560058594 275.830413818359 272.859375 272.200866699219 273.175231933594 272.936981201172 271.174591064453 267.706176757812
-3.4e+38 -3.4e+38 -3.4e+38 -3.4e+38 -3.4e+38 -3.4e+38 -3.4e+38 279.168914794922 279.278381347656 279.409301757812 279.482299804688 279.051452636719 278.991638183594 279.140716552734 279.030975341797 278.946044921875 278.634582519531 278.544860839844 279.362121582031 279.062225341797 278.843994140625 278.380218505859 277.546234130859 277.508605957031 277.885833740234 277.016296386719 275.739013671875 276.800537109375 278.628692626953 279.043975830078 279.008941650391 277.851318359375 275.401672363281 274.851684570312 270.651275634766 266.341552734375 264.241729736328 263.793792724609 270.152221679688 275.955108642578 276.019989013672 276.603454589844 276.546203613281 273.644653320312 271.695831298828 271.415252685547 272.133026123047 270.278381347656 263.832702636719
-3.4e+38 -3.4e+38 -3.4e+38 -3.4e+38 -3.4e+38 -3.4e+38 -3.4e+38 279.364349365234 279.353851318359 279.31640625 279.412109375 279.381164550781 279.385620117188 279.51513671875 279.275573730469 279.235198974609 278.9189453125 278.575042724609 279.122192382812 279.137512207031 278.982818603516 278.761016845703 278.484893798828 276.028656005859 276.840362548828 276.473724365234 274.639190673828 276.550445556641 278.685913085938 278.074676513672 278.806579589844 278.439758300781 274.749755859375 272.860412597656 271.396789550781 268.783416748047 266.761779785156 264.451110839844 271.037139892578 277.283416748047 276.041442871094 274.409088134766 276.623870849609 273.821014404297 270.289581298828 269.194885253906 270.303192138672 269.563903808594 265.455627441406
-3.4e+38 -3.4e+38 -3.4e+38 -3.4e+38 -3.4e+38 -3.4e+38 -3.4e+38 -3.4e+38 279.182281494141 279.300506591797 279.33056640625 -3.4e+38 279.44921875 279.453399658203 279.423858642578 279.396240234375 279.071411132812 278.664245605469 278.944519042969 279.259368896484 279.188049316406 279.083160400391 278.946807861328 274.872131347656 274.485046386719 275.922027587891 275.784942626953 277.312469482422 278.721130371094 276.720550537109 278.788238525391 277.269012451172 272.548583984375 270.113952636719 271.084320068359 270.550140380859 269.769012451172 269.582885742188 274.461212158203 277.950164794922 276.092163085938 270.740325927734 274.476745605469 275.628387451172 271.099304199219 267.004119873047 267.977294921875 269.488525390625 268.760467529297
-3.4e+38 -3.4e+38 -3.4e+38 -3.4e+38 -3.4e+38 -3.4e+38 -3.4e+38 -3.4e+38 279.045867919922 279.18701171875 -3.4e+38 279.323974609375 279.070037841797 278.890228271484 279.166870117188 279.264831542969 278.963470458984 278.590515136719 278.743194580078 278.927429199219 279.186492919922 279.138427734375 278.807495117188 276.353271484375 275.415222167969 275.887359619141 276.83544921875 277.947540283203 278.581390380859 277.552490234375 278.890991210938 276.973236083984 273.578765869141 270.839141845703 271.752593994141 271.491577148438 270.10009765625 270.399200439453 275.025726318359 278.226409912109 276.714935302734 270.932189941406 270.931030273438 275.049224853516 273.842803955078 268.427612304688 267.750335693359 270.469085693359 271.369567871094
-3.4e+38 -3.4e+38 -3.4e+38 -3.4e+38 -3.4e+38 -3.4e+38 -3.4e+38 -3.4e+38 278.861755371094 278.994903564453 279.189117431641 279.163940429688 278.979858398438 278.655609130859 278.634643554688 278.618469238281 278.479888916016 278.325531005859 278.335388183594 278.325592041016 278.631591796875 278.741027832031 278.829925537109 278.539764404297 276.789245605469 275.633361816406 276.295654296875 276.936798095703 278.10107421875 278.23974609375 278.668731689453 277.610809326172 276.618957519531 273.698852539062 272.859039306641 272.677276611328 270.855163574219 270.466339111328 274.852905273438 278.058502197266 277.457702636719 272.60595703125 269.722045898438 271.426177978516 274.088470458984 272.104888916016 270.013061523438 271.170562744141 271.874298095703
-3.4e+38 -3.4e+38 -3.4e+38 -3.4e+38 -3.4e+38 -3.4e+38 -3.4e+38 -3.4e+38 279.032592773438 279.187438964844 279.316589355469 279.343902587891 279.012390136719 278.696594238281 278.372894287109 278.315826416016 278.531982421875 278.302429199219 278.100921630859 278.084716796875 278.280670166016 278.551361083984 278.632110595703 278.6181640625 277.534118652344 275.348754882812 275.225433349609 275.471313476562 277.242523193359 277.369354248047 277.772094726562 278.188537597656 278.476715087891 275.926452636719 272.923400878906 272.498870849609 270.950653076172 268.475341796875 273.164703369141 277.622375488281 277.151092529297 270.765167236328 269.6064453125 267.754150390625 269.029357910156 272.681610107422 274.199035644531 274.285888671875 273.544891357422
-3.4e+38 -3.4e+38 -3.4e+38 -3.4e+38 -3.4e+38 -3.4e+38 -3.4e+38 -3.4e+38 279.278930664062 279.395690917969 279.403289794922 279.105712890625 278.789154052734 278.692077636719 278.539581298828 278.607849121094 278.619995117188 278.286376953125 277.927825927734 278.082305908203 278.157196044922 277.921478271484 277.975524902344 278.446746826172 277.976501464844 276.449157714844 275.492462158203 274.746948242188 275.632904052734 277.271942138672 277.582763671875 278.127288818359 278.441619873047 277.425140380859 275.469268798828 274.002349853516 271.134094238281 268.991363525391 273.73095703125 277.752166748047 274.584350585938 269.31201171875 266.793151855469 263.281036376953 263.131408691406 268.147338867188 274.406494140625 276.332550048828 275.315307617188
-3.4e+38 -3.4e+38 -3.4e+38 -3.4e+38 -3.4e+38 -3.4e+38 -3.4e+38 -3.4e+38 279.384765625 279.146240234375 278.939361572266 278.730255126953 278.680847167969 278.818542480469 278.868225097656 278.642669677734 278.381866455078 278.248199462891 277.970672607422 278.018524169922 277.663665771484 276.174865722656 277.075378417969 278.408142089844 276.007232666016 274.020935058594 274.160552978516 273.830718994141 274.818603515625 277.796875 277.385162353516 277.544311523438 277.662292480469 277.712677001953 277.3896484375 276.755798339844 273.313812255859 268.929473876953 270.318115234375 275.380462646484 273.463592529297 265.653076171875 265.648223876953 262.969604492188 263.460845947266 265.864288330078 271.992767333984 275.931488037109 276.000518798828
-3.4e+38 -3.4e+38 -3.4e+38 -3.4e+38 -3.4e+38 -3.4e+38 -3.4e+38 -3.4e+38 278.86328125 278.586822509766 278.586151123047 278.831848144531 279.15283203125 278.805969238281 278.394866943359 278.384521484375 278.619812011719 278.5263671875 278.174591064453 278.183502197266 277.935913085938 277.25732421875 275.139373779297 275.22265625 277.25634765625 276.685516357422 274.458953857422 274.121124267578 274.904327392578 276.985382080078 277.556884765625 277.837921142578 278.056854248047 277.568298339844 277.167053222656 277.035186767578 277.468139648438 275.165283203125 268.588195800781 272.415618896484 277.254272460938 267.94482421875 267.802459716797 268.234222412109 267.941345214844 267.334167480469 268.330261230469 271.162628173828 272.296813964844
