rcp4.5models/CNRM_CM5/sc1gr5.34
NCOLS 261 
NROWS 433 
XLLCORNER 336357.134 
YLLCORNER 654653.479 
CELLSIZE 1000 
NODATA_value -3.4e+38 
[rows 198 to 219 of 433, columns 147 to 195 of 261]
297.419158935547 297.700164794922 298.006439208984 -3.4e+38 -3.4e+38 -3.4e+38 299.10498046875 299.851165771484 299.924499511719 299.871856689453 300.690460205078 301.033172607422 301.658386230469 301.980651855469 302.290954589844 302.340301513672 302.5302734375 302.738739013672 302.791534423828 302.972930908203 303.030700683594 303.063049316406 303.207946777344 303.510345458984 303.592193603516 303.730560302734 304.101531982422 304.494842529297 304.664367675781 304.665008544922 304.739807128906 304.769256591797 304.772033691406 304.870086669922 305.444183349609 305.304595947266 304.908111572266 304.683746337891 304.673797607422 304.423522949219 304.075561523438 304.332000732422 304.437164306641 304.147216796875 304.629943847656 305.436798095703 305.67919921875 305.439270019531 305.3134765625
297.629272460938 298.051788330078 -3.4e+38 -3.4e+38 -3.4e+38 299.241058349609 299.964782714844 300.162139892578 300.160858154297 300.280548095703 300.8515625 301.210235595703 301.637786865234 302.013458251953 302.354888916016 302.328186035156 302.377502441406 302.437072753906 302.404968261719 302.463012695312 302.606597900391 302.870422363281 303.212615966797 303.584167480469 303.816589355469 303.923919677734 304.148132324219 304.435272216797 304.441436767578 304.46630859375 304.552673339844 304.660491943359 304.588928222656 304.6220703125 305.133422851562 305.236968994141 304.784729003906 304.540740966797 304.563903808594 304.249542236328 303.84716796875 303.935607910156 304.039520263672 304.10107421875 304.513244628906 305.061889648438 305.302856445312 305.224029541016 304.971405029297
297.993316650391 -3.4e+38 -3.4e+38 -3.4e+38 -3.4e+38 298.829162597656 299.765350341797 299.437103271484 299.226806640625 300.679138183594 300.862762451172 301.386016845703 301.673614501953 301.991821289062 302.327026367188 302.392059326172 302.216918945312 301.967803955078 302.155487060547 302.420196533203 302.5849609375 302.760620117188 303.565216064453 303.668701171875 303.938385009766 304.231170654297 304.479064941406 304.554077148438 304.417144775391 304.322387695312 304.398803710938 304.471405029297 304.395263671875 304.49951171875 304.793701171875 305.071685791016 304.800872802734 304.482849121094 304.495910644531 304.170654296875 303.746795654297 303.778625488281 303.872924804688 304.107604980469 304.584167480469 304.881011962891 305.14599609375 305.169525146484 304.876495361328
297.948150634766 -3.4e+38 -3.4e+38 -3.4e+38 297.474365234375 297.157287597656 298.572540283203 298.577575683594 297.90185546875 300.081085205078 300.316589355469 301.467926025391 301.835784912109 301.915710449219 301.984954833984 301.854248046875 301.760925292969 301.743530273438 302.070434570312 302.458190917969 302.657989501953 302.750274658203 303.349273681641 303.646331787109 303.719848632812 304.1005859375 304.407501220703 304.40234375 304.285247802734 304.149444580078 304.235534667969 304.255615234375 304.164398193359 304.475952148438 304.543426513672 304.587280273438 304.648071289062 304.567474365234 304.285430908203 303.923400878906 303.781494140625 303.708160400391 303.853546142578 -3.4e+38 304.476470947266 304.833068847656 304.921051025391 304.939239501953 304.855529785156
297.273712158203 297.819610595703 -3.4e+38 -3.4e+38 297.289123535156 297.079711914062 298.30126953125 298.679382324219 298.048309326172 299.699096679688 300.238006591797 301.265625 301.660797119141 301.785064697266 301.498626708984 301.375183105469 301.761016845703 302.02978515625 302.190002441406 302.461669921875 302.801879882812 303.237182617188 303.313140869141 303.599060058594 303.660339355469 303.905334472656 304.263000488281 304.110076904297 303.851257324219 304.005065917969 304.112091064453 304.100158691406 303.940856933594 -3.4e+38 304.422943115234 304.393463134766 304.582366943359 304.629425048828 304.329864501953 304.123687744141 304.086456298828 303.715942382812 303.731079101562 303.893005371094 304.076843261719 304.807434082031 304.70068359375 304.605560302734 304.865997314453
296.98876953125 297.427093505859 297.873840332031 -3.4e+38 297.39453125 297.431945800781 -3.4e+38 -3.4e+38 298.892578125 300.163879394531 300.569030761719 300.946350097656 301.213714599609 301.445373535156 301.388488769531 301.683135986328 302.083740234375 302.345581054688 302.369812011719 302.444244384766 302.680816650391 303.139129638672 303.559326171875 303.551574707031 303.598571777344 303.702301025391 304 303.835540771484 303.596069335938 303.893280029297 304.001678466797 -3.4e+38 303.953186035156 304.374114990234 304.433013916016 304.488433837891 304.467071533203 304.512054443359 304.457550048828 304.429077148438 304.281280517578 303.895935058594 303.742156982422 303.783081054688 303.958038330078 304.758544921875 304.628295898438 304.417175292969 304.746917724609
296.979431152344 297.540954589844 297.895355224609 -3.4e+38 297.480346679688 297.161468505859 297.482177734375 -3.4e+38 298.858612060547 299.974212646484 300.140747070312 300.255096435547 300.574737548828 301.039520263672 301.440246582031 301.798797607422 301.78271484375 302.144073486328 302.509826660156 302.482452392578 302.476104736328 302.660675048828 303.528106689453 303.593841552734 303.474151611328 303.441345214844 303.718780517578 303.691650390625 303.552062988281 303.73876953125 303.812194824219 303.735443115234 303.955444335938 304.395965576172 304.439636230469 304.356201171875 304.193328857422 304.299438476562 304.047302246094 304.078338623047 304.245269775391 303.848175048828 303.739105224609 303.712371826172 303.941680908203 304.311004638672 304.335266113281 304.255584716797 304.351531982422
296.871490478516 297.517578125 297.795257568359 297.837493896484 297.158294677734 296.814117431641 -3.4e+38 298.145446777344 298.394134521484 299.457122802734 299.4111328125 299.92236328125 300.581665039062 300.95263671875 301.334106445312 301.497863769531 301.425628662109 301.544708251953 302.151214599609 302.425994873047 302.372375488281 302.515686035156 303.038909912109 303.322692871094 303.365264892578 303.072967529297 303.645324707031 303.669860839844 303.619354248047 303.694549560547 303.718841552734 -3.4e+38 303.936553955078 304.47900390625 304.506500244141 304.335662841797 303.9228515625 303.807769775391 303.629364013672 303.661712646484 303.966613769531 303.702667236328 303.599761962891 303.599395751953 303.782104492188 304.032073974609 304.406311035156 304.630096435547 304.490631103516
296.709075927734 297.246917724609 297.594970703125 297.359375 296.421844482422 296.438323974609 296.581024169922 296.564056396484 297.440765380859 298.996185302734 299.282928466797 300.024719238281 300.781951904297 300.892028808594 301.115570068359 301.172119140625 301.141021728516 301.297790527344 301.6767578125 301.907012939453 302.057678222656 302.583343505859 302.629028320312 303.019775390625 303.296173095703 302.945892333984 303.657379150391 303.712188720703 303.677307128906 303.701843261719 303.726043701172 303.749877929688 303.851135253906 304.395294189453 304.443603515625 304.411315917969 304.035522460938 303.642456054688 303.536468505859 303.342895507812 303.321319580078 303.586303710938 303.507049560547 303.589660644531 303.806274414062 304.327453613281 304.665466308594 305.056823730469 304.854187011719
296.527435302734 296.934478759766 297.370361328125 297.027557373047 296.449737548828 296.545654296875 296.802886962891 296.380828857422 297.269287109375 298.390289306641 299.091491699219 299.860321044922 300.321166992188 300.46875 300.633117675781 300.906219482422 300.794494628906 301.003570556641 301.676177978516 301.920318603516 301.955963134766 302.251617431641 302.645355224609 302.851165771484 303.004455566406 303.054840087891 303.690399169922 303.648895263672 303.445404052734 303.708984375 303.733093261719 303.7568359375 303.780212402344 303.906280517578 304.228820800781 304.369934082031 304.219909667969 303.797973632812 303.448699951172 303.144287109375 303.22607421875 303.556274414062 303.694793701172 303.893127441406 304.121307373047 304.559173583984 304.696929931641 304.969329833984 304.883575439453
296.200500488281 296.737152099609 296.79541015625 296.726989746094 296.615936279297 297.091827392578 296.299865722656 295.192810058594 296.697784423828 297.943603515625 298.728240966797 299.728729248047 300.337036132812 300.810974121094 300.899047851562 300.817047119141 300.964904785156 301.336639404297 301.791748046875 302.377258300781 302.598846435547 302.536773681641 302.629760742188 302.617706298828 302.922637939453 303.623107910156 303.497650146484 303.150756835938 303.134918212891 303.380615234375 303.544158935547 303.718536376953 303.631256103516 303.674835205078 303.491546630859 303.417907714844 303.36279296875 303.271331787109 303.213684082031 303.427642822266 303.634796142578 303.620635986328 303.872680664062 304.238983154297 304.362030029297 304.722930908203 304.889068603516 304.994049072266 304.895874023438
295.967681884766 296.411254882812 296.193572998047 296.220947265625 295.993530273438 296.498321533203 295.537963867188 294.736968994141 297.362182617188 298.000946044922 298.716674804688 299.654998779297 300.038116455078 300.425720214844 -3.4e+38 300.642944335938 301.072814941406 301.608856201172 301.919006347656 302.384216308594 302.580444335938 302.471313476562 302.752166748047 302.761993408203 302.946960449219 303.599945068359 303.256011962891 302.692962646484 302.859252929688 303.287445068359 303.753295898438 303.776733398438 -3.4e+38 303.521728515625 303.390869140625 303.250091552734 303.213714599609 303.301635742188 303.300231933594 303.553131103516 303.705657958984 303.706359863281 303.915252685547 304.306732177734 304.563140869141 304.816650390625 304.994995117188 305.072540283203 304.921661376953
295.742065429688 295.931060791016 296.082672119141 296.309112548828 296.099731445312 296.479125976562 295.59130859375 295.285522460938 297.782409667969 298.517486572266 299.174011230469 299.543182373047 299.768035888672 300.157135009766 300.636535644531 -3.4e+38 301.200042724609 301.666320800781 301.969696044922 302.270904541016 302.498229980469 302.323699951172 302.656127929688 302.883850097656 303.055725097656 303.341186523438 302.951477050781 302.610473632812 302.772918701172 303.172454833984 303.520874023438 -3.4e+38 -3.4e+38 303.410247802734 303.341583251953 303.282073974609 303.128875732422 303.077301025391 303.455139160156 303.500854492188 303.601135253906 303.768249511719 304.049865722656 304.225799560547 304.328491210938 304.859375 304.928161621094 305.016052246094 304.956665039062
295.754089355469 296.184143066406 296.591461181641 296.586639404297 296.355377197266 296.650115966797 296.088958740234 296.608184814453 298.178070068359 298.773040771484 299.298980712891 299.718292236328 300.158325195312 300.456817626953 300.64306640625 -3.4e+38 300.920593261719 301.315399169922 301.505920410156 301.995239257812 302.427368164062 302.416076660156 302.509307861328 302.604217529297 302.792816162109 302.903503417969 302.599884033203 -3.4e+38 302.949615478516 303.075561523438 303.202514648438 -3.4e+38 303.144012451172 303.078002929688 303.261657714844 303.196838378906 302.900115966797 302.781494140625 303.429077148438 303.419952392578 303.555847167969 303.736083984375 303.931854248047 304.025360107422 304.134399414062 304.660339355469 304.687164306641 305.061614990234 305.013336181641
295.772338867188 296.504638671875 296.6806640625 296.593811035156 296.6376953125 296.704437255859 296.415100097656 297.393371582031 298.272338867188 298.879089355469 299.308074951172 300.035430908203 -3.4e+38 -3.4e+38 -3.4e+38 -3.4e+38 300.743804931641 301.072875976562 301.392395019531 301.788635253906 302.253570556641 302.449188232422 302.545928955078 302.521118164062 302.598602294922 302.705413818359 -3.4e+38 302.559478759766 302.757904052734 -3.4e+38 302.805908203125 303.034912109375 303.089263916016 302.783538818359 303.034484863281 302.763000488281 302.577697753906 302.751007080078 303.140594482422 303.434112548828 303.560119628906 303.75048828125 303.888092041016 303.931976318359 -3.4e+38 -3.4e+38 304.37841796875 305.016052246094 304.760040283203
-3.4e+38 296.469085693359 296.643157958984 296.943817138672 297.115081787109 296.922210693359 296.788757324219 297.462249755859 298.380920410156 299.011810302734 299.465637207031 300.009979248047 -3.4e+38 -3.4e+38 -3.4e+38 -3.4e+38 300.880035400391 301.129089355469 301.605407714844 301.803405761719 302.1962890625 302.241790771484 302.458251953125 302.634338378906 302.720306396484 302.771636962891 -3.4e+38 302.689086914062 302.658081054688 302.690765380859 302.675201416016 302.793792724609 303.013916015625 302.752410888672 302.766448974609 302.462921142578 302.463806152344 302.847625732422 303.039459228516 303.550323486328 303.683532714844 303.806274414062 304.012145996094 303.969818115234 -3.4e+38 303.894500732422 304.147308349609 304.459930419922 304.266998291016
295.723510742188 296.371032714844 296.696014404297 297.078582763672 297.454010009766 297.059936523438 296.979583740234 297.386535644531 298.455261230469 298.719482421875 299.233642578125 -3.4e+38 -3.4e+38 -3.4e+38 -3.4e+38 -3.4e+38 301.094818115234 301.286102294922 301.5517578125 301.801544189453 302.249328613281 302.376342773438 302.391754150391 302.606414794922 302.743743896484 302.709533691406 302.854217529297 302.853149414062 302.791809082031 302.807495117188 302.721740722656 302.487335205078 302.814697265625 302.493804931641 302.311157226562 302.348602294922 302.494140625 302.954284667969 303.143890380859 303.544494628906 303.699096679688 303.838500976562 303.867828369141 303.715545654297 -3.4e+38 303.946502685547 303.988006591797 304.057952880859 304.014343261719
295.625122070312 296.125 296.585418701172 297.008636474609 297.526733398438 296.884979248047 296.673431396484 297.726684570312 298.441497802734 298.710906982422 299.056518554688 299.873962402344 300.111938476562 -3.4e+38 -3.4e+38 301.261413574219 301.609161376953 301.631683349609 301.625305175781 301.876708984375 302.051239013672 302.178039550781 302.393737792969 302.561309814453 302.638702392578 302.732421875 302.800262451172 302.735321044922 302.737548828125 302.680877685547 302.676605224609 302.341979980469 302.397644042969 302.169281005859 301.920959472656 302.162017822266 302.316223144531 302.719879150391 303.055511474609 303.317413330078 303.566680908203 303.715606689453 303.709747314453 303.473785400391 -3.4e+38 303.498657226562 303.778594970703 303.733825683594 303.804504394531
295.241546630859 295.761413574219 296.263732910156 297.162353515625 297.566101074219 296.582641601562 295.8056640625 298.019287109375 298.4658203125 298.98046875 299.303649902344 -3.4e+38 -3.4e+38 -3.4e+38 300.887023925781 301.361907958984 301.690307617188 301.638519287109 301.675048828125 301.777801513672 301.783813476562 301.934967041016 302.224914550781 302.269165039062 302.294464111328 302.691619873047 302.485626220703 302.134918212891 302.542633056641 302.540740966797 302.563293457031 302.371795654297 302.112121582031 301.777923583984 301.697998046875 301.911010742188 302.166351318359 302.399566650391 302.681518554688 303.050750732422 303.518280029297 303.561828613281 303.634124755859 303.613983154297 303.463012695312 303.181823730469 303.387969970703 303.360168457031 303.384521484375
295.240814208984 295.711273193359 296.364562988281 297.091674804688 297.523864746094 297.044982910156 296.441375732422 297.937255859375 298.177520751953 298.736572265625 -3.4e+38 299.761199951172 300.262420654297 300.322662353516 300.842468261719 301.079650878906 301.158843994141 301.190399169922 301.480804443359 301.544006347656 301.626647949219 301.843902587891 302.012969970703 -3.4e+38 302.102813720703 302.539031982422 302.230438232422 301.669891357422 302.031280517578 302.024871826172 301.716217041016 301.302398681641 301.915985107422 301.492889404297 301.485168457031 301.792419433594 302.080169677734 302.209625244141 302.433227539062 303.011260986328 303.309783935547 303.359680175781 303.52001953125 303.523681640625 303.488800048828 303.260192871094 303.251220703125 303.289306640625 303.253814697266
295.620697021484 296.107360839844 296.776580810547 297.187896728516 297.302978515625 297.436126708984 297.312744140625 298.075256347656 298.219757080078 298.753662109375 299.254028320312 299.670135498047 300.126312255859 300.506439208984 300.849487304688 300.880187988281 300.796844482422 300.759338378906 301.120025634766 301.258636474609 -3.4e+38 301.720825195312 301.9716796875 301.848693847656 301.921417236328 302.280090332031 -3.4e+38 301.921997070312 301.58349609375 300.411346435547 296.620330810547 293.047698974609 294.751007080078 301.445770263672 301.44384765625 301.850524902344 301.917358398438 301.985656738281 302.197296142578 302.913299560547 303.074920654297 303.150115966797 303.233032226562 303.026062011719 303.125671386719 303.225433349609 303.088745117188 302.94873046875 302.687744140625
296.024780273438 296.441345214844 296.876098632812 297.458068847656 297.445678710938 297.539703369141 297.574279785156 298.259490966797 298.514617919922 299.023773193359 299.205657958984 299.5546875 299.817504882812 300.226470947266 300.585815429688 300.679290771484 300.540130615234 300.790161132812 300.949615478516 301.058074951172 301.467559814453 301.7265625 301.883880615234 301.781097412109 301.721496582031 301.960083007812 302.549072265625 302.243957519531 301.575408935547 300.504699707031 297.528137207031 293.283599853516 292.751617431641 301.240905761719 301.262420654297 301.489959716797 301.543762207031 301.744049072266 302.235717773438 302.820007324219 303.117767333984 303.160675048828 303.088470458984 302.860076904297 302.925811767578 303.024353027344 302.759704589844 302.372497558594 301.822814941406
