rcp4.5models/CNRM_CM5/sc1gr10.10
NCOLS 261 
NROWS 433 
XLLCORNER 336357.134 
YLLCORNER 654653.479 
CELLSIZE 1000 
NODATA_value -3.4e+38 
[rows 242 to 263 of 433, columns 147 to 195 of 261]
315.926177978516 324.711547851562 336.346038818359 338.250671386719 331.276763916016 330.152648925781 331.914642333984 334.183380126953 335.839385986328 337.402557373047 339.727203369141 345.177093505859 348.616577148438 351.375305175781 354.035003662109 356.507354736328 358.913299560547 361.969024658203 365.14501953125 368.574157714844 371.134765625 374.274841308594 379.397857666016 381.778778076172 384.919525146484 388.519592285156 391.735870361328 395.073211669922 398.610260009766 401.781829833984 403.936065673828 405.733947753906 407.915283203125 411.507537841797 413.373107910156 416.694885253906 420.458068847656 423.677032470703 -3.4e+38 -3.4e+38 429.011505126953 430.118347167969 433.400939941406 435.284454345703 438.001251220703 444.479064941406 447.264770507812 449.727905273438 453.290618896484
317.846038818359 325.844696044922 334.851959228516 333.717864990234 330.364624023438 330.839996337891 332.285095214844 334.361114501953 336.749450683594 339.432922363281 341.537506103516 346.467590332031 348.682586669922 351.751220703125 354.674255371094 357.613037109375 360.925537109375 364.053466796875 367.221893310547 371.102813720703 374.302001953125 377.205688476562 381.669891357422 384.469085693359 387.251861572266 390.207824707031 393.839874267578 397.277740478516 400.816040039062 404.262847900391 406.511444091797 408.677124023438 410.619659423828 414.540222167969 416.947265625 420.518035888672 423.070373535156 424.532135009766 427.052825927734 -3.4e+38 -3.4e+38 434.51171875 436.085388183594 438.724395751953 442.557556152344 454.128723144531 456.048889160156 455.352813720703 456.495941162109
319.189025878906 327.786071777344 336.320892333984 332.706268310547 330.903564453125 331.237152099609 332.464233398438 334.256011962891 336.945343017578 340.067199707031 342.097564697266 347.426177978516 349.597747802734 352.460205078125 -3.4e+38 358.705474853516 362.314514160156 365.456268310547 368.119659423828 371.947235107422 375.055694580078 377.768859863281 383.372283935547 386.548706054688 389.175933837891 391.576873779297 395.498474121094 399.823944091797 405.065612792969 407.327362060547 408.003356933594 409.822967529297 411.634246826172 415.877075195312 418.289703369141 422.092163085938 423.720245361328 -3.4e+38 -3.4e+38 -3.4e+38 -3.4e+38 435.437530517578 437.544738769531 440.102111816406 443.962646484375 450.637725830078 453.396789550781 455.110076904297 456.311706542969
321.039245605469 331.686340332031 340.762908935547 333.184112548828 331.186676025391 331.772430419922 333.471069335938 334.766571044922 336.813323974609 339.692138671875 342.219940185547 347.710357666016 350.178894042969 353.058074951172 -3.4e+38 359.392791748047 362.767364501953 366.053283691406 368.435943603516 371.840209960938 374.728698730469 377.487823486328 384.278411865234 388.122192382812 390.9091796875 393.445404052734 397.052032470703 403.341979980469 412.348724365234 412.871734619141 411.322631835938 411.238647460938 412.822235107422 417.54833984375 420.571136474609 423.08154296875 424.057647705078 -3.4e+38 -3.4e+38 -3.4e+38 433.953643798828 437.176605224609 440.444580078125 442.879425048828 446.051361083984 450.879089355469 452.430389404297 454.919342041016 457.296203613281
321.661285400391 332.23388671875 344.410430908203 339.182342529297 331.223693847656 332.14208984375 334.302551269531 336.093322753906 337.633270263672 340.152862548828 342.972930908203 348.227142333984 350.816253662109 353.710083007812 356.957946777344 359.777160644531 362.970062255859 366.240600585938 368.986602783203 372.17578125 375.019134521484 378.007080078125 384.267425537109 388.146911621094 391.397491455078 394.362396240234 398.062530517578 404.456207275391 412.721557617188 415.562377929688 413.828887939453 412.322082519531 413.674774169922 418.435760498047 421.801788330078 423.645233154297 425.217834472656 -3.4e+38 -3.4e+38 -3.4e+38 -3.4e+38 438.089721679688 444.804138183594 451.074401855469 447.488922119141 451.408294677734 452.391326904297 454.502471923828 457.579559326172
321.338806152344 329.943817138672 340.036407470703 335.879364013672 330.496612548828 331.941284179688 334.404022216797 336.4287109375 338.633483886719 -3.4e+38 344.01611328125 349.388061523438 352.083740234375 354.561645507812 357.506072998047 360.632080078125 363.818634033203 366.730987548828 369.735778808594 372.998718261719 375.500213623047 378.500854492188 384.748657226562 388.209411621094 391.473876953125 395.463073730469 399.419403076172 404.040985107422 408.378112792969 411.880340576172 412.299102783203 413.315887451172 414.793365478516 418.478240966797 421.373382568359 423.785614013672 426.102233886719 428.150360107422 -3.4e+38 -3.4e+38 -3.4e+38 -3.4e+38 444.302520751953 450.496856689453 446.633972167969 452.206176757812 453.310089111328 454.246826171875 456.519470214844
321.436279296875 328.000946044922 333.388000488281 330.177551269531 330.112335205078 332.6796875 334.840454101562 336.938934326172 339.819366455078 343.016723632812 345.068328857422 350.899749755859 353.198059082031 355.565490722656 358.458251953125 361.728851318359 365.061218261719 368.035736083984 370.876922607422 374.240417480469 376.755920410156 379.657379150391 385.331573486328 388.648254394531 391.914123535156 396.168182373047 400.194946289062 404.508972167969 407.716247558594 409.981414794922 412.477752685547 414.794067382812 415.877319335938 419.810699462891 421.995452880859 -3.4e+38 426.641204833984 -3.4e+38 -3.4e+38 -3.4e+38 436.978149414062 439.673522949219 442.516937255859 445.793762207031 446.724456787109 452.032318115234 454.449981689453 455.164916992188 456.213256835938
322.4482421875 329.289337158203 336.983673095703 335.810272216797 331.316192626953 333.683074951172 335.860809326172 338.217590332031 340.672546386719 343.460021972656 345.982421875 351.534790039062 353.773406982422 356.440460205078 359.535278320312 362.805999755859 366.232025146484 369.281890869141 371.704376220703 375.022705078125 378.440093994141 381.335205078125 386.525085449219 389.697631835938 392.904846191406 -3.4e+38 -3.4e+38 403.721099853516 407.83203125 411.545684814453 414.960815429688 415.543426513672 416.955871582031 421.519256591797 423.634887695312 425.509552001953 -3.4e+38 -3.4e+38 -3.4e+38 434.95556640625 438.198608398438 441.336639404297 444.28857421875 446.969635009766 448.180725097656 451.959381103516 455.386932373047 456.768402099609 457.613403320312
324.238616943359 330.407806396484 342.535339355469 346.911224365234 332.271514892578 334.760620117188 337.194641113281 339.682525634766 341.926544189453 344.068176269531 346.493560791016 351.726287841797 354.559020996094 -3.4e+38 -3.4e+38 364.339080810547 367.875061035156 370.479187011719 372.230255126953 375.476501464844 379.535858154297 382.722595214844 387.831726074219 391.365447998047 395.182983398438 397.17578125 -3.4e+38 -3.4e+38 407.885681152344 412.036804199219 415.404998779297 416.777801513672 419.938446044922 421.875946044922 423.854919433594 426.421112060547 -3.4e+38 -3.4e+38 -3.4e+38 436.628448486328 440.648864746094 444.152587890625 447.098724365234 448.903533935547 448.685852050781 452.359954833984 455.220672607422 458.512481689453 461.042022705078
324.989410400391 328.470489501953 339.724029541016 348.305358886719 332.855346679688 335.459106445312 338.138336181641 340.802795410156 343.330139160156 345.3505859375 347.560943603516 352.701080322266 355.438354492188 -3.4e+38 361.553405761719 365.591583251953 368.817199707031 371.478607177734 373.423736572266 376.48388671875 379.918090820312 383.518615722656 389.065734863281 392.516937255859 396.727661132812 399.007446289062 402.661407470703 406.8583984375 408.971435546875 412.154876708984 414.976135253906 417.777557373047 420.364166259766 422.221069335938 423.751831054688 426.552551269531 429.114868164062 -3.4e+38 -3.4e+38 437.204895019531 441.768402099609 444.765319824219 447.988433837891 449.96240234375 450.325775146484 453.460571289062 454.749359130859 458.424255371094 462.587310791016
325.655578613281 329.650268554688 338.8486328125 345.367431640625 337.326843261719 336.507446289062 339.054595947266 340.992858886719 343.529693603516 346.403625488281 348.899261474609 353.424682617188 356.0380859375 -3.4e+38 362.557952880859 366.035949707031 368.835174560547 372.036315917969 374.610229492188 377.383392333984 380.314331054688 383.994476318359 390.905609130859 394.003997802734 397.979248046875 401.531494140625 407.760375976562 413.392059326172 411.043518066406 413.48974609375 415.935211181641 417.896270751953 419.234375 422.733489990234 425.309600830078 427.596282958984 429.885681152344 432.322875976562 434.370666503906 -3.4e+38 441.087951660156 444.632385253906 448.602569580078 451.639099121094 452.687072753906 455.780364990234 455.775115966797 457.753662109375 461.920471191406
327.616943359375 331.118438720703 341.64306640625 350.879760742188 340.906646728516 338.767883300781 341.039581298828 341.374176025391 343.774627685547 347.740692138672 350.590209960938 354.515655517578 357.174957275391 -3.4e+38 363.409118652344 366.590911865234 369.929473876953 372.950286865234 375.514831542969 378.189910888672 381.369750976562 384.680908203125 391.820953369141 395.206817626953 399.412506103516 403.856842041016 411.045989990234 416.849212646484 411.981231689453 414.720489501953 417.442657470703 418.892303466797 420.386047363281 423.935546875 427.181762695312 428.875854492188 430.735198974609 432.901947021484 435.333068847656 -3.4e+38 441.166625976562 445.068206787109 449.5703125 453.216613769531 453.750305175781 457.12646484375 457.452789306641 458.062896728516 461.653961181641
328.050964355469 330.374176025391 338.580261230469 346.440582275391 339.090301513672 338.357788085938 340.828857421875 341.773162841797 344.093963623047 348.00244140625 351.143981933594 355.781066894531 358.41015625 -3.4e+38 364.894866943359 368.406555175781 371.608978271484 374.011901855469 376.910919189453 379.358276367188 382.6162109375 385.963317871094 392.842315673828 396.657684326172 400.752166748047 404.833770751953 409.188934326172 412.952209472656 412.412292480469 416.444122314453 419.895294189453 421.134399414062 421.576507568359 425.282592773438 428.221160888672 429.571685791016 431.642608642578 434.219085693359 436.406646728516 -3.4e+38 442.328460693359 446.359100341797 449.438568115234 452.135589599609 454.017791748047 457.335266113281 458.179168701172 459.967224121094 462.149993896484
335.036499023438 336.377807617188 342.948852539062 348.68798828125 339.435272216797 338.558380126953 341.103973388672 343.673522949219 346.4150390625 349.14306640625 351.484802246094 356.989562988281 359.986328125 363.111877441406 366.060638427734 369.287994384766 372.432983398438 376.035064697266 379.397064208984 381.295471191406 384.158660888672 387.414581298828 395.334106445312 398.212768554688 401.54052734375 405.092010498047 406.736724853516 410.034545898438 414.022003173828 417.107360839844 420.821685791016 422.216705322266 422.821136474609 426.924377441406 429.933135986328 431.706573486328 434.049041748047 436.665130615234 438.537292480469 440.354675292969 444.077056884766 447.07666015625 448.365875244141 450.837524414062 454.626586914062 457.634216308594 459.900939941406 461.890869140625 463.428588867188
338.911376953125 337.611114501953 345.345397949219 353.285552978516 342.606506347656 339.539886474609 342.221038818359 345.420440673828 348.128204345703 350.505096435547 352.946716308594 357.913940429688 360.888549804688 -3.4e+38 367.172760009766 370.216674804688 373.46728515625 377.255920410156 380.753967285156 382.666809082031 385.170349121094 388.345275878906 395.593780517578 -3.4e+38 -3.4e+38 404.326354980469 -3.4e+38 409.917388916016 414.075927734375 418.121276855469 423.027679443359 423.607849121094 423.969512939453 427.94775390625 430.951049804688 433.458679199219 435.396820068359 437.272857666016 438.524841308594 440.870300292969 444.739501953125 447.688751220703 448.988159179688 450.502075195312 454.313568115234 458.199157714844 459.728973388672 461.091705322266 463.777618408203
343.361846923828 343.254547119141 344.960968017578 349.765167236328 343.171417236328 341.1357421875 344.655548095703 347.407104492188 349.167938232422 351.195678710938 354.152435302734 359.158416748047 361.826568603516 -3.4e+38 368.146087646484 371.595489501953 374.535369873047 377.844818115234 381.572265625 384.31005859375 386.282928466797 389.005096435547 395.612762451172 -3.4e+38 -3.4e+38 -3.4e+38 408.158294677734 -3.4e+38 415.262542724609 420.746887207031 425.642639160156 423.980255126953 424.511291503906 429.248718261719 431.754974365234 434.262817382812 436.058685302734 437.780914306641 439.195861816406 441.696655273438 445.631866455078 448.6240234375 450.052307128906 451.012268066406 453.342864990234 457.428894042969 459.504333496094 462.089965820312 464.836761474609
349.419830322266 346.413238525391 345.237182617188 349.074798583984 345.724273681641 345.967315673828 351.772430419922 351.773864746094 349.972930908203 352.420135498047 355.216827392578 360.239227294922 362.998840332031 365.987243652344 369.634307861328 373.379547119141 376.012542724609 378.908020019531 382.493988037109 385.816314697266 387.553497314453 389.916748046875 396.453369140625 -3.4e+38 403.439422607422 406.872589111328 410.916778564453 414.5078125 417.254638671875 423.189727783203 428.750610351562 423.006469726562 425.116729736328 430.245391845703 432.525177001953 434.289276123047 436.729522705078 438.592834472656 440.137084960938 443.248809814453 446.710327148438 449.149383544922 450.966552734375 451.815093994141 453.245941162109 457.383483886719 460.381896972656 463.533813476562 465.829986572266
359.49755859375 350.650909423828 349.693145751953 353.852508544922 351.012329101562 350.099853515625 354.535858154297 354.517547607422 350.616668701172 353.081451416016 355.821136474609 361.370544433594 364.239410400391 367.157318115234 370.669403076172 374.215270996094 377.321960449219 379.944396972656 383.108795166016 386.721343994141 389.010711669922 391.182189941406 398.005950927734 401.351928710938 404.319000244141 408.602172851562 414.328857421875 422.716125488281 429.803619384766 428.096832275391 426.378234863281 424.137451171875 426.439178466797 431.054382324219 433.054107666016 434.589447021484 436.695495605469 439.015228271484 441.174194335938 444.692504882812 447.93701171875 449.20654296875 450.65380859375 451.667541503906 453.359130859375 458.969207763672 461.996124267578 463.993286132812 466.598449707031
385.071472167969 364.766448974609 355.837127685547 354.081726074219 351.3046875 350.301055908203 351.772735595703 354.26416015625 351.117065429688 353.691284179688 356.561798095703 362.467956542969 365.257049560547 368.051940917969 371.261962890625 374.972137451172 378.585327148438 380.857086181641 383.894714355469 387.624908447266 390.348297119141 392.320465087891 -3.4e+38 -3.4e+38 -3.4e+38 410.761108398438 419.970428466797 430.380310058594 433.751312255859 426.366760253906 423.500030517578 425.747528076172 427.7626953125 431.964721679688 433.682586669922 434.933776855469 436.762420654297 439.580230712891 441.675445556641 445.128204345703 449.055603027344 450.075592041016 450.376586914062 452.210815429688 453.911682128906 460.590515136719 463.343597412109 465.075653076172 468.400238037109
407.240325927734 379.399627685547 352.774200439453 346.293395996094 346.434539794922 348.458984375 351.160705566406 353.895050048828 352.108978271484 355.569396972656 358.673950195312 363.65576171875 366.134796142578 -3.4e+38 372.315887451172 376.584381103516 380.476470947266 382.459899902344 385.277313232422 388.450500488281 391.071563720703 393.275543212891 -3.4e+38 -3.4e+38 -3.4e+38 411.275695800781 419.876037597656 423.860534667969 422.287628173828 420.994018554688 424.161987304688 426.579315185547 428.001007080078 432.46484375 433.931457519531 435.567199707031 437.991180419922 440.381561279297 442.193237304688 445.373382568359 448.608520507812 450.379058837891 451.514343261719 453.747650146484 455.018249511719 461.983367919922 464.951995849609 466.757415771484 469.611389160156
387.624389648438 366.476135253906 345.306579589844 344.491271972656 347.723327636719 349.345245361328 350.894622802734 354.135345458984 356.116760253906 359.139678955078 360.254730224609 365.103393554688 367.692749023438 -3.4e+38 373.532592773438 377.652679443359 381.912841796875 384.3046875 387.127685546875 389.7578125 392.184417724609 394.588714599609 -3.4e+38 -3.4e+38 -3.4e+38 -3.4e+38 414.095489501953 415.50146484375 417.507659912109 421.015869140625 424.469482421875 426.995788574219 428.392669677734 432.436981201172 434.1923828125 436.657196044922 439.549926757812 441.452209472656 443.274536132812 446.041198730469 447.872009277344 450.958038330078 454.1630859375 455.076446533203 455.959808349609 463.706329345703 467.193572998047 468.426300048828 470.423858642578
366.6943359375 347.123107910156 344.751159667969 353.018402099609 358.817260742188 355.037872314453 351.076507568359 355.06787109375 358.782897949219 360.134765625 361.0498046875 366.017913818359 368.925109863281 371.5810546875 374.667358398438 378.45849609375 382.28759765625 385.170318603516 388.451812744141 391.305816650391 393.810852050781 395.76953125 -3.4e+38 -3.4e+38 -3.4e+38 409.484619140625 412.269195556641 415.614532470703 418.523529052734 421.623046875 424.960052490234 427.758148193359 429.496002197266 432.824798583984 435.373931884766 437.59814453125 439.783843994141 441.623260498047 443.770935058594 447.183227539062 448.933074951172 451.757781982422 454.8671875 455.582122802734 456.422149658203 463.798614501953 467.492584228516 469.888610839844 472.03955078125
