rcp4.5models/CNRM_CM5/sc1gr3.5
NCOLS 261 
NROWS 433 
XLLCORNER 336357.134 
YLLCORNER 654653.479 
CELLSIZE 1000 
NODATA_value -9999 
[rows 132 to 153 of 433, columns 50 to 99 of 261]
267.669302210836 267.582610107082 267.659935142511 266.673835554677 266.133426868248 265.620499222353 266.07074921796 266.074957483253 265.951233435141 264.978787953926 264.96318663552 264.734435201083 265.834425641239 265.148112873755 264.944476679896 265.013974729294 265.713005372822 265.610166125655 265.658073572613 265.466397161775 264.424506702065 264.60980732784 264.787412767485 263.999042706916 263.662121416093 264.273008307173 265.203577430546 265.459815108293 265.817837233534 266.229725422226 265.576404220292 265.416741425858 265.265166479902 265.13387013521 265.133736498869 265.120347994449 265.008165633434 265.575344419894 265.406416765468 264.953031079256 264.224680214789 264.169326100306 263.808232240719 263.762260045085 263.787970962016 263.891077613792 263.805164899892 263.505819874634 263.124945122736 263.652626360447
267.02953824609 267.621347766808 266.851040883832 266.742600977768 266.508416487988 266.529627823893 266.119408068172 266.014525360654 265.926482088787 265.188363849105 264.742334116826 264.533063104518 264.959557840809 265.474259172372 265.348786288767 264.938998154482 265.09642655216 265.488430909142 264.79976032372 265.055340277445 264.929291877812 264.510041999924 264.7514461807 264.113774663903 263.786408187845 264.405472460792 265.015353554868 265.465748261835 265.723527649832 266.202093975156 265.326603508169 265.295228126725 265.347357275249 265.027976445898 264.782877529533 264.658953096594 264.819351978563 265.212566438497 265.146767998087 264.895702353035 264.229557834205 264.199087400951 263.977995367884 263.909846794521 263.938663203912 263.575677870233 263.394995283865 262.861692011086 262.87129052351 263.392570703227
266.747333884625 266.959828726487 266.718278073968 266.889077809831 266.971997239216 267.051898130927 265.902484833537 265.984752746284 266.072952790783 265.60561704979 264.665413160566 264.62707882487 264.717222241265 265.693715433128 265.68466891882 265.424835142642 264.64495357097 265.459311504474 264.438202482489 264.763267549124 264.880151952136 264.540919096235 264.512264921133 264.163322702475 263.732399427035 264.272725449327 264.639304270408 265.166615117463 265.543793320895 265.566289616798 265.546455929331 265.199807717522 265.402429914676 265.349382576963 265.005400831389 264.924021036764 264.720081575001 264.83686800185 264.89774240528 264.986087116077 264.234285598076 264.240184634113 264.236627845626 264.199103463973 264.202153532226 263.848696320205 263.478089305864 263.201497191088 263.350768838118 263.105052742018
266.852818388984 266.68627400147 267.574913160802 267.062333066552 267.115475668722 267.071568497637 265.938663340657 266.097468226021 265.967290986343 265.041780564872 265.331717273315 264.800887909912 264.851946981333 265.335279895861 265.133440053859 265.091381656905 264.55194677419 264.764501331952 264.649953191258 264.754135103677 264.755974148455 264.708374857444 264.648321060362 264.446091998184 263.950064560637 263.970680499747 264.502073247112 264.834092552402 265.450594514805 265.218814351622 265.591096597864 265.400884107066 265.479521237515 265.601196103631 265.42505679501 265.455598279189 264.984603850177 264.693494528807 264.623289872631 264.985088786907 264.733460474501 264.527698974428 264.323035285745 264.15187225927 264.098636834547 263.742576555312 263.485911852494 263.398571847115 263.294833208735 262.895132765588
266.806336947251 266.972074377754 267.202110472138 267.001661672741 267.062137591171 266.157727454319 265.716989935992 265.31332004398 265.049370974402 264.923283445675 265.081041199798 264.867843707026 264.981017393487 264.958318603996 264.747024083441 264.536729273021 264.466044670383 264.649475648682 264.708639603526 264.366197581647 264.868337990282 264.739502234588 264.464936053961 264.603917723864 264.399853592728 263.976083413978 264.495210332675 264.6957474743 265.45527443967 265.197095810603 265.414234937501 265.501526166569 265.421679649503 265.500501823742 265.649669035032 265.623885929238 265.066795582004 264.778551100777 264.47863712687 264.449338463392 265.236662234002 264.843732439428 264.193125943274 264.093813328359 264.003079494717 263.491018141998 263.416382667566 263.306133923473 263.373714103232 263.048392980609
266.89413515739 267.100670029848 267.058918243853 266.966121179651 267.042246958669 265.806710359416 265.660559691459 265.671829175097 265.250429634257 265.110355711097 264.86687619153 264.966327795275 264.804210591227 264.741061006939 264.483021135876 264.354252539027 263.957302096082 264.751988530502 264.737662354238 264.566385045915 264.721766422438 264.762994044494 264.609795996742 264.528966296727 264.533913571864 263.798787762891 264.196595156034 264.538615244147 265.364249968254 265.195360798612 265.354874294699 265.404653084927 265.317123279822 265.161393787777 265.876045834007 265.482502829929 264.738328665078 264.706117396847 264.234447482864 264.211037068413 264.644092661994 264.433032578246 264.268560449803 264.048249100086 263.734482663118 263.45919381322 263.540594721548 263.513891880936 263.515823027507 262.902805706127
266.906145838388 267.008711046602 266.498195587822 266.347097339417 266.010157772722 265.835709014691 265.707262978201 266.111610910348 265.806368398003 264.867417699201 264.866915840549 264.351725984015 264.89990155292 264.863691070559 264.43990290693 264.302253696917 264.246429251955 264.474706146685 263.873163751663 263.808264043807 263.676979352236 264.177202559194 264.143877552984 264.256470618262 264.332858315503 264.419029613967 263.938609180058 264.014245782939 264.732622994421 265.046621816686 265.170148220664 265.003314805977 265.046698731014 264.832912675347 265.389940434554 265.391252384083 265.013809992312 264.745501687426 264.638921046301 264.09362792027 264.177618764918 264.084852236335 264.031159337309 264.028646050215 264.173973266387 264.134605570538 263.865736574199 263.60525362246 263.453388137382 263.191405269911
267.62028032046 266.813624071494 266.428832319054 265.886692550112 265.657185264548 265.735714563545 265.850749985486 265.139533539984 265.185472843338 264.433636619483 264.739177068646 264.553815006572 264.987151627615 265.349176424598 264.757020388602 264.777487365281 264.511107547729 264.58702196151 264.393041361929 263.859755966274 263.630826953746 264.097654369982 263.878701771194 264.046128121279 264.16403035877 264.229022933744 263.899288064668 263.701482015821 264.385956829854 264.646029230185 264.673377502041 264.619118440149 265.470841592555 265.462136770085 265.385830933472 265.343460303038 265.00642519561 264.653557714735 264.478224791839 264.293408801132 264.393438854774 263.943743205983 263.67662519796 263.726123037125 264.218463722234 264.080454469208 263.40343368396 263.545235527816 263.606466120378 263.401516024452
267.702866252224 -9999 267.379060113743 266.598332162791 265.899140216222 265.914436352206 265.51560417345 265.138095860263 264.861689652066 264.816761991544 265.06625187907 265.077370297232 265.182680358508 265.65714207862 265.36108122511 265.195380928378 264.612240459831 264.654901231649 264.150830765746 264.455360911772 263.9649674622 263.962997616327 263.940167182657 264.100058600205 264.142183289024 264.003925972927 263.706117098186 263.919229241769 263.998128257537 264.497527294368 264.382179450006 264.92832138949 265.681248459782 -9999 265.115688041692 265.362551264979 265.124956606922 264.844333612511 264.810266284436 264.76327764718 264.645228420274 264.272729152513 263.857738365559 263.913905270602 264.181121388683 264.058818023315 263.477619149475 263.683916898947 263.712062275656 263.497145879783
267.644479687094 -9999 267.874120910922 267.080941123136 266.69664079688 266.426169293639 265.722961890853 265.82400443018 265.687936625897 265.636997927885 265.688511868436 265.694394462005 265.715211616984 265.810113357743 265.352299290302 265.250222532044 264.768220680479 264.733463476301 264.387348826549 264.657639883288 264.451001711489 264.309116618696 264.281211644197 264.016305153188 263.84957423147 263.937189401982 263.577776736715 263.997432747339 263.527575517617 263.90893275099 264.166018161442 264.690359673448 265.176766104167 265.179012203264 265.240741178032 265.343314891812 265.008157084433 264.936577589858 265.090324450418 265.152229500526 264.895198398504 264.975808291301 264.66706298217 264.341312799933 264.432279470944 264.350983059777 263.952052842607 264.045250494005 264.116285162315 263.62363404396
267.772947871961 267.930187772625 267.862337863109 267.769244466483 267.764759971142 266.846221993941 265.54861472633 265.944666484876 266.1715600591 266.238811412945 266.24506807815 266.217223417257 265.911570402281 265.874148840444 265.476161193909 265.351375225223 265.161539887846 265.094062692311 264.864543219319 264.956742839753 264.8173314368 264.479559708085 264.452057803093 264.213661151613 264.217492588966 264.217270741972 264.191462083071 264.264714018427 263.92872753366 264.101212032731 264.28884316884 264.54393624229 264.910299701569 265.107488056539 265.350252414893 265.072965148692 265.031466405288 265.119465908427 265.113058243999 265.242465372763 265.044528356235 265.056356330582 264.985566226508 264.825984574391 264.571400730352 264.358367483168 264.474717270409 264.180605187276 264.262961144838 263.788931540845
267.696620404357 267.754795500061 267.835273092403 267.881494523888 267.776682847145 267.20862025696 266.348362601325 266.699227073596 266.68230044234 266.594682849963 266.287036900046 266.279297052984 266.147770928786 266.095281904146 265.531732066897 265.038396955083 265.517413647667 265.266656703142 265.070793518904 265.01969564271 264.944797159781 264.693581058056 264.594856180214 264.530806337593 264.399793705969 264.460041432895 264.515449215299 264.446692573389 263.957296919429 264.450568282035 264.309599831021 264.61458371652 264.990377940143 265.020713531413 265.32631725524 264.93245518198 265.055938942844 264.941194103681 265.027961768827 265.252598998653 265.166547589531 264.945170751654 264.960989054433 264.950959376199 264.594742457303 264.504562883549 264.759226809774 264.473015851164 264.092913774149 263.99085652
267.634829297899 267.406929888641 267.280008616052 267.713426824871 267.540627522769 267.242643061426 266.945760509983 266.931611890369 266.900782923907 266.941133927604 266.694156887839 266.595901876267 266.553512536284 266.089803597897 265.550319304903 265.110223901897 265.10054879153 265.516247921867 265.467566457922 265.330192366863 264.641072323158 264.606788645423 264.662029682248 264.625411479936 264.420143319298 264.909704691664 264.629266530295 264.58163607242 264.146572934658 264.80510694586 264.432846462279 264.504500047622 264.852973025451 264.974430205936 265.328893788315 264.919812345381 264.95772387339 264.786578670393 264.470075669858 264.845104093999 264.854767056009 -9999 264.867027830923 264.918916763286 264.751667962379 264.834581361866 264.806888965184 264.754088816209 264.450979928666 264.183568103005
267.724137214581 267.088517657251 267.017676793267 267.08690550013 267.034225730852 266.863563550161 267.153532169456 267.009917130922 267.010281445127 266.964652878159 267.001311719672 266.718618528298 266.394813476366 266.162283635227 265.673517391631 265.238698898679 264.992046235227 265.734560959062 265.600903407506 265.265017172581 264.920021703801 264.862608937001 265.053051716301 264.715591351816 265.043743726484 265.271483562981 265.038885820276 264.462115834845 264.745426783836 264.69720743175 264.528315916128 264.456922479437 264.846687905852 264.930065423131 265.060853707516 264.93035454936 265.025167717143 264.880078244309 264.143464676505 264.391795441173 264.448958536298 264.662345842758 264.645874722419 264.914110403677 264.743569122648 264.941454706007 264.809350389653 264.81421145346 264.783534633255 264.568025490185
267.584104430832 267.437399291397 266.894618587793 266.860026360833 266.84175675072 266.595768133927 266.667545251904 266.948486571424 266.939180863738 266.826481675136 267.051691887187 266.731584871019 266.472132368649 266.218412524871 265.762977382457 265.629686929624 265.645596496171 265.871878737173 265.513952413213 265.376318755238 265.37475709697 265.317298530683 265.211940908468 265.177734652063 265.554786602011 -9999 265.219267394295 265.021374832773 264.725742002165 264.719366144258 264.407784914125 264.303558786363 264.991430224094 264.922501136099 265.018001775895 265.015871198836 264.983030747772 264.895208623596 264.408192580008 264.359005252527 264.198427609232 264.297039504133 264.355638652156 264.783321332871 264.524413637928 264.925049040663 264.727504436445 264.81644415592 264.821192727651 264.801652213165
267.140129421341 267.041064293249 266.61915881926 266.639424262398 266.701502344067 266.171445454241 265.884705652592 266.553861189213 266.557017317162 266.444295952771 265.909115801264 266.644982736914 266.594383604027 266.464358904129 266.141356562306 266.240036368404 266.192862761943 266.070551536792 265.904885569105 265.728177694 265.845125483226 265.844954586305 265.211792330855 265.473060788052 265.583918781941 265.61970709744 265.503593623053 265.370549981077 264.689692132198 264.861293298925 264.665952054627 264.375929875768 264.328331169438 264.48458868967 265.064400306478 264.987662411335 265.030947380374 264.998615597709 264.785108616023 264.622690012207 264.117584412619 264.140653157131 264.27546726574 264.40007156057 264.132257756516 264.7466048503 264.546013881932 264.214988051037 264.740105153754 264.827826375091
266.977118640675 266.607590888699 266.542122070631 266.639766230904 266.399942130277 265.690814389071 265.267612864668 265.660087730734 265.315361806605 265.805557695445 265.617523024028 266.604420268828 266.61106078555 266.618760733823 266.598620780539 266.357413211636 266.409395642999 266.374146817271 266.308419698203 265.849458285232 266.022394229491 266.128683977972 265.873092423634 266.06971917421 265.990027688242 265.476913862938 265.466887881821 265.295417562343 264.40228749858 264.475006275801 264.587946943133 264.589348386857 264.163426706558 264.50604841299 265.057448360223 264.932420706658 265.00602216116 265.089537340513 265.015406277918 264.835463913327 264.292423227006 264.135845366266 264.211090208191 264.174949014853 263.675813241368 264.064373843474 264.110671683504 263.661452903947 264.256049070991 264.688902944757
266.66907120492 266.745313523832 266.483784980095 266.035942163898 266.314408438684 265.666359256394 264.943605575984 264.734955333534 264.032701629324 264.939311078062 266.215122268588 266.494304406835 266.487851528919 266.386390238528 266.320595384319 266.208551502311 266.354775822764 266.192603706477 266.435388781325 266.033256765377 265.945163128017 266.288015901498 266.30108868657 266.35515902343 266.204511791509 265.272487282945 265.324592040993 264.944722997719 264.346171206992 264.402570885658 264.185608637358 264.190439897391 264.171778058312 264.482156927494 265.059843905986 264.925257065866 264.940450034009 264.996724414451 265.027199907263 265.09814647637 264.501400271172 264.230929362359 264.209746478751 264.002119616412 263.589468035434 263.707554289446 263.89106351623 263.512957453624 263.742028190729 264.271377205868
267.113686685609 266.573226410558 266.477522758879 266.603841824057 265.762902345207 265.428116389919 264.503208024743 263.440491511375 264.5527995299 265.242583283468 266.098215972643 266.244321384152 265.983661776499 266.272770690789 266.456829138329 266.343456720389 266.157954836211 265.782155649211 266.214815802327 266.127835350185 265.75367010979 265.184454475754 265.261236984808 265.685680447907 265.549728248133 265.25522447045 265.194643784671 265.118696481024 264.817634752186 264.731955578285 264.778603239543 264.653798658854 264.117287780804 263.800196170419 264.018457087442 263.920293838664 264.101629003271 264.212886227598 264.756139297551 264.820995042518 264.707016125524 264.786010190593 264.697121424244 264.379118708609 263.848887138068 264.061653255434 263.748494491393 263.563278250695 263.603320857856 263.637505748223
266.663846613707 266.54587234281 266.476602662748 265.79663328507 265.544866159873 265.45209600873 264.289448098767 263.585742589846 265.187362443851 265.399669993941 265.979506903131 266.186987235937 265.528993996378 266.123946167144 266.454056511332 266.285321947222 266.051673316002 265.605425918224 265.977973905217 266.161569906236 266.009117537729 265.568169155824 265.185609219665 265.137125356836 -9999 -9999 265.214763775523 265.203432106512 264.805866808936 264.8681167006 264.700175040824 264.612922591249 263.901045013515 263.765551063049 263.81097939023 263.78600569005 263.910674522809 264.053269025571 264.353477114281 264.636541462337 264.742868399691 264.798910614658 264.791947318102 264.659373369282 264.254235979263 264.0100191108 263.561439557741 263.524886611897 263.571883241279 263.269179682746
266.423508733165 266.444493906799 266.44682123872 265.441142074011 264.835351819473 264.952198698918 264.16552191981 263.568806498472 264.593004744363 264.792204202732 265.503943436787 265.882687658488 265.47038504618 265.923368191507 266.285095764644 265.767978320897 265.855978356921 265.359229072972 265.216950297429 265.574370379591 265.916331052676 265.556508493847 265.094118934085 265.129016795502 265.065395108148 -9999 -9999 265.305602730047 264.94103617809 264.851299912919 264.585872481224 264.512399414643 263.859494238421 263.864070244012 263.83280763071 263.697769898425 263.888206878139 263.972689297085 264.203108883283 264.574985359698 264.483760076277 264.546259243481 264.804870380094 264.747064143368 264.444408877561 264.185305777627 263.744516864073 263.753056330876 263.51200266433 263.345688165053
265.890299496554 265.811304351272 265.873077595565 265.105287611995 265.174797826712 265.150167596185 264.168100456398 263.38640795036 263.250444386209 265.062274202661 265.311894820122 265.441253845182 265.385256683673 265.707417751878 266.41874322956 265.601471618936 265.595198652138 265.076853061578 264.860341032234 265.11946726967 265.997546681407 265.454692009772 265.041318597914 265.053595881293 264.899199427464 265.31648755355 265.294916644198 265.399889262827 264.951367413445 264.870383465738 264.685732585025 264.597680748671 264.116918684274 263.996711544326 263.822521328576 263.798470497252 263.729842689002 263.764466300877 263.995977627452 264.378708938335 264.023350011936 264.290435179367 264.683348503391 264.580316150881 264.481552295984 264.370088046352 263.887951885915 263.874493139323 263.743732437096 263.421923462427
