rcp4.5models/CNRM_CM5/sc1gr4.16
NCOLS 261 
NROWS 433 
XLLCORNER 336357.134 
YLLCORNER 654653.479 
CELLSIZE 1000 
NODATA_value -3.4e+38 
[rows 110 to 131 of 433, columns 98 to 146 of 261]
295.8935546875 295.78564453125 296.29296875 296.708251953125 296.568511962891 296.470001220703 296.396362304688 296.222015380859 295.835479736328 295.776458740234 295.856719970703 295.629333496094 295.298248291016 295.735321044922 295.734191894531 295.348724365234 295.131805419922 295.385498046875 295.302093505859 295.319519042969 295.399871826172 295.398620605469 295.346130371094 295.215515136719 295.717132568359 296.160278320312 295.984619140625 296.243621826172 296.376159667969 297.169860839844 297.917907714844 298.078430175781 297.216156005859 297.306091308594 298.128143310547 298.800231933594 299.043426513672 299.146331787109 299.015472412109 298.958282470703 298.902130126953 298.441040039062 298.148101806641 298.269104003906 297.921356201172 298.790679931641 299.232543945312 299.405822753906 300.093139648438
295.700134277344 295.719696044922 296.090484619141 296.673980712891 296.509796142578 296.676544189453 296.395690917969 296.278778076172 296.108154296875 296.090698242188 296.16162109375 296.055267333984 295.814270019531 295.387115478516 295.336334228516 295.467346191406 295.282409667969 295.223022460938 295.313507080078 295.113433837891 294.692108154297 295.134185791016 295.287353515625 295.231567382812 295.239501953125 295.634368896484 296.366546630859 296.180206298828 296.061950683594 297.369537353516 298.199005126953 297.701629638672 297.4794921875 297.902801513672 298.340881347656 298.786224365234 298.543579101562 298.93994140625 298.850341796875 298.529388427734 298.330322265625 298.135986328125 297.948944091797 297.735778808594 297.969818115234 298.625213623047 299.095062255859 299.158172607422 300.005828857422
295.829742431641 295.393676757812 295.321228027344 296.416625976562 296.686218261719 296.467529296875 296.324523925781 296.41357421875 296.290954589844 296.543914794922 296.348876953125 296.39208984375 296.255767822266 295.879058837891 295.824920654297 -3.4e+38 295.619842529297 295.514892578125 295.172149658203 294.633483886719 294.701141357422 294.916717529297 294.960235595703 294.785461425781 295.146514892578 295.181884765625 296.176422119141 296.558044433594 296.830749511719 297.272705078125 297.547088623047 297.354583740234 297.525299072266 298.351257324219 298.284393310547 298.233856201172 298.236633300781 298.798645019531 298.256896972656 298.255676269531 298.365875244141 297.955627441406 297.953796386719 297.977996826172 298.688995361328 298.943084716797 299.231384277344 299.116729736328 299.884460449219
295.609344482422 295.249420166016 294.992004394531 296.421966552734 296.277557373047 296.236358642578 296.315612792969 296.753967285156 296.714477539062 296.977996826172 296.297546386719 296.296905517578 296.285491943359 296.219055175781 296.205261230469 296.094848632812 296.111358642578 296.125518798828 295.602111816406 294.796630859375 295.464294433594 294.970733642578 294.436096191406 294.377166748047 295.045043945312 295.161285400391 295.640014648438 296.451843261719 297.272216796875 297.139953613281 297.039184570312 296.695404052734 296.937164306641 297.694519042969 297.676696777344 297.684997558594 298.205596923828 -3.4e+38 -3.4e+38 -3.4e+38 -3.4e+38 298.186828613281 298.022430419922 298.213104248047 298.826171875 299.151489257812 299.511596679688 299.552764892578 300.057708740234
295.561767578125 295.218139648438 295.179748535156 296.057739257812 296.124084472656 296.247314453125 296.37255859375 296.590209960938 296.610198974609 296.642059326172 296.261352539062 296.397674560547 296.226928710938 296.226043701172 296.407928466797 296.216644287109 295.841033935547 296.375518798828 296.220611572266 295.820983886719 295.837280273438 295.157348632812 294.909423828125 294.822692871094 294.591613769531 295.014190673828 295.659851074219 296.005859375 296.645416259766 297.033264160156 296.264739990234 295.839294433594 296.459533691406 297.117980957031 297.312591552734 297.900390625 -3.4e+38 -3.4e+38 -3.4e+38 -3.4e+38 -3.4e+38 298.228546142578 298.375549316406 298.091033935547 298.411834716797 298.860168457031 299.393096923828 299.845428466797 300.080596923828
295.658416748047 295.875762939453 295.772369384766 295.269622802734 295.549926757812 295.71923828125 296.147094726562 296.222534179688 296.270263671875 296.547576904297 296.600891113281 296.325866699219 296.394958496094 296.577056884766 296.300018310547 296.249969482422 295.629333496094 295.527893066406 295.527221679688 295.822235107422 295.642730712891 295.805847167969 295.221771240234 294.638702392578 294.767639160156 294.893798828125 295.884307861328 296.012237548828 296.691833496094 296.946807861328 295.891998291016 295.73193359375 296.011260986328 296.130157470703 296.444580078125 297.026458740234 298.261169433594 298.450622558594 298.29541015625 298.236907958984 298.406005859375 298.684844970703 298.576171875 298.06689453125 298.376800537109 298.908508300781 299.237854003906 299.269226074219 299.403259277344
295.572357177734 295.666137695312 295.585754394531 295.792358398438 295.495178222656 295.444244384766 295.839721679688 296.250396728516 296.452667236328 296.598693847656 296.458190917969 296.151519775391 296.034729003906 296.132110595703 296.087493896484 295.873992919922 295.287170410156 294.861083984375 295.368499755859 295.347412109375 295.398712158203 295.499267578125 295.381683349609 295.098510742188 295.353790283203 295.29833984375 295.779693603516 296.037994384766 295.884521484375 296.705810546875 296.063629150391 295.990173339844 296.538757324219 296.955200195312 297.121948242188 297.100341796875 298.283447265625 298.282867431641 297.980590820312 297.798370361328 298.237243652344 298.424285888672 298.339904785156 298.036682128906 298.355865478516 299.003540039062 299.002258300781 299.0009765625 300.027587890625
295.087127685547 295.423553466797 295.294799804688 295.832824707031 295.969024658203 295.729858398438 295.463165283203 296.02490234375 296.615997314453 296.417175292969 296.255615234375 296.083648681641 295.810821533203 295.924560546875 295.844940185547 295.333435058594 294.858032226562 294.386505126953 295.158630371094 295.154846191406 295.290802001953 295.043334960938 -3.4e+38 295.284545898438 294.949127197266 294.870483398438 295.352386474609 295.513244628906 295.538848876953 296.372711181641 296.157012939453 296.254089355469 296.975006103516 297.156890869141 297.413665771484 297.440795898438 298.213775634766 298.166259765625 297.487762451172 297.354888916016 298.264709472656 298.512420654297 298.339965820312 298.059539794922 298.451507568359 299.06982421875 298.99853515625 298.997253417969 299.908599853516
295.167633056641 294.835510253906 295.340209960938 295.577209472656 295.741638183594 295.6259765625 295.569915771484 295.632568359375 296.330230712891 296.449462890625 296.326385498047 296.341796875 295.979797363281 295.767303466797 295.539611816406 295.250274658203 294.500457763672 294.245300292969 294.531066894531 294.978271484375 295.015350341797 294.459808349609 294.694915771484 294.654937744141 294.560119628906 294.550994873047 295.172760009766 295.247375488281 295.444915771484 295.860321044922 296.162261962891 296.187286376953 296.512969970703 296.481475830078 296.696228027344 297.211120605469 297.566711425781 298.092468261719 297.303527832031 297.467346191406 298.295013427734 298.454345703125 298.492614746094 298.054718017578 298.413238525391 298.823547363281 298.395233154297 298.508453369141 299.571685791016
296.003173828125 295.051788330078 295.399108886719 295.515777587891 295.373779296875 295.425231933594 295.653381347656 295.397430419922 295.644256591797 296.238952636719 296.314270019531 296.513885498047 296.334686279297 295.980407714844 295.478851318359 295.372253417969 294.614440917969 294.326873779297 294.113098144531 294.535491943359 294.683563232422 294.127166748047 294.185424804688 294.003723144531 294.430450439453 294.601898193359 295.398193359375 295.393859863281 295.631713867188 295.945556640625 296.036224365234 296.289916992188 296.430877685547 296.044403076172 296.4033203125 297.102752685547 297.686889648438 297.725708007812 297.359100341797 297.561431884766 297.979095458984 298.148040771484 298.150665283203 297.667877197266 298.158508300781 298.251770019531 298.153778076172 298.723876953125 299.750610351562
296.460815429688 296.008117675781 296.012969970703 295.439483642578 295.488006591797 295.594146728516 295.648590087891 295.357482910156 295.406433105469 295.959869384766 296.137664794922 296.294952392578 296.14013671875 296.179382324219 295.528991699219 -3.4e+38 294.697814941406 294.292877197266 293.816864013672 294.172058105469 293.982177734375 293.640747070312 294.087585449219 294.157531738281 294.58837890625 295.129638671875 295.660278320312 295.964050292969 296.131134033203 296.297729492188 296.160430908203 296.382354736328 296.788452148438 296.647613525391 296.911041259766 297.615081787109 297.947845458984 297.096282958984 297.084381103516 297.421539306641 298.032806396484 298.037017822266 298.022552490234 297.774536132812 298.1630859375 298.128051757812 298.279479980469 299.031036376953 299.412017822266
296.524139404297 296.373352050781 295.752471923828 295.469940185547 296.071014404297 296.145111083984 295.762420654297 295.550872802734 295.497253417969 295.704833984375 295.938507080078 295.969604492188 295.865997314453 295.87939453125 295.160949707031 295.168029785156 294.483673095703 294.390594482422 294.015106201172 293.551422119141 293.387634277344 293.511260986328 294.065093994141 294.264739990234 294.528381347656 295.407073974609 295.671569824219 296.266967773438 296.363647460938 296.43798828125 296.487457275391 296.631469726562 296.691711425781 297.168670654297 297.187927246094 297.286743164062 296.736419677734 296.491333007812 297.35107421875 297.856140136719 298.096282958984 298.058258056641 298.232452392578 298.222961425781 298.465423583984 298.731292724609 298.698974609375 299.031677246094 298.569213867188
296.423309326172 295.738098144531 295.361480712891 295.515899658203 296.370666503906 296.416107177734 296.343322753906 296.174591064453 295.948516845703 295.650787353516 296.279998779297 296.34423828125 296.211822509766 295.954284667969 295.249237060547 294.761505126953 294.607177734375 294.399169921875 294.095916748047 293.182708740234 293.348327636719 294.089813232422 294.421478271484 294.412109375 294.430358886719 295.445739746094 295.925231933594 296.40478515625 296.592224121094 296.839630126953 296.969024658203 296.906646728516 296.973571777344 297.118804931641 296.704437255859 295.722503662109 295.141967773438 296.626647949219 297.557312011719 298.212432861328 297.9658203125 298.214721679688 298.217376708984 298.105865478516 298.731170654297 299.154266357422 -3.4e+38 -3.4e+38 298.438781738281
296.353240966797 295.37255859375 295.569702148438 296.033172607422 296.372436523438 296.495422363281 296.661376953125 296.493835449219 296.316589355469 296.178680419922 296.447875976562 296.502105712891 296.092193603516 295.959594726562 295.50244140625 294.74072265625 294.752075195312 294.217956542969 293.583770751953 293.317169189453 293.946044921875 294.312713623047 294.658660888672 294.926635742188 294.962554931641 295.785949707031 296.287139892578 296.658294677734 296.893371582031 297.053131103516 297.141387939453 296.924011230469 297.169830322266 296.772705078125 295.655456542969 294.205474853516 294.975982666016 296.928741455078 297.374359130859 297.835723876953 298.159484863281 298.190582275391 297.761138916016 297.766387939453 298.416168212891 298.150360107422 297.557495117188 -3.4e+38 -3.4e+38
296.081573486328 295.439880371094 296.031463623047 296.351959228516 296.361938476562 296.42626953125 296.486450195312 296.489196777344 296.378479003906 296.487396240234 296.378265380859 296.396362304688 295.811401367188 295.646179199219 295.353759765625 295.167938232422 294.766540527344 294.363494873047 293.905395507812 293.467620849609 293.932495117188 294.319458007812 294.5615234375 294.922119140625 295.543182373047 295.89404296875 296.167449951172 296.392456054688 296.845855712891 296.966735839844 296.882171630859 296.955749511719 296.730773925781 295.45361328125 294.666046142578 294.5810546875 295.732330322266 296.870330810547 297.076568603516 297.499969482422 298.213775634766 297.735870361328 297.291534423828 297.800476074219 298.504821777344 298.304443359375 -3.4e+38 299.020080566406 -3.4e+38
296.168884277344 295.913116455078 296.216674804688 296.331024169922 296.244720458984 296.244659423828 296.289398193359 296.501770019531 296.353698730469 295.892913818359 295.851104736328 295.858612060547 295.618225097656 295.435424804688 294.800018310547 294.818908691406 294.454010009766 294.407623291016 293.908081054688 293.603607177734 294.045928955078 294.250396728516 294.324279785156 294.544372558594 295.217315673828 295.690155029297 295.756164550781 296.370330810547 296.646514892578 296.526000976562 296.390991210938 296.749542236328 296.201324462891 294.849182128906 294.789459228516 295.470520019531 296.161163330078 296.692901611328 296.7783203125 297.416717529297 297.827697753906 297.395812988281 297.200714111328 297.969543457031 298.563720703125 299.051971435547 298.884490966797 298.589477539062 298.851318359375
296.730865478516 296.580139160156 -3.4e+38 -3.4e+38 296.198852539062 296.320709228516 296.274963378906 296.428741455078 296.258728027344 296.342620849609 296.322967529297 296.102661132812 295.978912353516 295.434387207031 295.01904296875 294.333892822266 294.148071289062 294.463836669922 294.161437988281 293.510223388672 293.691101074219 294.348510742188 295.033477783203 295.045227050781 295.431121826172 295.386749267578 295.866638183594 295.995513916016 295.706085205078 295.390319824219 296.097869873047 294.982788085938 294.45703125 295.255493164062 295.814056396484 295.90966796875 296.052856445312 296.518951416016 296.889495849609 297.222381591797 297.368316650391 297.028564453125 297.073059082031 297.816650390625 298.443023681641 298.791198730469 298.7236328125 298.173126220703 298.833404541016
296.917175292969 -3.4e+38 -3.4e+38 296.18701171875 295.989990234375 296.152709960938 296.26171875 296.260040283203 296.386108398438 296.21728515625 295.703918457031 295.743255615234 295.631011962891 295.496429443359 294.617492675781 294.485687255859 294.678802490234 294.419616699219 293.958190917969 293.265502929688 293.282501220703 293.916351318359 294.592987060547 294.943817138672 295.012786865234 295.36376953125 295.611328125 295.845916748047 295.545959472656 295.340454101562 295.285522460938 294.691925048828 295.082489013672 295.931701660156 296.201812744141 296.152496337891 296.377502441406 296.447357177734 296.836578369141 297.027313232422 297.148712158203 296.922576904297 297.367156982422 297.723327636719 298.157897949219 298.598785400391 298.476043701172 298.161346435547 298.599578857422
296.875732421875 -3.4e+38 296.248809814453 295.868408203125 295.430877685547 295.611694335938 296.215423583984 296.190551757812 296.309783935547 296.143707275391 295.770660400391 295.689788818359 295.237976074219 295.177886962891 294.334228515625 294.847839355469 294.969268798828 294.407684326172 294.017547607422 293.521850585938 292.790924072266 293.470489501953 294.3642578125 294.999206542969 294.641235351562 295.249389648438 295.289642333984 295.788330078125 295.402801513672 294.901275634766 294.333343505859 295.348937988281 295.765411376953 295.9052734375 296.349731445312 296.558746337891 296.718109130859 296.500305175781 296.654083251953 296.831939697266 296.848602294922 296.847595214844 297.529296875 297.553863525391 297.868438720703 298.506286621094 298.255584716797 297.851867675781 298.307891845703
296.337097167969 -3.4e+38 296.211090087891 295.730041503906 295.242248535156 295.276428222656 295.852142333984 295.935638427734 296.293395996094 296.174468994141 296.225891113281 296.027679443359 295.662170410156 295.178161621094 294.736389160156 295.098449707031 294.998199462891 294.337585449219 294.028289794922 293.278869628906 292.432647705078 293.395355224609 294.101470947266 294.580810546875 294.423156738281 294.753967285156 295.345153808594 295.446807861328 294.825378417969 294.451019287109 294.3310546875 295.714996337891 295.933715820312 295.988189697266 296.501953125 296.593383789062 296.717498779297 296.435729980469 296.424652099609 296.575042724609 296.491119384766 296.568817138672 296.933441162109 297.220031738281 297.793670654297 298.260467529297 297.985534667969 297.514251708984 297.964660644531
295.996063232422 296.033081054688 295.947235107422 295.974334716797 295.751434326172 295.828491210938 295.581146240234 295.275238037109 295.433135986328 295.576629638672 295.794708251953 296.150787353516 295.992309570312 295.316467285156 295.014709472656 295.128143310547 294.760162353516 293.505187988281 292.954071044922 292.364868164062 291.980804443359 293.381042480469 294.028259277344 294.154632568359 294.278900146484 294.185943603516 294.921264648438 293.847930908203 294.026062011719 293.538848876953 294.857238769531 295.664916992188 295.817260742188 296.101684570312 296.300537109375 295.708557128906 296.146179199219 296.271148681641 296.306762695312 296.314788818359 296.209289550781 296.2607421875 296.400299072266 297.007934570312 297.72509765625 297.966033935547 297.608642578125 297.319885253906 297.638366699219
295.444427490234 295.884613037109 295.900390625 296.137054443359 296.123107910156 296.269226074219 295.935943603516 295.301727294922 294.975524902344 295.259918212891 295.356079101562 295.619598388672 295.786376953125 295.112030029297 295.030181884766 295.109985351562 294.388824462891 293.466156005859 292.808319091797 292.635284423828 292.160369873047 293.332122802734 294.02490234375 294.000366210938 294.033264160156 293.897766113281 294.612213134766 293.171142578125 294.048675537109 293.812622070312 295.074401855469 295.480590820312 295.68359375 295.937347412109 296.011505126953 295.650604248047 296.052154541016 295.852813720703 296.213623046875 296.139617919922 295.73388671875 295.885406494141 296.405792236328 296.909423828125 297.531768798828 297.50830078125 297.285247802734 297.248352050781 296.882415771484
