rcp4.5models/CNRM_CM5/sc1gr5.39
NCOLS 261 
NROWS 433 
XLLCORNER 336357.134 
YLLCORNER 654653.479 
CELLSIZE 1000 
NODATA_value -3.4e+38 
[rows 132 to 153 of 433, columns 49 to 97 of 261]
299.309326171875 299.127990722656 299.096862792969 298.931579589844 298.367034912109 298.002655029297 297.748718261719 297.208892822266 297.346160888672 297.803619384766 296.824645996094 296.580902099609 296.451507568359 297.646362304688 297.010589599609 296.905670166016 297.066467285156 297.504699707031 297.336517333984 297.702484130859 297.285400390625 297.206146240234 297.015502929688 296.684692382812 296.491455078125 296.237213134766 296.830535888672 297.755432128906 298.086608886719 298.290863037109 299.06689453125 299.028259277344 298.377807617188 297.993377685547 298.049163818359 298.202331542969 298.219116210938 298.099700927734 298.542327880859 298.540649414062 298.199310302734 297.591766357422 297.522277832031 297.339569091797 297.117034912109 297.400146484375 297.363159179688 297.4287109375 297.019866943359
298.427429199219 298.679260253906 299.152709960938 298.664947509766 298.540374755859 298.050018310547 298.273742675781 297.350433349609 297.833679199219 297.849456787109 297.14990234375 296.570983886719 296.068725585938 296.572448730469 297.655029296875 297.535583496094 296.849548339844 296.997222900391 297.5048828125 297.162475585938 297.104187011719 297.512512207031 297.0576171875 296.708740234375 296.73583984375 296.229187011719 296.743865966797 297.429565429688 297.821319580078 298.38330078125 299.114105224609 299.088745117188 298.833221435547 297.864685058594 297.878051757812 297.65234375 297.528289794922 297.995544433594 297.997833251953 297.993194580078 297.985931396484 297.541076660156 297.460052490234 297.347625732422 297.377502441406 297.424652099609 297.023529052734 296.797821044922 296.749969482422
298.465118408203 298.441070556641 298.701202392578 298.334136962891 298.331298828125 298.393920898438 298.170135498047 297.841705322266 297.883453369141 297.590972900391 297.287048339844 296.652496337891 296.528381347656 296.236022949219 297.953277587891 297.802398681641 297.328918457031 296.584503173828 297.287811279297 297.19921875 296.815643310547 297.142303466797 297.038116455078 296.989135742188 296.581146240234 296.226806640625 296.705383300781 297.097778320312 297.575866699219 298.217987060547 298.918670654297 299.120269775391 299.1572265625 298.410949707031 298.087799072266 297.850128173828 297.65966796875 297.769714355469 297.814086914062 297.986236572266 298.495635986328 297.574279785156 297.47412109375 297.514282226562 297.761077880859 297.554443359375 297.214508056641 296.997741699219 296.762481689453
299.174468994141 298.553680419922 298.730682373047 299.154907226562 298.36328125 298.538940429688 298.266479492188 297.795501708984 297.836212158203 297.579986572266 297.018463134766 297.386993408203 296.377624511719 296.760589599609 297.253173828125 297.088317871094 297.01123046875 296.781677246094 297.075103759766 297.038909912109 296.873107910156 297.198211669922 297.063049316406 297.267639160156 296.911254882812 296.520874023438 296.671813964844 296.843414306641 297.516723632812 298.338928222656 298.814086914062 299.103302001953 299.108032226562 298.840728759766 298.761291503906 298.675323486328 298.452392578125 298.013000488281 297.940612792969 297.872894287109 298.334014892578 297.743041992188 297.663848876953 297.567108154297 297.580322265625 297.529907226562 297.166961669922 297.293212890625 296.665466308594
299.161193847656 298.704833984375 298.645141601562 298.934661865234 298.397674560547 298.406921386719 298.02099609375 297.763061523438 297.138214111328 297.067047119141 296.852294921875 297.089935302734 296.75390625 297.07275390625 296.952270507812 296.874816894531 296.670227050781 296.812164306641 296.851470947266 296.895568847656 296.878845214844 296.848175048828 297.107574462891 296.837799072266 297.122253417969 296.6416015625 296.497344970703 297.033813476562 297.494262695312 298.295806884766 298.743316650391 298.604644775391 298.979858398438 299.019927978516 299.031829833984 298.827392578125 298.659393310547 297.958892822266 297.788452148438 297.691772460938 297.843383789062 297.988037109375 297.773529052734 297.596069335938 297.487457275391 297.632019042969 297.148468017578 296.671722412109 296.597900390625
298.960357666016 298.735229492188 298.465942382812 298.600891113281 298.399963378906 298.461334228516 297.877288818359 297.825500488281 297.416839599609 297.161041259766 296.789489746094 296.402313232422 296.94873046875 296.683013916016 296.838348388672 296.809020996094 296.552185058594 296.07177734375 296.638977050781 296.779266357422 296.78125 296.909362792969 297.158874511719 296.839202880859 296.722442626953 296.637451171875 296.461700439453 296.766204833984 297.277801513672 298.356414794922 298.485015869141 298.095947265625 298.500396728516 298.607330322266 298.482696533203 298.897430419922 298.585815429688 297.864501953125 297.832122802734 297.489166259766 297.677642822266 297.699554443359 297.608001708984 297.695983886719 297.564575195312 297.538848876953 296.9140625 296.987487792969 297.092132568359
298.591674804688 298.639434814453 298.772583007812 297.951965332031 298.078125 298.101257324219 297.904174804688 297.951019287109 297.730255126953 297.515655517578 296.744079589844 296.629852294922 296.659210205078 296.906433105469 296.911315917969 297.005706787109 296.546051025391 296.507354736328 296.665496826172 296.118286132812 296.240570068359 296.126037597656 296.491943359375 296.664001464844 296.567810058594 296.655364990234 296.638244628906 296.587249755859 296.733123779297 297.579437255859 297.779479980469 297.842956542969 297.746795654297 298.002624511719 297.829437255859 299.029266357422 298.8564453125 298.152099609375 297.966857910156 297.904510498047 297.392364501953 297.470001220703 297.505157470703 297.529876708984 297.458801269531 297.587982177734 297.577545166016 297.5390625 297.335784912109
299.314666748047 299.266265869141 298.711547851562 298.339813232422 297.884338378906 297.875183105469 297.844085693359 297.735870361328 297.249847412109 297.143432617188 296.113983154297 296.605560302734 296.766784667969 297.008026123047 297.480804443359 297.079467773438 296.848693847656 296.667327880859 296.685760498047 296.375152587891 296.620544433594 295.941253662109 296.508575439453 296.063049316406 296.502197265625 296.567504882812 296.717437744141 296.470550537109 296.566864013672 297.183044433594 297.646057128906 297.323608398438 297.519500732422 298.240356445312 298.184906005859 299.018249511719 298.795440673828 298.0546875 297.949829101562 297.889953613281 297.413055419922 297.661834716797 297.564910888672 297.281463623047 297.297698974609 297.670013427734 297.451232910156 296.811767578125 296.682708740234
299.931396484375 299.671783447266 -3.4e+38 299.2373046875 298.655670166016 297.872436523438 297.846160888672 297.543365478516 297.323394775391 297.001800537109 297.119659423828 297.318695068359 297.157592773438 297.343811035156 297.743072509766 297.43603515625 297.297180175781 296.628326416016 296.667999267578 296.261810302734 296.680206298828 296.528442382812 296.4814453125 296.271209716797 296.589508056641 296.521789550781 296.762451171875 296.473510742188 296.509613037109 296.725402832031 297.487091064453 297.226013183594 297.626281738281 298.337341308594 -3.4e+38 298.548065185547 298.776550292969 298.32666015625 298.315032958984 298.217620849609 297.843505859375 297.954162597656 297.668121337891 297.395660400391 297.338897705078 297.545074462891 297.388000488281 296.590026855469 297.030670166016
299.953491210938 299.865203857422 -3.4e+38 299.618530273438 298.90966796875 298.674468994141 298.292053222656 297.645782470703 297.837188720703 297.707702636719 297.899383544922 298.046508789062 297.549957275391 297.815246582031 297.972839355469 297.696960449219 297.47998046875 296.674163818359 297.122467041016 296.735473632812 296.867340087891 296.815002441406 296.522735595703 296.61669921875 296.647979736328 296.615447998047 296.757904052734 296.463043212891 296.458160400391 296.469940185547 296.783538818359 296.986694335938 297.506164550781 297.902374267578 298.274230957031 298.440460205078 298.585052490234 298.323120117188 298.492767333984 298.421020507812 298.148193359375 298.201477050781 298.075958251953 297.967437744141 297.764678955078 297.901428222656 297.670074462891 297.238159179688 297.513793945312
299.808074951172 300.027099609375 300.044525146484 299.829345703125 299.696411132812 299.458404541016 298.813537597656 297.700897216797 298.026763916016 298.368041992188 298.650482177734 298.395050048828 298.187164306641 298.076629638672 298.181884765625 297.830657958984 297.444793701172 297.30419921875 297.570434570312 297.288757324219 297.482727050781 297.468292236328 297.002868652344 296.604888916016 296.955688476562 296.757629394531 296.767395019531 296.632873535156 297.002807617188 296.69580078125 297.059631347656 297.118133544922 297.502746582031 297.631713867188 298.20654296875 298.504943847656 298.385406494141 298.290435791016 298.366180419922 298.247406005859 298.169738769531 298.261810302734 298.181030273438 298.219329833984 298.056274414062 298.126373291016 297.614410400391 297.73681640625 297.5751953125
299.749114990234 299.816284179688 299.712768554688 299.876403808594 299.783477783203 299.562103271484 299.334991455078 298.725219726562 298.708892822266 298.846527099609 298.934936523438 298.589263916016 298.649291992188 298.367218017578 298.537902832031 297.830871582031 297.135559082031 297.673126220703 297.686462402344 297.505798339844 297.696685791016 297.701171875 297.372131347656 296.907135009766 297.381134033203 296.763275146484 297.224517822266 297.171325683594 297.113464355469 296.840576171875 297.39599609375 297.366638183594 297.595642089844 297.917572021484 298.283721923828 298.491394042969 298.338928222656 298.328094482422 298.291229248047 298.139831542969 298.155792236328 298.264099121094 298.211669921875 298.259979248047 298.276275634766 298.123718261719 297.681701660156 298.053924560547 297.816375732422
299.739410400391 299.698150634766 299.302886962891 299.197479248047 299.580261230469 299.527587890625 299.52001953125 299.480529785156 299.105926513672 299.084167480469 298.958740234375 298.850433349609 298.771087646484 298.666870117188 298.569427490234 297.870483398438 297.480133056641 297.509002685547 298.15283203125 298.059112548828 297.771514892578 297.529907226562 297.241058349609 297.071594238281 297.528991699219 296.865447998047 297.645385742188 297.443115234375 297.380950927734 297.226287841797 297.492828369141 297.381958007812 297.386993408203 297.793273925781 298.258331298828 298.289672851562 298.260986328125 298.363433837891 297.935882568359 297.658874511719 297.924255371094 298.112731933594 -3.4e+38 298.155029296875 298.186096191406 298.108642578125 298.077819824219 298.279235839844 298.096923828125
299.717041015625 299.465454101562 299.190734863281 298.892669677734 299.067779541016 299.157684326172 299.078857421875 299.508087158203 299.152221679688 299.148803710938 299.186065673828 299.053741455078 298.881469726562 298.749938964844 298.555450439453 298.199645996094 297.685729980469 297.337127685547 298.271575927734 298.299743652344 297.808410644531 297.491424560547 297.390502929688 297.455627441406 297.602508544922 297.390686035156 297.658813476562 297.5419921875 297.463134765625 297.554321289062 297.723480224609 297.360412597656 297.256500244141 297.565216064453 297.838958740234 298.264434814453 298.198791503906 298.341522216797 297.960754394531 297.116516113281 297.278533935547 297.876098632812 298.069488525391 297.922698974609 298.151947021484 298.084991455078 298.204772949219 298.169250488281 298.190765380859
299.715881347656 299.487396240234 299.207702636719 299.112457275391 299.106689453125 299.124664306641 298.965972900391 298.918701171875 299.020263671875 298.922729492188 299.081909179688 299.228759765625 299.141723632812 298.860961914062 298.657531738281 298.258972167969 297.954986572266 297.927307128906 298.418640136719 298.281005859375 297.747802734375 297.835845947266 297.830993652344 297.838745117188 297.693695068359 298.094207763672 -3.4e+38 297.669921875 298.055603027344 297.601531982422 297.72607421875 297.355743408203 297.236633300781 297.41796875 297.519134521484 298.130706787109 298.168426513672 298.225646972656 298.173431396484 297.451477050781 297.239074707031 297.457672119141 297.489013671875 297.550140380859 298.022674560547 297.655609130859 298.140106201172 297.891723632812 298.185913085938
299.253967285156 299.306274414062 299.191284179688 298.953857421875 298.837371826172 298.790771484375 298.378753662109 297.985321044922 298.284423828125 298.365753173828 298.584014892578 298.456329345703 299.272552490234 299.253326416016 299.036682128906 298.562530517578 298.422973632812 298.544616699219 298.635833740234 298.549530029297 298.359802246094 298.428771972656 298.290557861328 298.100646972656 298.243072509766 298.602203369141 298.436706542969 298.090972900391 298.365447998047 297.665802001953 297.595001220703 297.426391601562 297.099945068359 297.156311035156 297.406616210938 298.310638427734 298.277374267578 298.347717285156 298.269073486328 298.031280517578 297.633178710938 297.255645751953 297.226837158203 297.167205810547 297.294494628906 297.251617431641 297.895904541016 297.89453125 297.873626708984
299.405517578125 299.185974121094 298.852600097656 298.851440429688 298.679748535156 298.491119384766 297.791473388672 297.229797363281 297.593383789062 297.377655029297 297.883728027344 298.105010986328 299.388549804688 299.404663085938 299.214965820312 298.930725097656 298.664794921875 298.622192382812 299.128570556641 298.975311279297 298.670867919922 298.652648925781 298.563690185547 298.389312744141 298.5859375 298.641510009766 298.383819580078 298.065521240234 298.125823974609 297.517913818359 297.516906738281 297.279693603516 297.043670654297 297.115753173828 297.208038330078 298.037475585938 298.363677978516 298.090911865234 298.259552001953 298.042297363281 297.930694580078 297.337127685547 297.229095458984 297.155242919922 297.0849609375 297.068450927734 297.224731445312 297.418304443359 297.471282958984
299.505157470703 298.950897216797 298.72216796875 298.813110351562 298.349975585938 298.439910888672 297.721343994141 297.182525634766 296.834411621094 296.465728759766 297.294677734375 298.46826171875 298.970062255859 298.955017089844 298.920623779297 299.025207519531 298.714782714844 298.670288085938 298.941864013672 299.112976074219 298.608062744141 298.269897460938 298.622253417969 298.489929199219 298.638000488281 298.682556152344 298.362457275391 297.883636474609 297.617309570312 297.414337158203 297.477783203125 297.067199707031 296.974792480469 297.258880615234 297.196472167969 297.704833984375 297.926055908203 297.900787353516 298.356994628906 298.120086669922 298.019958496094 297.555633544922 297.235198974609 297.224426269531 297.164947509766 296.921600341797 296.870727539062 296.974487304688 297.254699707031
298.886901855469 299.157501220703 299.062591552734 298.642547607422 298.366424560547 297.852844238281 297.366546630859 296.563659667969 295.317077636719 296.895385742188 297.904144287109 298.216552734375 298.631805419922 298.242431640625 298.693939208984 298.440277099609 298.758361816406 298.614074707031 298.231964111328 298.57275390625 298.583160400391 298.076721191406 297.993011474609 298.149108886719 298.291839599609 298.314025878906 298.164978027344 297.888244628906 297.755126953125 297.995544433594 297.716125488281 297.453369140625 297.156677246094 297.281799316406 297.018371582031 297.166687011719 297.292572021484 297.391235351562 297.153900146484 297.708587646484 298.080169677734 298.174987792969 298.289001464844 298.146057128906 297.076965332031 297.027435302734 296.860931396484 296.916961669922 296.965545654297
298.438873291016 299.217468261719 299.305938720703 299.076232910156 297.914855957031 297.836364746094 297.429412841797 296.183349609375 295.577423095703 297.329040527344 298.063598632812 298.216400146484 298.2158203125 298.055328369141 298.304443359375 298.491943359375 298.408935546875 298.291870117188 298.078979492188 298.201263427734 298.439392089844 298.422241210938 298.084167480469 298.120971679688 298.109771728516 -3.4e+38 -3.4e+38 297.816864013672 297.931365966797 297.866729736328 297.713500976562 297.426330566406 297.115875244141 296.777679443359 296.677124023438 296.717468261719 296.728118896484 296.88916015625 297.188110351562 297.144836425781 297.592834472656 297.885986328125 298.387054443359 298.295013427734 297.787261962891 297.125518798828 296.86328125 296.979705810547 297.012878417969
298.875183105469 298.405151367188 298.762298583984 298.678466796875 297.970062255859 297.465606689453 297.364349365234 296.056884765625 295.604248046875 296.765686035156 297.338958740234 298.036590576172 298.053344726562 297.871246337891 298.095275878906 298.293792724609 298.106994628906 298.179382324219 297.975036621094 297.817260742188 298.125152587891 298.282135009766 298.127807617188 298.100524902344 297.995391845703 298.000854492188 -3.4e+38 -3.4e+38 297.928405761719 297.977111816406 297.639892578125 297.339019775391 297.186187744141 296.723785400391 296.818450927734 296.822967529297 296.531463623047 296.904510498047 297.056976318359 297.071044921875 297.259307861328 297.376129150391 297.873901367188 298.371124267578 298.257843017578 297.659484863281 297.01708984375 296.944152832031 297.055603027344
299.009918212891 297.366302490234 297.806427001953 297.763031005859 297.432403564453 297.222320556641 297.317138671875 296.051422119141 295.405792236328 295.324066162109 297.331298828125 297.741333007812 298.079345703125 298.090454101562 298.206970214844 298.387359619141 298.026611328125 297.972625732422 297.762145996094 297.688232421875 297.907470703125 298.134643554688 298.107269287109 297.993560791016 297.9013671875 297.729034423828 297.859039306641 297.88525390625 298.098266601562 298.119720458984 297.651947021484 297.398468017578 297.089111328125 296.93798828125 297.004943847656 297.018402099609 296.514709472656 296.746337890625 296.578125 296.945007324219 297.224456787109 296.827392578125 297.485290527344 297.933258056641 297.827728271484 297.654296875 297.12255859375 296.950134277344 297.050842285156
