rcp4.5models/CNRM_CM5/sc1gr2.2
NCOLS 261 
NROWS 433 
XLLCORNER 336357.134 
YLLCORNER 654653.479 
CELLSIZE 1000 
NODATA_value -9999 
[rows 308 to 329 of 433, columns 200 to 249 of 261]
306.106561580175 311.987395011743 315.961478879429 316.373750483064 318.148498042161 318.663615123955 317.828954266418 317.461406671068 316.559154704658 311.977838592421 305.948731285681 306.225851110915 307.229765229947 305.64544344512 318.46350789025 319.154872061933 319.551843011643 318.759265801486 320.269317379983 321.285968511111 321.647263740219 319.492816481402 316.124326072455 316.843557351614 320.708117349736 320.871602173105 320.942061025344 321.279447165015 320.986681593111 321.390190416061 321.958663768124 323.30261573314 322.49102462341 322.593771698494 322.868078681209 324.126522098441 324.039261378037 322.914661339682 323.370177024655 323.410480204969 324.191248141731 325.356812693443 325.591759549934 326.42091411256 326.452694446096 326.682516597124 327.515722725603 327.546977400502 327.168069662428 327.974079530422
310.497327273034 312.800409771193 311.115839462159 316.785337970189 317.993613148865 318.258712477453 317.8298650241 316.579120066605 313.410135519239 310.482943501728 306.480635051227 308.076729505182 308.368752599131 305.764508664528 315.997628288717 319.192902892173 320.057128166211 319.388744818733 320.711086958836 321.378374774775 320.39681304381 318.535340643079 318.243766594461 316.641067594441 317.320159910128 320.959635201374 321.329554721401 321.30695812305 321.426421421077 321.561457251484 322.38348603932 323.53651577618 322.228129459193 322.94913602614 322.828816323395 323.668035738398 324.053068601459 323.870104374408 324.155223097614 323.936690150542 324.397021949426 324.884279393703 325.459602444596 325.944217706842 326.437976670344 326.552110804956 327.032613628265 327.532326499726 -9999 328.036598228441
309.067780747181 311.32754819795 307.525702839851 314.630807832494 316.348305991439 317.927295763833 317.113320735549 313.660889735419 310.037085274432 308.199927653965 306.320340647782 307.794675056931 309.948315028029 309.195020973142 314.718007448991 319.103663160861 319.969855374971 320.547681080046 321.107208861885 321.126110347927 319.534721083541 318.455573281121 319.393397686913 317.576470782314 314.228794623202 317.129336821513 322.236989981927 322.028413514288 322.411255209163 322.447465363048 322.678196930162 323.087751681155 322.211937974266 323.029268558086 323.063153569255 323.428599591076 324.576520754075 324.196748476855 324.229661672027 324.262388719467 324.411045271036 324.871432603723 324.898976564608 325.475298530406 325.844773706124 325.874840497144 326.098224042735 326.934413696787 327.103943123376 327.610501276324
306.816864284517 309.483741092451 309.731170676076 313.726349482443 316.490205236114 317.90883187742 317.05527810554 313.571756384422 310.091159307109 308.52565711917 307.82961606726 307.44555518297 309.231766626854 309.24069568816 317.538728288005 319.324758197787 319.605410335632 320.512767902421 320.899213483085 320.590622643911 319.40886017638 319.2049144269 319.717444198845 318.64074441414 313.381999168764 314.826444106513 322.647194014213 322.377001099305 -9999 -9999 322.911464401981 322.850106383802 322.514136694168 322.693492177613 323.61042946463 323.829490838088 324.459599384467 324.181927340442 324.214864686872 324.363402062571 324.938410821485 325.11273731061 324.42893181923 324.913484913578 325.295784312712 324.9726452909 325.552041676812 326.031026914294 326.642549506041 327.008072700672
308.464860183004 310.63128953069 312.442824006809 315.612335679064 317.23595886196 317.010380022651 317.035916772701 315.453859778546 313.739078925314 312.691331949938 312.363752380709 310.894553174936 309.073041256783 309.368317596545 318.864279393202 319.30983526096 319.5894903059 320.387566054267 320.42592616449 320.355891155593 320.044896224923 319.702831293087 318.968104702074 319.402375766307 314.991403140338 315.249005486405 322.104544202814 321.768292072914 321.963086341414 322.861831005973 323.017469455175 323.368619704941 322.751316684811 322.305467140742 323.590131413224 324.185075194659 324.66525161815 324.16711396824 324.315556613516 324.889679106947 325.26537158784 325.213150219498 324.904756484841 325.020971610286 325.200343781547 324.617432237297 325.457022690324 325.677057937548 326.073322157141 326.581320655948
307.521979787911 310.510169420143 314.123438052884 316.774172220675 316.459882439916 315.450057486885 316.031811331557 315.646059600674 313.384386825157 314.248015257199 315.690343456283 314.544019731983 313.387582814035 309.643831362466 313.579922005565 318.520032914058 319.557510043571 320.357664161441 320.52334112979 320.74197840504 320.120613395935 319.857448253358 318.371926447751 320.603411460079 320.07872376872 318.575415214797 320.498424469097 321.533472305114 322.229854997587 322.048253679949 322.86674388171 323.11433710863 323.630825445023 322.504502817986 322.767551136954 324.037426388589 324.070958079769 324.791658956826 325.170432639764 325.203216820888 325.235813730434 325.268248947312 325.300487337496 325.332546272791 325.364436602039 325.286899800731 325.064534228615 325.902660368209 326.3390850382 325.732716126152
305.953713326789 307.461021198923 314.959694378584 316.075089784552 315.372312891508 314.54819809949 315.254058157151 315.233752478774 313.839688030088 315.984720304901 315.788176629684 315.595109598457 316.860486140069 315.367814344309 311.337125536318 318.50397104552 319.54141421971 320.342583913946 320.615333188613 -9999 320.039361744856 320.389030073963 320.179256557765 320.793673696169 321.379056570108 320.862980622965 321.360874968408 321.965099957909 322.68525867411 322.467213362916 322.851800603803 323.098110980296 323.710577298747 322.863025988026 322.731383702823 323.460272231028 323.492436624979 324.669642221728 325.155622530312 325.188422962642 325.221032648059 325.142579901826 324.711911356321 324.742464570004 324.881768152818 325.302547451903 325.148874531286 325.815870703154 326.431716214308 326.198040280474
306.151475891405 306.808968666232 314.787591882385 315.076188039836 314.401486386079 314.766378859399 315.690486388494 316.17920029069 315.754471527282 316.500190958561 316.432228074479 316.365902085632 316.976788805498 316.648560352161 314.812152452022 319.024929517432 319.936071255662 -9999 -9999 -9999 320.089000560807 320.478658240185 320.392120551199 320.23181302006 321.062830172745 321.273135271743 321.696429708046 321.948875866467 322.767087075626 322.802073615119 322.95462186437 323.521356067818 323.696969958932 323.055799514243 323.419315760995 323.007668759048 323.041233754812 324.194089836227 324.573208514524 324.715876614749 325.206252419055 325.046441785587 324.38030766097 324.87812063374 324.990883389868 325.366768735185 325.504986485457 325.981411923586 326.012133234635 326.522985331269
307.777674563742 308.022066489944 313.815600855007 314.70987744363 314.408350327733 314.693064241109 315.55756775206 316.248829507188 316.233187552879 316.954650141792 316.995262233712 317.046222978636 316.986089275518 316.492557113609 318.306098801877 319.062184642479 320.273544895118 -9999 -9999 -9999 320.72004629047 319.920385006016 319.976218005242 320.062227048768 320.371015568159 321.609792169812 322.231460916378 322.364956454523 322.75208360231 322.787097365477 323.032677975793 323.856457384476 323.799061590659 323.459723456897 323.42331817918 323.440714892131 323.13943548546 324.092957152234 324.237064253547 324.811280397792 325.081731399136 324.679613969636 324.910141197899 325.39608147764 325.78952501908 325.352080943107 325.460399388409 325.758447380107 325.654756542076 326.508412693283
308.500259533514 307.412603298005 312.424598207752 314.596955012828 314.267223342968 313.552255334913 312.565543289518 314.189432224943 315.782006527562 316.630028956826 317.040448725396 317.159811758214 317.385874637325 316.533641793528 317.771907295531 318.564952646539 319.846849764088 320.297012787104 -9999 320.832672194316 320.660409197424 319.868368915979 319.587733749959 319.997059698514 320.305492289095 321.16747937316 322.116564021239 322.150819122784 322.184830283315 322.33549983826 322.900186343885 323.285455454562 323.433461144381 323.819851682474 323.593336732216 323.776771489911 323.09869368242 323.967237145319 323.848746217159 325.144024008102 324.985712655416 324.398472348421 325.241507728608 325.459537154403 326.227495759459 325.809487547723 325.369018844783 325.400473637351 325.535964629479 326.010169696203
309.573821274942 309.502883197248 312.76418107422 314.454290161044 313.368594381697 312.563365212075 310.072392570749 311.290346264051 313.191738382513 315.743499594124 316.687567035532 317.249010016432 317.932631886069 317.267666057475 317.810250314136 318.439308018207 319.225710377237 319.329958250226 319.904870329083 320.48153328854 320.691631467559 319.665433600353 319.047926747343 319.728614196096 320.543360650647 320.678473428583 320.747367755232 319.953818846662 321.722025976527 321.967003642911 322.791912845607 322.711755151148 322.622860282407 323.895164295071 323.816429489193 323.426326571774 323.559066881396 323.868647575206 323.263550248718 324.101622217205 324.510764146133 324.274974780126 324.760747789317 325.337438820529 325.715295236475 325.564642507787 324.879332804415 325.385840764259 325.930256091864 325.651535251323
309.693550188435 312.421214988309 313.892583158705 314.458038686382 312.780814191723 312.259235791729 311.017978335156 309.7819766479 311.582936498946 315.305814948432 316.656821174168 317.233025358922 318.030594890821 317.728698130468 318.275900335208 318.833568456035 319.120228057834 318.911119659638 319.533886215898 320.5701984389 321.051247715533 319.857599633495 319.643188727258 320.136690095063 320.528203649994 320.564437281328 317.638907389799 319.27066121745 321.271394373225 321.95071923793 322.662221568951 322.278872107598 322.58317987993 323.322144307075 323.266692244348 323.035232171872 323.530141546813 323.96437996571 323.647889790734 323.656492467797 323.684900316059 324.285988934262 324.863207121724 325.244185367349 325.276198369202 325.23214283576 324.99298516612 325.371196473715 326.36183789701 326.120359930429
311.190761951044 313.341410915741 314.223706599967 313.982179818474 312.522206813534 312.829785042409 312.85904537399 310.875554973268 312.345198044066 315.283534326907 316.751303473322 317.619686878023 318.01549105202 317.817127479456 318.243789789404 318.76288313922 319.336830067095 319.541887501525 318.978777085053 320.014014067755 320.842682155339 320.944599092453 320.862664858454 320.47649108799 320.513019174042 320.549279891769 317.845102509211 319.867488620262 320.901070672322 321.81982490353 322.116273803121 322.000515563657 322.831025702679 322.865275347103 322.899333390321 323.043601964738 323.504537528181 323.577256267614 324.06670104231 324.018169727097 323.781718196083 324.244280447862 324.730038424508 325.229467613281 325.261508467745 325.293368934295 325.325054997647 325.356555306757 325.93575863962 326.450127648764
313.406003587437 314.096392614904 314.420715739702 313.649757276174 312.507234990018 312.73098410895 313.798259989098 313.030096351643 312.0342217515 313.539802540213 314.649404531896 317.243099730576 318.000389737868 317.929325544 318.653783981935 318.68769369227 318.925331460234 319.609844588008 319.45600253813 320.077052898785 320.993258452367 321.387340768965 321.323844016187 320.886475705604 320.497837443633 320.53412832176 320.154592094687 320.401008075773 321.206714785302 321.273540384023 321.746896894896 321.98422968488 322.704320891186 322.403871314357 322.774094625283 322.553751826331 323.4142933949 323.666022457466 324.051876931744 324.084817046882 324.117568693678 324.150132508318 324.260313118913 324.744681093642 325.246817753129 325.278691665345 325.310397314922 325.34192555864 325.475124154337 325.949153859262
313.647385203748 314.307214018103 314.456066739989 312.016434811457 308.312129156808 313.056727102721 313.782064836413 314.483848392223 313.185182688155 313.194033785302 313.131301709458 316.807421328287 317.796006448861 318.431599891328 318.694357589881 318.920946029835 318.56395921339 319.86325251463 320.258967138306 320.400254887443 320.794331537608 320.950129506999 321.409215151389 321.228879737126 320.482652936837 320.518970343729 320.59085473637 320.834853615995 321.568982346399 321.340758593952 321.844262660073 322.41084672161 322.712435429516 322.590384980785 323.231937117389 322.657516127625 323.582781797598 324.003916315959 324.037055285923 324.070019826348 324.10279090586 324.13538169296 324.167803605618 324.378316816229 325.333479758402 325.739294929265 325.295742638838 325.426376123671 325.389935176647 325.586702342528
313.595609715736 314.810029593708 313.94741282393 304.715295300692 299.211766294532 309.229670977894 313.855221418409 314.634482518729 314.849279361106 314.790430695062 314.796217949784 317.081545995392 317.802386013433 318.367837655342 318.215750750495 318.548282391798 318.501289899082 319.668523510852 319.705765139672 319.742711655105 319.898895386437 320.457591556189 320.969832375609 321.332198307676 321.011983895901 320.933522774382 321.123799013857 321.140216405258 321.096258997801 321.354866273679 322.248458119093 322.197312661493 322.340696769254 322.798082280598 322.760788300717 322.973439769955 323.361268332751 323.425365104053 323.562080698951 323.950992904295 323.623456339798 324.120631661381 324.255015417514 324.83338376565 325.291960443661 325.699968362858 325.858208668595 325.962792548454 325.37535523701 325.570507641965
313.498469051645 314.19291200498 310.361898359349 294.428410647848 289.987295488398 300.87081723999 311.065768021244 314.80601169101 315.357301234011 315.716341842112 316.643777058944 317.556955343547 317.829724327277 317.463188063031 317.67965228689 318.16703166672 318.257267742595 318.653563414151 318.690802263072 318.847365391412 319.405548453112 319.918898214295 320.595472179243 321.415647933804 321.452269155772 321.392559918033 321.560635206208 321.390309760256 320.744015919666 321.399860798704 322.170276501463 322.290564977784 322.304642942732 322.162352514028 322.03298265575 322.873571270929 322.907316138179 322.974240656769 323.191746791011 323.961263261533 323.719067174884 324.004077826153 323.744729134718 324.59846650074 324.728539093998 325.307580099759 325.689684025055 325.71971255725 325.942345711817 326.042794805247
313.898478687313 314.324517454889 309.819365415565 296.683406882944 286.034636351544 284.193845106823 288.46456108026 309.06754745049 315.591365987334 316.116679025265 316.370242280143 316.102739506224 316.148500161785 315.443285711744 317.482607777773 316.976694992499 316.761180174546 317.279679702265 317.940472096183 318.816216249462 319.156129019629 319.008680961927 320.002938499019 320.369555221236 320.24714306332 320.122512654794 321.282981350041 321.891287967787 321.071966431112 321.277427756331 321.671817616114 321.902820656342 322.741226035873 322.775606409034 322.916058718235 323.485780588761 323.795300091109 323.761282209891 323.159275990755 324.088875462464 324.476632236161 324.431954609163 324.208129811835 324.61437903158 324.246128491857 324.63081046537 324.757061125479 -9999 326.331679022261 326.362840479108
314.7822151413 315.340390227837 311.825605276016 303.244785246406 296.664659889841 287.215796266763 284.206288745922 305.879949672385 314.765188623058 316.015915263899 314.793271757419 311.643687545926 314.826892663558 311.998743259001 316.936420939429 316.513110537039 316.396524957578 317.903036606037 318.719748674975 318.859909239153 319.04153621039 318.726420236104 320.225206145706 319.875380010309 319.957583794737 320.082431959525 321.172599818466 321.709206334544 320.786985121129 321.621782899511 321.656826749188 321.778753193029 322.278908459495 322.760676186679 322.878752587717 323.375214127399 323.862707375744 323.850186578931 323.605439667403 323.996082869128 324.02897438781 324.160800540455 324.738182252376 325.053382235358 324.634792070954 324.190756846197 324.292611447113 324.771098316041 325.341056685431 326.348318325444
314.665496894133 315.058238440914 313.639675957092 306.446181983085 299.993073428821 287.379591571007 283.031723745001 302.917118556074 313.53656541456 314.635001997758 310.864431698027 309.292764910455 315.170725352307 313.473934331673 316.521353109218 315.8475768747 313.861752215628 317.398560653874 318.651822791678 318.85890539259 319.143796258345 319.133296766881 320.226909393786 320.016737911216 320.391678748614 320.428106479247 320.703230389396 321.445057784918 321.210379761905 321.715384234076 322.193370858848 322.229481704597 322.350922989058 322.745748543414 322.675310801234 322.442090467536 323.288435438595 323.352772703443 323.384644456846 323.516148675684 324.014226941523 324.02346797888 323.940696854621 324.163227384917 324.976812974245 324.271039749391 324.689419016243 324.308031408821 324.435048167747 325.351469460865
313.724419275521 314.476028046154 314.763644939469 304.273626910045 298.33329066363 289.181052671739 286.492219384249 305.262855155291 313.703413219672 313.980441078951 310.472199109967 312.605821253421 315.664641496282 315.993221548512 315.692130713048 315.756525743835 313.612065575378 315.838925529088 318.612682524501 318.670679906939 319.651014838959 319.363841969502 319.876480594025 320.339873847373 320.376572354739 320.413028924942 320.686973743718 321.520957351764 321.556487653227 321.680042757302 322.075622239973 322.109219213954 322.248068396389 322.62616441577 322.125866179623 321.983934502791 322.730764620016 322.438911091307 322.933465929246 323.141857711408 323.999493742756 323.860770257607 323.161332759394 323.907461158334 325.058522104912 324.80499566319 325.12461583688 324.709574668943 324.378635563915 324.940234067034
313.438031801574 314.421514954732 314.935046492856 306.395960650209 301.571295882682 297.694351787468 295.981631238109 308.447538733126 313.994266903764 314.572646462666 313.700300796867 314.91684728251 315.322326750419 315.501798944106 315.346135506404 316.037008159646 316.144003900033 316.867118891217 319.056600561707 318.984171752661 319.576302012944 319.250651550353 319.497877509985 320.324793979374 320.361494553402 320.397963157038 321.107281450527 321.505953742354 321.54149808885 321.576815045677 321.61190867982 321.646802774745 321.765941231109 321.973895690759 321.297170233199 321.865477825352 322.17929374898 322.52487193629 322.918702796579 323.027550178695 323.516208701008 323.84753908698 323.218227825193 324.248721632247 325.114808292158 325.053857463255 324.69613295651 325.143438383642 324.828538514682 324.659669943697
