rcp4.5models/CNRM_CM5/sc1gr2.30
NCOLS 261 
NROWS 433 
XLLCORNER 336357.134 
YLLCORNER 654653.479 
CELLSIZE 1000 
NODATA_value -3.4e+38 
[rows 330 to 351 of 433, columns 147 to 195 of 261]
267.871612548828 270.649627685547 271.917297363281 273.388397216797 272.577026367188 272.172973632812 273.201538085938 273.249603271484 273.300933837891 274.199401855469 275.707336425781 276.136322021484 276.51806640625 276.386749267578 275.930419921875 275.316650390625 274.206268310547 274.559722900391 277.568389892578 277.567260742188 275.8818359375 274.911804199219 294.011474609375 311.073974609375 308.60498046875 300.188415527344 292.664916992188 287.713531494141 278.086395263672 273.2822265625 282.904754638672 291.984313964844 300.245422363281 307.998626708984 311.650604248047 314.930114746094 313.93310546875 314.846801757812 314.918609619141 316.556823730469 318.408203125 319.630004882812 320.538818359375 322.241577148438 322.696411132812 318.143035888672 317.243988037109 317.675964355469 321.645874023438
266.901763916016 270.045227050781 271.578643798828 272.581878662109 272.280670166016 272.03662109375 272.890594482422 273.259582519531 273.296905517578 273.337890625 274.409851074219 273.637908935547 275.348785400391 275.565521240234 274.609100341797 274.653564453125 274.700988769531 275.562072753906 276.791870117188 275.51318359375 274.874145507812 274.762542724609 293.978179931641 304.295745849609 311.635650634766 311.462768554688 305.304016113281 301.253601074219 290.385192871094 285.002014160156 290.933013916016 296.452209472656 305.352508544922 314.967193603516 314.276245117188 315.457733154297 313.88037109375 313.644409179688 314.569274902344 316.558502197266 318.690399169922 321.052886962891 322.923187255859 324.278594970703 324.573974609375 316.610321044922 315.354278564453 318.778045654297 322.488403320312
265.235321044922 268.832275390625 270.237426757812 271.7548828125 272.479217529297 273.173919677734 273.398651123047 273.416534423828 272.634490966797 272.700347900391 274.434143066406 271.999542236328 273.873657226562 275.41064453125 274.795684814453 274.000335693359 273.870574951172 273.917297363281 273.444000244141 273.828002929688 274.046173095703 275.490356445312 285.063598632812 294.907135009766 308.497802734375 314.578002929688 313.432006835938 310.482757568359 303.106781005859 299.652893066406 298.558959960938 299.503662109375 309.484100341797 318.203979492188 318.42431640625 317.753204345703 316.036743164062 313.804107666016 315.22412109375 317.722839355469 319.931060791016 321.673797607422 323.874267578125 325.083618164062 325.313507080078 318.608825683594 318.865386962891 322.329895019531 323.248504638672
261.478790283203 261.719055175781 263.528472900391 269.790985107422 271.664520263672 273.033996582031 274.080627441406 274.433471679688 273.130310058594 273.416870117188 276.071838378906 273.002838134766 273.545837402344 275.086547851562 275.298004150391 273.174499511719 271.881072998047 271.419555664062 271.158172607422 270.488372802734 272.855316162109 276.163696289062 281.228942871094 291.609313964844 303.327239990234 311.3896484375 316.009338378906 315.541687011719 312.229431152344 311.528961181641 307.895202636719 307.054901123047 311.703674316406 318.623901367188 321.219818115234 318.300170898438 317.582214355469 314.586303710938 317.304962158203 321.102996826172 322.521453857422 322.928833007812 324.274261474609 324.985870361328 324.961456298828 319.847534179688 322.844573974609 323.663208007812 324.1005859375
260.150268554688 259.826293945312 261.452178955078 267.655456542969 270.699005126953 273.040649414062 274.080474853516 275.300415039062 275.648345947266 274.721313476562 274.883728027344 273.504455566406 274.061828613281 274.930023193359 273.798095703125 271.682952880859 269.902801513672 268.095031738281 266.81103515625 266.786682128906 272.519287109375 276.122955322266 277.020843505859 286.287170410156 303.068756103516 310.419494628906 316.249450683594 318.993438720703 316.568695068359 315.802490234375 314.372039794922 315.524658203125 316.136505126953 318.954772949219 322.234527587891 319.044982910156 317.585052490234 315.155914306641 319.720520019531 324.013580322266 324.135803222656 324.773803710938 325.484344482422 325.327514648438 324.964294433594 318.414154052734 322.82763671875 324.208526611328 325.613830566406
256.410339355469 261.073425292969 264.494750976562 268.009429931641 270.719665527344 273.2255859375 274.422393798828 275.486450195312 276.301666259766 275.029083251953 274.263092041016 272.670532226562 272.549041748047 272.750427246094 270.973083496094 270.027496337891 267.410614013672 262.634033203125 259.116790771484 263.77783203125 271.675445556641 274.65185546875 271.11181640625 282.242401123047 302.600280761719 311.787048339844 315.923004150391 319.188171386719 319.558135986328 318.965423583984 318.008941650391 319.200744628906 319.841247558594 320.048675537109 322.519287109375 321.238433837891 317.008087158203 316.376312255859 322.018035888672 324.355102539062 324.131958007812 324.896209716797 325.847290039062 325.485229492188 325.478179931641 317.908416748047 322.607788085938 325.100891113281 326.925384521484
255.593414306641 251.621643066406 254.475173950195 258.419952392578 264.773651123047 270.281127929688 273.068634033203 272.793762207031 272.668365478516 272.562194824219 273.622406005859 271.495483398438 267.243225097656 265.436676025391 262.166870117188 260.228973388672 258.963745117188 254.691833496094 251.837356567383 254.4970703125 260.803924560547 267.619934082031 279.993286132812 297.994384765625 307.166442871094 314.122314453125 317.9248046875 320.894836425781 320.994537353516 321.591522216797 320.394866943359 320.039337158203 320.037170410156 322.681549072266 323.317260742188 323.882080078125 323.812164306641 324.661834716797 324.866363525391 324.637451171875 324.579193115234 323.757843017578 324.748840332031 325.335052490234 324.695861816406 316.801788330078 326.076812744141 326.695526123047 327.312164306641
267.002624511719 261.984161376953 259.565673828125 256.441711425781 263.338470458984 268.392333984375 268.738952636719 269.314727783203 270.520690917969 271.070343017578 272.303588867188 270.854827880859 265.882263183594 261.125640869141 263.190582275391 265.910797119141 265.97900390625 260.879760742188 255.55940246582 256.384124755859 262.050659179688 268.136016845703 280.463531494141 292.359344482422 302.184173583984 313.772888183594 318.231262207031 321.27587890625 320.447998046875 321.939544677734 320.084075927734 319.477722167969 320.09375 322.313140869141 323.316345214844 324.168975830078 324.522369384766 324.650970458984 324.871490478516 324.508148193359 324.217895507812 323.917114257812 325.000518798828 324.979919433594 324.847076416016 319.994293212891 325.707946777344 326.709899902344 327.428253173828
279.565734863281 275.637329101562 269.722869873047 265.139587402344 269.14306640625 271.573608398438 269.366149902344 265.635009765625 265.338928222656 266.42333984375 269.475769042969 270.022277832031 264.401397705078 260.831176757812 266.198181152344 271.905975341797 272.332763671875 265.190643310547 262.074188232422 263.829040527344 270.659912109375 270.49267578125 276.691955566406 288.690368652344 303.792358398438 313.734802246094 318.919952392578 320.968597412109 319.897888183594 321.983123779297 318.632934570312 317.711517333984 320.389282226562 322.4755859375 323.529022216797 323.80322265625 324.371765136719 324.29736328125 325.009979248047 324.867828369141 324.507934570312 324.772338867188 325.344512939453 324.981231689453 325.106048583984 322.335235595703 323.077728271484 326.699584960938 327.443634033203
286.011657714844 282.615844726562 279.223052978516 277.667846679688 277.890747070312 279.149108886719 278.180633544922 272.156463623047 269.404510498047 268.284210205078 268.318572998047 270.381011962891 266.773010253906 265.344451904297 270.382751464844 279.364959716797 281.951019287109 271.709594726562 271.813171386719 275.472076416016 275.856872558594 273.843505859375 273.612670898438 289.185241699219 308.865600585938 315.430633544922 319.763275146484 321.779266357422 320.801330566406 321.479766845703 318.442687988281 318.3857421875 321.690155029297 323.318634033203 323.882843017578 323.669769287109 324.162506103516 324.660522460938 325.009887695312 325.005065917969 324.999877929688 325.1337890625 325.359100341797 324.982299804688 324.975860595703 322.699462890625 323.188262939453 326.713073730469 327.301177978516
292.751403808594 288.146484375 284.429412841797 285.087097167969 287.672973632812 289.845001220703 289.434814453125 285.998504638672 283.883972167969 281.731994628906 278.123138427734 276.420074462891 274.810913085938 276.004577636719 283.289123535156 292.243865966797 290.92529296875 280.860260009766 281.893737792969 284.897277832031 279.391510009766 278.408142089844 275.786071777344 291.522369384766 310.391479492188 316.219787597656 320.953369140625 322.879455566406 322.535400390625 321.937622070312 320.544616699219 321.281646728516 322.884613037109 322.599334716797 324.024047851562 324.165802001953 324.664184570312 325.013793945312 325.009552001953 325.004974365234 325 325.268371582031 325.855682373047 325.492523193359 325.486785888672 323.371887207031 325.234985351562 327.328552246094 326.941711425781
294.061767578125 291.050170898438 289.739288330078 292.899475097656 297.338073730469 298.489532470703 298.304290771484 297.009521484375 296.554260253906 296.379608154297 293.886993408203 285.09326171875 288.222747802734 290.378112792969 296.956085205078 302.132202148438 298.014526367188 291.361450195312 289.6240234375 290.166198730469 285.119140625 285.193786621094 282.829711914062 297.636810302734 311.956726074219 315.875823974609 320.940155029297 323.027099609375 323.028381347656 322.426513671875 320.871154785156 321.260162353516 323.028045654297 322.46533203125 323.807983398438 324.666717529297 325.016571044922 325.012969970703 325.008972167969 325.004608154297 324.999908447266 325.268035888672 325.989440917969 325.983703613281 325.977691650391 324.475494384766 325.245574951172 327.312805175781 326.943542480469
298.350738525391 297.715515136719 298.128326416016 299.847534179688 301.955902099609 302.118927001953 302.517364501953 303.832885742188 304.544372558594 305.692993164062 304.526000976562 297.529327392578 301.431610107422 302.449554443359 304.949951171875 306.449432373047 306.313568115234 302.345886230469 299.643035888672 298.252105712891 292.502349853516 291.708923339844 294.181030273438 304.929168701172 313.985870361328 316.251708984375 320.24609375 323.023315429688 322.872894287109 322.226593017578 320.789459228516 320.209289550781 323.173645019531 323.022827148438 323.595581054688 324.873992919922 324.509368896484 324.790313720703 325.514831542969 325.370697021484 324.860046386719 324.759490966797 325.481109619141 325.61181640625 325.842498779297 322.547393798828 323.967315673828 326.952270507812 326.945159912109
305.461395263672 303.834106445312 303.044464111328 302.922271728516 303.261291503906 303.455902099609 304.681335449219 306.491546630859 307.530395507812 309.369415283203 309.678741455078 307.894927978516 308.583099365234 310.257934570312 310.262817382812 309.270904541016 308.628967285156 305.462036132812 305.117065429688 305.192810058594 301.37841796875 299.006439208984 302.051147460938 309.011657714844 315.131439208984 317.444244384766 320.589935302734 323.019378662109 322.871154785156 322.825347900391 322.785614013672 321.773620605469 323.67236328125 323.525207519531 323.952911376953 324.731506347656 324.156799316406 324.936126708984 326.007141113281 325.586547851562 324.634887695312 325.005584716797 324.989410400391 325.115844726562 325.338836669922 322.488311767578 322.38525390625 326.573760986328 327.077239990234
307.40087890625 304.659332275391 303.533142089844 303.413269042969 303.93212890625 305.877593994141 308.980041503906 309.489715576172 310.175811767578 311.880340576172 313.516448974609 311.708129882812 311.072021484375 312.574645996094 312.422088623047 310.936096191406 308.625946044922 306.284423828125 307.942504882812 309.812561035156 308.519836425781 306.332733154297 308.083862304688 312.44482421875 315.592254638672 319.089294433594 321.822662353516 322.665283203125 323.017242431641 323.167572021484 323.36865234375 323.315246582031 324.019866943359 323.659423828125 324.158538818359 324.368530273438 324.294494628906 325.147674560547 325.499633789062 325.223114013672 324.914215087891 325.721893310547 325.126037597656 325.492401123047 325.352447509766 324.196746826172 324.147491455078 326.211273193359 327.072021484375
309.487426757812 308.653228759766 307.72705078125 307.022247314453 306.644805908203 310.398895263672 313.931274414062 313.124847412109 312.990173339844 314.370666503906 315.999664306641 311.345947265625 309.040985107422 309.734497070312 312.241424560547 311.258666992188 309.440368652344 308.443572998047 309.099670410156 310.944641113281 311.492248535156 310.162292480469 312.117218017578 313.962677001953 315.930267333984 318.925506591797 321.154174804688 321.964508056641 323.164581298828 323.367156982422 322.119262695312 321.034149169922 323.513153076172 323.517181396484 323.654052734375 324.012268066406 324.292144775391 325.007385253906 325.004333496094 325.000885009766 325.131988525391 325.351928710938 325.257690429688 325.983581542969 325.848266601562 323.971527099609 324.315887451172 325.831481933594 326.818481445312
309.189514160156 310.714996337891 312.418975830078 312.826446533203 311.421966552734 312.994354248047 315.089996337891 314.610626220703 315.17724609375 315.7802734375 312.792572021484 307.511199951172 305.708068847656 306.397155761719 308.732940673828 308.749267578125 307.422454833984 306.943817138672 306.268920898438 308.404174804688 311.782592773438 311.995300292969 312.14306640625 313.425537109375 316.270782470703 318.30712890625 319.767517089844 321.962768554688 323.15869140625 323.209197998047 320.578918457031 317.626861572266 321.945098876953 323.869537353516 323.657470703125 324.009826660156 324.289581298828 325.005401611328 325.002593994141 324.999389648438 324.995788574219 325.129211425781 325.62744140625 325.982971191406 325.978057861328 323.259246826172 320.085998535156 325.33642578125 326.443634033203
307.185394287109 308.696838378906 310.026641845703 311.220916748047 313.289916992188 315.246612548828 315.436950683594 315.955017089844 316.817962646484 315.903137207031 311.641845703125 309.351531982422 307.190521240234 304.209045410156 304.727569580078 308.741790771484 308.435974121094 305.77587890625 304.601531982422 305.754272460938 308.735748291016 311.781890869141 313.294128417969 314.611572265625 316.453826904297 317.954467773438 320.067321777344 322.502288818359 322.804412841797 323.210021972656 319.987213134766 315.031555175781 319.106201171875 324.009399414062 324.008514404297 324.007171630859 324.286773681641 324.862182617188 324.775207519531 325.503540039062 325.500610351562 325.630737304688 325.986480712891 325.846984863281 325.469177246094 323.805908203125 320.564147949219 325.080627441406 325.562347412109
304.274597167969 306.976318359375 306.858734130859 308.448028564453 310.882934570312 311.755767822266 314.151123046875 317.456665039062 318.073303222656 316.09521484375 314.634918212891 314.007690429688 314.014678955078 312.862854003906 312.380035400391 313.558349609375 313.080902099609 311.088439941406 309.939300537109 308.613067626953 309.385833740234 312.93017578125 315.094696044922 317.564239501953 320.28955078125 321.138763427734 321.793151855469 322.339172363281 322.445007324219 323.645172119141 323.554626464844 322.501373291016 322.798492431641 323.648468017578 323.860565185547 323.220062255859 323.198425292969 324.7197265625 324.548431396484 325.85498046875 325.484680175781 325.480987548828 325.612396240234 325.849060058594 325.742034912109 325.715942382812 324.434326171875 323.463470458984 324.949645996094
306.998809814453 311.494567871094 312.335479736328 312.695129394531 312.005035400391 312.309478759766 316.117156982422 318.100830078125 318.067840576172 316.262786865234 314.781311035156 313.329559326172 313.343994140625 313.022308349609 313.038879394531 314.384063720703 314.396057128906 314.080352783203 313.093078613281 311.944152832031 311.898315429688 314.263458251953 316.431335449219 317.933441162109 319.743377685547 321.630554199219 321.982238769531 322.137847900391 322.640777587891 323.141052246094 323.049682617188 322.436340332031 323.496765136719 323.998779296875 323.998565673828 323.717498779297 323.563171386719 324.857513427734 324.771331787109 325.350463867188 324.988372802734 324.985321044922 325.113616943359 325.471160888672 325.599761962891 325.944976806641 324.343627929688 324.351959228516 325.459594726562
310.896118164062 313.129364013672 314.608306884766 317.031066894531 315.824584960938 315.80908203125 319.111755371094 319.631896972656 318.729705810547 317.424560546875 316.099426269531 312.309814453125 311.673675537109 312.685607910156 313.530029296875 314.538696289062 316.546051025391 317.735290527344 316.272827148438 313.920257568359 313.929626464844 315.210327148438 316.796691894531 316.459564208984 318.011444091797 321.471984863281 321.628295898438 322.283081054688 322.984375 322.987426757812 322.842620849609 322.639953613281 323.284515380859 323.994842529297 323.994842529297 323.994415283203 324.132415771484 324.628021240234 324.990539550781 324.988433837891 325.122863769531 325.488952636719 325.351348876953 325.110290527344 325.60888671875 325.837341308594 325.338165283203 324.949371337891 325.184539794922
312.09765625 312.121612548828 314.520477294922 319.099639892578 319.746734619141 319.782958984375 319.991760253906 319.594146728516 318.069763183594 318.109710693359 317.744171142578 310.960174560547 309.158081054688 309.682525634766 312.356414794922 314.69921875 316.039672851562 318.046783447266 318.753021240234 316.282501220703 314.40234375 316.384765625 316.849945068359 314.609313964844 316.967590332031 321.312103271484 321.122711181641 321.927795410156 322.978942871094 322.982208251953 322.984954833984 322.987121582031 323.133666992188 -3.4e+38 323.990905761719 323.990692138672 323.990020751953 -3.4e+38 324.621826171875 324.985595703125 325.253814697266 325.980712890625 325.846374511719 325.611083984375 325.970764160156 325.962554931641 325.703399658203 324.829315185547 324.703063964844
