rcp4.5models/CNRM_CM5/sc1gr0.37
NCOLS 261 
NROWS 433 
XLLCORNER 336357.134 
YLLCORNER 654653.479 
CELLSIZE 1000 
NODATA_value -3.4e+38 
[rows 110 to 131 of 433, columns 98 to 146 of 261]
80.101203918457 80.2963027954102 80.2977600097656 80.7478561401367 81.0353698730469 81.2425079345703 81.7107238769531 81.7994995117188 82.0862045288086 82.1877365112305 82.2616500854492 82.2096633911133 82.3898620605469 82.4212188720703 82.3590087890625 82.2312316894531 82.071044921875 81.9358825683594 81.8164901733398 81.7314682006836 81.5055160522461 81.3043365478516 81.0608215332031 80.8922271728516 80.5659332275391 80.2275085449219 79.8122711181641 79.5673446655273 79.4566268920898 78.9887771606445 78.5099868774414 78.3134994506836 78.1892242431641 77.6373519897461 77.2763519287109 76.943977355957 76.6332550048828 76.1481475830078 75.9566421508789 75.6417999267578 75.3364181518555 75.3003234863281 75.0999298095703 74.7749252319336 74.6287231445312 74.1231231689453 73.8020935058594 73.484489440918 72.7847366333008
80.4248733520508 80.7633361816406 80.8044662475586 81.1149291992188 81.3782424926758 81.7454528808594 82.1129684448242 82.2119903564453 82.369743347168 82.4988327026367 82.6542129516602 82.693489074707 82.9006042480469 82.9261322021484 82.8466110229492 82.6993255615234 82.549072265625 82.3068618774414 82.0152969360352 81.9790420532227 81.847900390625 81.6369781494141 81.3501663208008 81.184944152832 80.954704284668 80.6831130981445 80.0878295898438 79.9535675048828 79.5935211181641 79.2399063110352 78.8842544555664 78.6738204956055 78.4790573120117 77.991455078125 77.4736938476562 77.182861328125 76.9201583862305 76.2967681884766 76.1560363769531 75.8892135620117 75.5751724243164 75.561393737793 75.2970886230469 74.9928359985352 74.7298049926758 74.3210678100586 74.0481491088867 73.7233428955078 72.9052734375
80.7671203613281 81.1648178100586 81.3256301879883 81.6673431396484 81.9783401489258 82.2928161621094 82.4842758178711 82.5361785888672 82.6249542236328 82.8514938354492 83.1455078125 83.1128692626953 83.1236038208008 83.2338943481445 83.1029739379883 -3.4e+38 82.7156829833984 82.6991348266602 82.5399551391602 82.3839721679688 82.1000137329102 81.9514770507812 81.7513046264648 81.5357055664062 81.2271270751953 81.0278472900391 80.3430099487305 80.073974609375 79.6892318725586 79.3986740112305 79.1609115600586 78.9302291870117 78.5264739990234 78.1667404174805 77.7510070800781 77.639045715332 77.1655349731445 76.5615768432617 76.3943252563477 76.0969161987305 75.77099609375 75.7119750976562 75.4765930175781 75.2052841186523 74.6472702026367 74.415901184082 74.1208038330078 73.8065948486328 73.0770263671875
81.2320404052734 81.5370407104492 81.8669128417969 82.1413879394531 82.5206146240234 82.7590942382812 82.9663314819336 82.9349517822266 83.1071548461914 83.3214645385742 83.6275100708008 83.530387878418 83.4750747680664 83.5289993286133 83.3950424194336 83.3521270751953 83.0996398925781 83.0965194702148 82.8888320922852 82.7413101196289 82.4006652832031 82.3500823974609 82.0916442871094 81.7860870361328 81.4423370361328 81.2820587158203 80.7245941162109 80.2595062255859 79.7633666992188 79.5337982177734 79.3647232055664 79.1814956665039 78.7649078369141 78.4772872924805 78.1583480834961 77.8752517700195 77.4143218994141 -3.4e+38 -3.4e+38 -3.4e+38 -3.4e+38 75.7898788452148 75.6148452758789 75.236686706543 74.7643356323242 74.5084457397461 74.1037750244141 73.7574234008789 73.1875991821289
81.4578399658203 81.9300155639648 82.2464294433594 82.6224060058594 83.001091003418 83.2411041259766 83.4689636230469 83.5075531005859 83.7132263183594 83.7880020141602 83.9531707763672 83.8750762939453 83.926025390625 84.0353775024414 83.7984619140625 83.659309387207 83.4812774658203 83.4966583251953 83.2139434814453 82.9388656616211 82.6966781616211 82.6501007080078 82.3661956787109 82.1122436523438 81.68994140625 81.4123687744141 80.9625701904297 80.5762939453125 80.1611404418945 79.7470397949219 79.7253875732422 79.4458541870117 79.1898574829102 78.7941360473633 78.4267501831055 77.9403228759766 -3.4e+38 -3.4e+38 -3.4e+38 -3.4e+38 -3.4e+38 75.8586578369141 75.7089462280273 75.3609466552734 75.0592651367188 74.6740798950195 74.2875518798828 73.8012924194336 73.3271865844727
82.0595626831055 82.4167022705078 82.8076629638672 83.4814071655273 83.7559204101562 84.163444519043 84.3307952880859 84.5643157958984 84.5181655883789 84.7030181884766 84.9338684082031 84.9774932861328 84.9620361328125 84.808464050293 84.6645278930664 84.5239562988281 84.3403015136719 84.0755615234375 83.7528381347656 83.4706954956055 83.3590774536133 83.072265625 82.9534301757812 82.4997634887695 82.2284088134766 81.7615432739258 81.4358978271484 80.9426574707031 80.619384765625 80.1050186157227 80.0928802490234 79.8594665527344 79.4970932006836 79.3103256225586 78.8828048706055 78.4943542480469 77.9278259277344 77.3759918212891 77.082145690918 76.8367233276367 76.4993515014648 76.1878280639648 75.8790969848633 75.5841827392578 75.2401504516602 74.8293380737305 74.2767181396484 74.1350250244141 73.6989135742188
82.4780883789062 82.7414932250977 82.9864730834961 83.8706970214844 84.2105865478516 84.4766464233398 84.6882476806641 84.9630889892578 84.9832916259766 85.259895324707 85.4521942138672 85.4542236328125 85.5135192871094 85.3674926757812 84.9887313842773 84.8457336425781 84.7162780761719 84.4388198852539 84.0621566772461 83.78955078125 83.7067642211914 83.3452758789062 83.1563186645508 82.7426223754883 82.4967727661133 82.1053848266602 81.5834579467773 81.3511199951172 80.8912963867188 80.3917236328125 80.2813186645508 79.9386901855469 79.5053253173828 79.2189559936523 78.8720855712891 78.6283493041992 78.1240692138672 77.6102447509766 77.3042068481445 77.0574417114258 76.5974960327148 76.3277969360352 76.0391616821289 75.6730117797852 75.3382949829102 74.9788970947266 74.5286483764648 74.4110565185547 73.6418075561523
82.9034194946289 83.1395263671875 83.375358581543 84.2840957641602 84.461669921875 84.7495880126953 85.1930236816406 85.443962097168 85.5344467163086 85.7525939941406 85.9614791870117 86.0340881347656 86.020622253418 85.848388671875 85.3769607543945 85.2706680297852 85.0619583129883 84.7729110717773 84.309814453125 84.0741577148438 83.8107757568359 83.6602020263672 -3.4e+38 82.9176559448242 82.7033157348633 82.4181442260742 81.8919296264648 81.5248107910156 81.1560516357422 80.859375 80.4898529052734 80.069694519043 79.5967407226562 79.2929763793945 78.9947280883789 78.6514129638672 78.2268600463867 77.7341766357422 77.5405502319336 77.1825637817383 76.6989364624023 76.470703125 76.1552734375 75.7163925170898 75.5101013183594 75.1728439331055 74.850227355957 74.6118698120117 73.6393508911133
83.0565719604492 83.5022659301758 83.6714324951172 84.4913635253906 84.7724914550781 85.1133804321289 85.5561676025391 85.8586120605469 86.0840530395508 86.3161315917969 86.4420318603516 86.4952239990234 86.3317337036133 86.1828994750977 85.7549819946289 85.5858764648438 85.3704299926758 84.9319229125977 84.4946975708008 84.3500747680664 83.9829559326172 83.7280883789062 83.5884246826172 83.3875579833984 82.9797134399414 82.6577911376953 82.1828231811523 81.7358322143555 81.4082489013672 81.0834884643555 80.6855163574219 80.2806701660156 79.8120346069336 79.6256866455078 79.2437973022461 78.8630218505859 78.4651718139648 77.7751770019531 77.6816177368164 77.3100814819336 76.8328857421875 76.5859222412109 76.2381134033203 75.7818222045898 75.6154556274414 75.3825378417969 74.9910507202148 74.6335144042969 73.6838302612305
83.0979843139648 83.6240158081055 84.0048599243164 84.7966537475586 85.0983963012695 85.4295883178711 85.8179168701172 86.160270690918 86.5725479125977 86.728645324707 87.0058059692383 86.821418762207 86.6481399536133 86.4307861328125 86.0034942626953 85.6965179443359 85.4223098754883 85.0524826049805 84.7398376464844 84.6055526733398 84.1985855102539 83.8740005493164 83.8773574829102 83.5780029296875 83.0716323852539 82.740364074707 82.0282669067383 81.7467346191406 81.5589447021484 81.1786956787109 80.6989974975586 80.3197326660156 79.961296081543 79.8563613891602 79.492301940918 79.0929260253906 78.53466796875 77.9021377563477 77.7325057983398 77.3721618652344 76.9482345581055 76.6749114990234 76.4113388061523 76.1273727416992 75.7635803222656 75.4912719726562 75.0950469970703 74.7134017944336 73.8773422241211
83.3049774169922 83.5733489990234 84.0778579711914 85.0814895629883 85.1708450317383 85.5971374511719 86.0366516113281 86.4211730957031 86.8496551513672 87.0828475952148 87.2678680419922 87.2689514160156 87.0216217041016 86.7615509033203 86.1007919311523 -3.4e+38 85.5333557128906 85.2636184692383 85.0066909790039 84.767936706543 84.4166717529297 84.1857452392578 83.8317184448242 83.4178237915039 83.1185302734375 82.866813659668 82.174201965332 81.8183746337891 81.605224609375 81.2676010131836 80.8468399047852 80.3783416748047 80.0549011230469 79.8369598388672 79.5355529785156 78.993293762207 78.5987091064453 78.309440612793 77.9811401367188 77.5188217163086 77.0853042602539 76.7993698120117 76.5433120727539 76.3653106689453 75.9207153320312 75.5633850097656 75.2026596069336 74.7938461303711 74.166389465332
83.4429931640625 83.7134323120117 84.2512893676758 85.2444229125977 85.3664016723633 85.8350067138672 86.1955261230469 86.4599990844727 86.8017044067383 87.0906219482422 87.315299987793 87.4079437255859 87.1600799560547 86.9100036621094 86.2420806884766 85.9579391479492 85.742546081543 85.4823303222656 85.2330932617188 84.8762969970703 84.5923919677734 84.3185577392578 83.8481216430664 83.7071990966797 83.5032577514648 83.0281295776367 82.3910369873047 82.0089340209961 81.6317596435547 81.2493133544922 81.0588531494141 80.675048828125 80.2215957641602 79.8306274414062 79.5566253662109 79.088752746582 78.9690933227539 78.5441589355469 78.0010452270508 77.5629577636719 77.3288879394531 76.9623641967773 76.6330642700195 76.382942199707 76.0408096313477 75.5085678100586 75.1805572509766 74.8649444580078 74.4200286865234
83.6401748657227 84.0693588256836 84.5116958618164 85.3543319702148 85.5175476074219 85.7767791748047 86.1703186035156 86.4506607055664 86.7961883544922 86.8469161987305 87.1812515258789 87.170783996582 87.0219650268555 86.8190307617188 86.4044494628906 86.1244659423828 85.868408203125 85.6050491333008 85.3489685058594 85.0146865844727 84.7244262695312 84.4918441772461 84.0484237670898 83.7949523925781 83.694938659668 83.0835723876953 82.3845596313477 81.9638977050781 81.6748046875 81.4179840087891 81.0497894287109 80.6981506347656 80.4761047363281 79.9206237792969 79.7294006347656 79.5334548950195 79.3243789672852 78.5379791259766 77.9850158691406 77.5863189697266 77.5164413452148 76.9907836914062 76.6713790893555 76.4353408813477 76.0605621337891 75.5379638671875 -3.4e+38 -3.4e+38 74.4910430908203
83.8084335327148 84.274543762207 84.6029663085938 85.3306198120117 85.4310150146484 85.7908935546875 86.0852127075195 86.439094543457 86.675666809082 86.7515716552734 87.0285034179688 86.9633941650391 86.8795471191406 86.6682815551758 86.4750671386719 86.2886657714844 85.9109420776367 85.6507263183594 85.4010162353516 85.0839309692383 84.9083786010742 84.5111083984375 84.2552032470703 83.8439178466797 83.6442489624023 83.0009155273438 82.463737487793 81.969596862793 81.7587585449219 81.5101165771484 80.9792327880859 80.5250244140625 80.3722610473633 80.1419219970703 80.0796737670898 79.8844680786133 79.4250183105469 78.5831604003906 78.1490478515625 77.7659759521484 77.4478912353516 77.1066360473633 76.9059524536133 76.5821380615234 76.1759948730469 75.8609924316406 75.6175308227539 -3.4e+38 -3.4e+38
83.9642868041992 84.4614105224609 84.6995849609375 85.2218475341797 85.3960113525391 85.7497406005859 86.044548034668 86.2759704589844 86.4521713256836 86.7394638061523 86.9169998168945 86.9047470092773 86.809196472168 86.6211624145508 86.440803527832 86.2938232421875 85.9794082641602 85.7364730834961 85.3901672363281 85.0729370117188 84.9552536010742 84.5599975585938 84.3269195556641 84.016716003418 83.5734558105469 83.0016860961914 82.5101089477539 82.2085494995117 81.8227767944336 81.5642776489258 81.1871337890625 80.8370742797852 80.572883605957 80.3637008666992 80.3393402099609 80.1316986083984 79.6871337890625 78.6484375 78.3219985961914 77.9503479003906 77.3899459838867 77.1974716186523 77.121955871582 76.642448425293 76.1924285888672 75.8904876708984 -3.4e+38 75.1044692993164 -3.4e+38
84.029426574707 84.4525146484375 84.6373977661133 85.1685409545898 85.316764831543 85.5868301391602 85.9972610473633 86.1983184814453 86.4069747924805 86.6288223266602 86.703987121582 86.6659927368164 86.6182327270508 86.5961685180664 86.2480621337891 86.0807037353516 86.0091094970703 85.7029876708984 85.3616943359375 85.1965942382812 84.9595184326172 84.6336135864258 84.4391021728516 84.0951614379883 83.6679382324219 83.1365509033203 82.6703948974609 82.2740478515625 81.848876953125 81.689567565918 81.4430389404297 81.107063293457 80.7709045410156 80.6021423339844 80.4274291992188 80.0506286621094 79.6091918945312 78.8521118164062 78.4812469482422 77.9462814331055 77.4374160766602 77.2568206787109 77.191291809082 76.7972946166992 76.3131790161133 75.7584838867188 75.4027709960938 75.235725402832 74.630729675293
83.8674087524414 84.2580184936523 -3.4e+38 -3.4e+38 85.3431930541992 85.5841827392578 85.8003921508789 86.1369857788086 86.2742385864258 86.4597320556641 86.4513931274414 86.5096130371094 86.3348999023438 86.3363494873047 86.185188293457 86.1173400878906 85.8506851196289 85.6374435424805 85.5383987426758 85.2296600341797 84.8288879394531 84.6224670410156 84.3151321411133 83.9440002441406 83.6390228271484 83.5079040527344 82.6088943481445 82.404426574707 82.2041168212891 81.9539794921875 81.5344085693359 81.4377517700195 81.2285766601562 80.7680282592773 80.2211608886719 80.002326965332 79.4481658935547 78.9700775146484 78.6122589111328 78.1948623657227 77.6743392944336 77.6140975952148 77.3115158081055 76.6861267089844 76.4262008666992 76.0703735351562 75.826416015625 75.641960144043 74.6296081542969
84.0701751708984 -3.4e+38 -3.4e+38 85.2079238891602 85.5396423339844 85.7085571289062 85.7086486816406 85.9543228149414 86.0917129516602 86.1852188110352 86.3179397583008 86.3261413574219 86.2133712768555 86.3479843139648 86.108512878418 85.9791488647461 85.7920150756836 85.5877456665039 85.5211486816406 85.2140274047852 84.9890594482422 84.8227310180664 84.425910949707 84.0334091186523 83.7753677368164 83.4249114990234 82.7754058837891 82.385124206543 82.3427352905273 82.0194396972656 81.7359466552734 81.5549392700195 81.1864013671875 80.6737670898438 80.1449203491211 79.9393768310547 79.7220306396484 78.9802093505859 78.6209411621094 78.2976455688477 77.9028472900391 77.6967163085938 77.1899490356445 76.7618865966797 76.4701461791992 76.1588287353516 75.9443817138672 75.6475067138672 74.7040481567383
84.0891418457031 -3.4e+38 84.645393371582 85.2730026245117 85.6841506958008 85.7011184692383 85.6484298706055 85.932975769043 86.013786315918 86.2178344726562 86.2473831176758 86.1683349609375 86.2827453613281 86.3975830078125 86.034065246582 85.964469909668 85.7447128295898 85.4850006103516 85.3312683105469 85.1685256958008 85.0020370483398 84.8558731079102 84.4783020019531 84.1107330322266 83.8046951293945 83.4745635986328 83.0058517456055 82.4302062988281 82.4484786987305 82.0934982299805 81.8615264892578 81.4862747192383 81.0711822509766 80.5972900390625 80.2224349975586 80.0502624511719 79.8707122802734 78.973014831543 78.751579284668 78.4002914428711 78.1224822998047 77.7277679443359 77.2042617797852 76.878662109375 76.5541152954102 76.2587280273438 75.9951019287109 75.751594543457 74.8221130371094
84.148811340332 -3.4e+38 84.6461791992188 85.3104476928711 85.5908355712891 85.6453704833984 85.7886428833008 85.899040222168 86.0769729614258 86.1691284179688 86.0477752685547 86.0851287841797 86.2193450927734 86.2974014282227 85.9266891479492 85.8739624023438 85.716178894043 85.4451522827148 85.3107757568359 85.1871109008789 85.0278472900391 84.7830963134766 84.50390625 84.1868286132812 83.8278579711914 83.5009155273438 82.9676666259766 82.6485290527344 82.4784088134766 82.2230606079102 81.9114303588867 81.5162124633789 81.1054534912109 80.706657409668 80.3997802734375 80.1391296386719 79.9284744262695 79.2055130004883 78.9102172851562 78.4596481323242 78.2021942138672 77.8730545043945 77.4974365234375 77.0908584594727 76.6476898193359 76.384407043457 76.0496444702148 75.9119720458984 75.0492248535156
84.1655578613281 84.3249282836914 84.6572036743164 85.2867889404297 85.4743270874023 85.4992752075195 85.7784881591797 85.8733367919922 85.9576721191406 86.0745162963867 85.9503021240234 86.0639495849609 86.0246047973633 85.9751892089844 85.7895965576172 85.7126617431641 85.7019195556641 85.5136947631836 85.2946090698242 85.1819610595703 84.974723815918 84.7628326416016 84.5469284057617 84.1904220581055 83.886848449707 83.6248397827148 82.9776382446289 82.8896636962891 82.605827331543 82.3209686279297 81.8390350341797 81.5706481933594 81.2368774414062 80.8151321411133 80.4876098632812 80.2140502929688 80.0649032592773 79.2575988769531 78.986572265625 78.4914093017578 78.2169189453125 77.9803619384766 77.7498321533203 77.2322616577148 76.7977447509766 76.5704498291016 76.13623046875 75.9442443847656 75.1583251953125
84.3675003051758 84.3337860107422 84.6568908691406 85.1974868774414 85.315055847168 85.3954086303711 85.6040725708008 85.7534332275391 85.8011627197266 85.992790222168 85.9007568359375 85.9702682495117 85.90185546875 85.7943801879883 85.6418914794922 85.6214904785156 85.6403121948242 85.3384323120117 85.2390899658203 85.1162719726562 84.8233947753906 84.6530303955078 84.4971542358398 84.1496963500977 83.8302612304688 83.6574859619141 83.0806884765625 82.9143447875977 82.6152877807617 82.2924270629883 81.7458419799805 81.5074462890625 81.2349395751953 80.8608245849609 80.571533203125 80.4083786010742 79.9949645996094 79.2754211425781 79.0094299316406 78.723014831543 78.4129791259766 78.1285629272461 77.7508087158203 77.2121963500977 76.8321762084961 76.6433792114258 76.2790985107422 75.9528198242188 75.3079605102539
