rcp4.5models/CNRM_CM5/sc1gr9.2
NCOLS 261 
NROWS 433 
XLLCORNER 336357.134 
YLLCORNER 654653.479 
CELLSIZE 1000 
NODATA_value -9999 
[rows 308 to 329 of 433, columns 150 to 199 of 261]
227.171171535103 273.19831936782 289.899375639091 294.022125669149 289.477057242947 280.755817651592 268.553148715804 258.66740070044 268.38364181798 272.015146294338 247.90737886613 233.910791653106 231.479955531418 219.680534725388 211.623825859615 206.126002589845 202.938256673476 205.058779345223 205.53488900833 211.819959620861 206.561873523096 204.819518617765 186.484473519411 189.841903980311 188.361188204377 182.690291931416 179.233263014165 177.000551807098 171.966887107783 166.062098708033 138.9521131853 132.135882382328 139.975462583762 162.861211522881 159.330338424728 155.499369950194 153.678645238027 156.428832779169 150.707760437153 147.536077244708 143.293209187593 132.686337084985 115.668157259746 112.984905959407 112.896262415986 112.473043216865 112.96758101537 115.028890970013 126.048899011092 127.300170393616
218.701533706255 246.622002387282 275.264044573958 296.494515936102 290.910127184902 280.402990064041 270.908906465695 265.634938411285 266.233409291419 267.781982515383 244.094116957358 238.160672768353 232.118379684025 212.856034607093 181.038322460083 175.647704429591 182.342973972198 206.14283625842 207.111965073052 221.913471209002 207.092376990595 205.155880281407 187.66164603333 185.176598868177 191.399489109567 185.143620733115 177.286289430983 179.821119421237 172.457937941954 163.818373726561 133.034589053154 130.16382169827 135.535346458811 153.526490671401 161.368781002248 154.567163398103 152.846967052512 154.165143028888 148.183312559894 146.324149690011 144.631297635676 139.198784520388 117.720121601477 112.450303497921 112.46706833085 117.19489192828 118.163147220327 112.063761803669 118.479355743844 119.680973764055
219.710373638493 239.895925529434 271.600313383082 291.042313777085 279.461857314668 274.9376819812 248.84744090913 257.076057630936 249.463789441805 259.589193315514 243.907967178189 238.482039898922 228.294283239613 200.086862780756 165.38373240231 167.229717446551 188.503553383101 210.232007155663 198.359461588609 223.856970575047 209.971433219918 194.099792170171 183.340057346233 177.255824250583 186.28122911967 187.374987431413 177.7052565166 175.766792884039 175.416162778905 166.027563945434 136.839497256048 130.167360086036 131.180096575376 143.708945192796 162.65193298504 153.18028812518 151.317307783339 152.584138197697 145.434816016921 143.326074577191 141.899894615967 139.055370504328 116.855055491133 111.976801911739 112.591151136336 118.120110385848 120.52258664196 110.988623113673 113.42636196265 119.013166511761
218.954486079735 229.94198255748 246.716640915491 279.934085043962 276.131915841146 268.24567307281 247.742637798394 257.856747654053 240.068871453046 250.461887879016 241.934066912362 235.421371726223 221.328909627745 199.417193464764 178.799215882217 184.367487241429 206.63305842869 204.285587239632 192.686897686528 206.153756029705 197.053318702945 182.044550271994 184.697001686726 183.142828329813 187.199891734679 189.988219888626 183.89962158451 182.634458509478 190.18780793885 169.928227516814 145.242130368615 130.719639823267 130.134574056182 135.058544969723 149.560855539278 150.835713220685 150.422551325207 152.139076009839 143.563664369635 141.162279986971 139.915774270047 135.931962548429 114.104710935608 112.849677585866 112.235404768396 115.937442238508 119.464703866197 110.988841461373 112.456087505454 120.819821611245
218.089495320817 225.02783265675 237.300288997556 275.809379928544 260.03257333439 242.379723202724 253.935484075503 265.303767761319 248.2517311656 243.080135972101 234.271199093649 234.358681559961 224.331149995989 215.915943819939 208.697550369594 208.810734103553 214.976540177516 203.9316764779 191.399594014159 187.398135154054 184.504698605569 177.643467934327 180.275975751434 191.311649429207 185.046526726472 176.440995293402 184.651621706363 187.218261677745 182.821962796015 167.808730197889 151.576653741996 131.62021456333 132.333742261349 138.747682585892 149.147769468702 150.298146951512 148.523740311055 149.188925668667 142.884897125474 139.893815051871 139.709443231719 134.371305900928 115.713688792622 114.233502996145 112.972864728917 116.140148087041 118.030917972075 113.032620283274 110.741419332187 115.429676569519
247.758142881496 222.030904488526 225.83035714527 211.712835418891 199.706690266048 199.540790848376 208.639143139457 224.592905849316 227.008868647839 239.384274563991 226.959218284406 217.215835836007 216.217107605171 219.537826470474 222.772685141739 216.272943551827 207.865834763086 210.862692278377 206.582542789229 174.101200325054 176.117239705708 188.96027100418 190.897220822604 193.413861556879 190.947399271355 187.801579160093 174.310154646106 165.058346051084 172.864454863953 161.713327360112 163.64358563116 139.560087613955 131.334053952121 140.414574507838 155.832263260754 149.915454570331 153.213927016039 164.761617216416 139.954087657922 143.494836266608 150.413500037598 128.006831611598 117.466874906632 118.307042376057 114.995460120154 117.204088868024 120.526993976133 110.582110408243 109.181991502719 113.537827880562
246.771727181275 224.95503004865 211.215801202325 209.556432555062 210.37687502922 205.414319706751 190.455960197222 191.372129177674 227.120071735262 240.255662668009 226.88136066617 218.19661784658 219.328262367337 218.640298607664 222.405869583242 217.843534704569 212.867185009192 210.125320466401 204.314226234019 197.823433349969 188.972786786639 173.361486482381 179.159750460001 190.70843007042 188.017020565605 188.98110474053 175.345111616198 159.662891791769 172.659501897759 163.307009391203 160.538602664182 157.656531540735 138.964917050702 137.725094512119 143.312166789417 149.911664787706 150.669583328488 168.649693515978 155.043454945493 136.006694604654 134.401897368007 127.378803794162 117.890944256333 117.772528147818 115.090643823943 115.57549795824 120.81994643402 112.301530221535 108.742533055851 112.078736421277
228.301548495414 232.99312903765 219.964048521967 220.566286857226 214.813247613429 203.183878302872 190.91569915795 192.480931417176 245.57567972329 242.178843031101 235.919437365088 231.921915054364 221.47115049279 220.896581961176 221.100097423515 214.94824472541 211.624023610303 210.181829417277 198.375126855249 222.688330932295 204.093448735995 168.603942993106 174.177428522487 179.193654588111 183.689748780394 189.850608469939 175.972895816773 152.583883461704 161.726592135567 169.256429337855 155.759105315353 167.013369719607 156.81477744879 147.145940359567 146.047443414627 152.771873213778 146.297580630384 148.378916189282 152.403964852168 131.809583226959 131.905263033508 126.625489019078 117.999142017122 115.922943801685 113.53720856517 113.061872795909 118.652992305329 112.558124327627 109.244589440273 111.351123829589
224.931382755063 228.489219366814 226.059493647435 215.000016809071 211.642707208709 214.56573361795 210.08407313119 196.425389969292 241.825860692149 242.554696248989 236.884692854566 228.030038451588 222.088468075799 224.634890069235 220.750263788579 212.649703005961 205.909788372867 206.376088647998 194.151559852183 212.441302588755 204.071161900726 177.135631920769 182.363668460582 173.744031656913 175.683501802681 185.28271507869 182.334805312154 156.30713259951 152.937282184401 176.226528214406 151.335819243797 163.084994214117 167.403478844377 153.906105968224 164.59352809563 166.543455670835 145.589678469141 137.765987999319 134.158625443368 128.070412948521 129.047373970763 124.8602729664 115.982401538772 113.844677852589 111.586086472441 110.622030941551 115.936690260915 112.025034659108 109.966083792758 110.550810456247
223.748003767481 220.160588593609 217.6867478841 211.628983218005 224.089066789001 233.097045826762 236.238757408693 222.144107381739 241.097848970231 236.085705257713 229.507251365828 222.523046385241 218.931755101608 207.355499892108 209.173279829749 208.698857142211 203.364039126297 198.306611330175 193.694348326014 195.651308871369 188.670904399251 178.013224838372 191.578925652477 186.187547307603 182.750583756861 183.040887491831 182.12387412711 165.996296991385 161.003238718611 177.376235452607 150.433895891831 156.920635336637 165.163805583853 153.30879921704 166.92796688964 158.475277023481 140.800270261496 136.466273083089 130.396191537372 125.965751727201 126.359327678423 121.040049187789 113.328343735131 114.229554104547 111.386112826894 107.887572578815 114.35511663806 114.059156149967 114.27338360457 112.333470219681
244.68029075433 238.848145753212 234.082515307307 233.17185812365 237.935834521886 239.768225444427 244.579390129851 242.88570897189 243.614808469656 234.487164018013 232.078138979806 226.659795974751 210.290878727518 182.472800656687 184.619196030194 193.770754670353 201.888831847175 193.777294801635 195.679532997218 184.661134589119 173.63952961654 173.813880499214 184.997300128417 183.103031194095 167.761504789252 165.703172484364 159.861268968085 164.343648965243 177.402877456039 169.785978642326 154.694027225375 162.495231571148 164.44969698185 148.849554165667 154.113494232498 144.609808855218 140.355515903198 135.934397944965 130.477720058325 125.671304224465 125.825077731883 118.072198451224 111.375440512593 114.599500835036 111.875939579437 106.616549088923 112.822222343745 113.434379399936 114.450725666005 115.483354320861
254.782083788543 247.797588822496 245.908679452706 243.456730712529 237.173023623296 237.515814488087 235.456662701133 228.924692076319 244.745497985078 236.063815534576 223.034013770943 211.317108364689 196.658960142967 173.756349935668 178.972378160161 199.740717392044 205.561199527483 197.238838858523 198.820967941591 190.634035966851 179.11008437034 176.809015724824 183.427553115749 176.487072988106 146.277830422166 162.152781291975 170.910586905859 161.686390161629 186.004849610102 172.682560799558 159.920790933778 171.65093313537 161.850643864841 157.13100447649 151.510713096175 151.025866485412 142.421210128365 135.883580750878 132.975227047602 127.394019787091 124.577229004701 117.65947736369 109.710380257977 111.62482997206 109.459591464617 105.236099451652 109.957951374 110.093089127517 110.221272164735 112.953548280526
246.523470198249 239.988345540499 243.475233665691 235.613704204377 222.364444945181 228.071230342854 224.440221098662 215.496498482835 242.942163563247 231.465810857289 204.818975228937 183.861227404288 178.80519143885 170.713046002684 184.953765867664 208.250726384799 197.326554141488 201.577225872463 195.835402062546 198.24826921729 188.262506452654 178.779051702869 187.188985545408 183.339494073141 154.573175504009 176.089305464915 195.930847886911 153.523769468078 183.619901434969 181.620389773746 162.209066125242 166.405073739854 156.971888782917 166.561261455349 163.136752779597 149.858249211874 142.189707014704 135.591436093603 132.685600763797 127.921874910356 122.387870173169 118.003286450816 109.515619171123 108.747713579441 106.069959989432 103.418769278191 105.627353293109 108.153117547462 108.938812327657 107.888815047053
240.185492171223 233.393128715994 236.145700076583 223.387872098583 207.902435161279 211.472098653092 213.15595212035 211.648008761167 240.106929372009 222.245981846529 194.850287984048 172.955446349694 169.160432931937 167.354058290812 177.864604048165 188.617544174974 180.432680737333 200.462604362023 192.76330705415 187.74619496478 188.527903929122 187.691744281465 189.73326674094 187.629940222405 162.159105343436 170.163336942762 199.911877535115 153.469995844196 164.860900866388 184.662232795986 170.978169796795 160.056297920385 148.766910466038 158.33984439953 167.79666497956 141.523761660507 138.916066971538 134.445485939378 131.0787034004 126.334785729859 120.999342877738 116.67520539738 109.807358645334 110.209502447963 112.494120509706 102.873810900716 105.550206333038 108.799090724688 108.482610388248 104.366022488393
248.183425558585 235.669407329264 232.314301859899 219.477570738491 204.579460557626 207.31635631729 212.570579938824 215.909302082699 241.417042197922 217.45888608949 181.817437826169 170.039576582759 169.42224795349 169.699100285109 169.461776076439 168.786827934147 166.914987971667 184.196977926231 199.058955531181 186.285671909182 191.616632641389 195.625067497006 188.442373282628 170.975504425069 152.616569879817 153.181349358241 176.151055399393 156.74159944079 150.817028694997 179.532749894025 172.635112203701 162.782201919301 145.056833819938 150.772057515584 162.223655061785 141.653675596225 147.973375080751 133.310319761453 132.991416672769 133.336275261075 120.518574012713 117.329346772772 110.191184208815 111.792040118777 115.322716765414 103.365200598165 106.561613557748 108.836697027035 107.593439227954 102.233155297219
248.973631109206 241.246626687382 238.701530560216 229.481078155862 213.326628685176 224.163175816408 227.251538960082 228.729717447631 239.241183902075 213.646895046449 174.709678295367 167.500499683293 169.483144821147 172.072578305335 164.794692522924 160.551891879107 156.309931036344 162.786264891919 184.293826714843 196.87721821068 197.487876226365 193.971123936616 176.114520250794 150.613947559188 153.114423263423 150.518544812645 148.155079654616 149.817380362074 157.504296352839 169.30047969875 169.700029302281 160.159822529556 147.931287388109 143.912758307445 153.025770655625 154.887057410355 156.929700782024 132.712432872296 132.770723315898 133.452961407749 120.823945591486 118.013252720349 118.737905389397 111.734524355783 109.032788979538 102.53066620736 104.352974526801 107.093268274892 106.568262672686 102.51967834217
236.02128941178 231.608525436695 233.404554202771 237.933222543407 230.219667036632 234.530886154455 224.117919355092 222.587472329218 226.048570947162 209.462941473561 172.565182787538 166.623197685322 167.141448730981 167.74401098624 161.716039726215 158.611186291242 155.209683898518 154.141475802116 159.061162723425 191.7647035546 193.602885169813 191.775668435175 174.778659914597 148.043401156757 156.833645471708 157.323403492424 144.085358174193 147.385422114017 165.763652178604 168.352414978194 171.074471500585 158.273370147175 161.995346224999 154.738412802295 155.034574861109 157.875335472717 148.27360244575 141.794272592578 133.009674120771 134.311763216446 120.516440265978 117.751418653778 118.397988471087 110.193812992716 105.232991761648 101.254936277146 102.472783440447 105.90651480499 105.508985640301 102.624110974287
226.548448995561 224.90835293077 218.412765629158 213.469982647751 210.00207763719 204.281363748825 186.23695411534 182.107824224574 215.289279722878 197.97959008443 180.194724835648 167.61023485997 162.812832537174 161.923933196461 167.097016859651 181.278433075361 189.830667479279 183.014880072762 184.420942309292 198.331722075814 192.503577698818 187.333388469794 187.959040074098 174.680460748721 163.349951799491 144.64594378108 149.669626189085 152.243212386662 171.348465407914 168.339477547125 152.398841648246 164.667351881799 160.531032792438 147.798022728372 135.423861642047 136.597905276203 143.137210585944 141.302961079589 137.420103761187 133.554636495943 121.463790478177 117.860911926619 113.768239796945 117.662933256307 105.279958941084 102.357355824466 100.346185075286 104.569597457785 108.12855736624 100.313004247476
224.165591997127 220.035308744493 211.775130311701 199.546628011116 197.115505604936 195.971727312662 186.065860499372 182.399534254566 201.141196437185 184.380767316445 176.421086665682 168.154961228092 163.818802005341 164.237414163699 164.909360174361 171.171647160162 183.114793478966 192.017292170105 201.464005219888 194.149981200143 189.64133010175 178.527657168778 185.987264922805 186.930210023568 171.595875476729 142.903221615879 142.941986807837 140.177543685969 147.650948606757 157.169939938395 152.461335459586 162.135982229853 145.625047874777 147.021669843031 135.012347393683 135.516023532496 140.80341249274 137.066400117818 135.010136567501 139.6446676131 126.471105279369 117.797426020958 111.980974801993 113.383904912496 105.365124685132 102.227417407019 99.8534076267089 100.742976900167 101.970713365879 99.2169097264277
226.764156410265 219.439178545574 208.616522759393 202.27863924378 196.512542964702 189.902218647377 184.486610311977 183.278403820509 193.666891462132 176.280729920769 170.072363300391 165.668511957329 164.421030833721 166.301508937557 164.117554612742 156.307962327523 165.927062581321 186.031473947786 187.951769480544 190.395131419668 185.597233796301 179.870094030614 181.956821264586 180.285551245538 162.072023184234 142.215296210065 141.074810911646 139.603384135116 143.343158049479 158.17802483619 148.174094980932 150.065308053016 141.636335413495 143.796812469716 134.201837840866 130.402054694213 132.750225034753 138.826056362148 129.227103739718 127.959305410008 125.190701530025 120.948984646937 110.207194270523 110.603712757625 106.297764383189 104.034815276586 99.7146898253136 100.766911186374 100.913562267306 98.1022920120793
233.739339307293 222.92207720313 210.880452712807 206.456188479104 199.137501068345 191.187483447746 185.046100771388 184.265180512986 194.45537388978 187.218665349753 173.46018002554 165.102769857825 162.378371723541 162.643478311904 162.722125355727 165.778042868446 184.262434069931 187.143185231619 175.408638980614 186.094391115275 185.673284402644 182.840998088567 179.463756006744 166.948005827278 152.769697805355 142.411789010527 143.588582528452 150.225376257269 163.345567567242 171.339138713477 147.37711203862 152.520884346941 149.061177371712 145.152075648394 138.63909830611 129.769586128976 129.153985364322 128.575284397647 120.691691991863 118.346566058996 117.162507569819 117.989151517965 112.774287266175 112.383305225878 109.39576552535 107.511287095845 99.4763600711991 101.699947674111 102.001661769549 97.9433872777817
234.229766085072 225.268866851694 217.191392720485 207.872229413012 201.227141613276 194.342271830597 188.664324386636 184.680696971827 185.213067565746 186.055493235337 178.844461487633 170.783012484914 166.366042922834 160.413434308004 160.642721295333 173.235731278698 192.93413159604 174.854692796351 167.523965600405 182.319095877181 189.707511735275 187.296446436498 186.281458725166 174.089386832803 164.388839379967 146.597835052604 147.805019710477 157.605029120262 174.024324899579 169.344034903608 164.101362892435 160.822701951093 147.7188444139 146.430069338529 144.25476543423 133.567029363023 134.275193408736 126.70690827861 126.787640327728 118.287627268473 114.212456994557 112.415528996367 115.011030720222 115.487936098441 116.808675991246 109.137163140435 99.781274488629 100.877086025608 101.319400038039 98.3750037140495
