rcp4.5models/CNRM_CM5/sc1gr6.27
NCOLS 261 
NROWS 433 
XLLCORNER 336357.134 
YLLCORNER 654653.479 
CELLSIZE 1000 
NODATA_value -3.4e+38 
[rows 110 to 131 of 433, columns 98 to 146 of 261]
764.037109375 767.538879394531 769.498779296875 773.452331542969 777.000610351562 780.722900390625 784.376831054688 787.954284667969 791.230529785156 794.263427734375 797.790222167969 801.053344726562 804.2587890625 806.935485839844 813.301635742188 816.912231445312 820.689453125 823.444396972656 826.518371582031 829.479675292969 832.625732421875 835.524230957031 838.947937011719 840.773254394531 843.132446289062 845.819702148438 852.704467773438 855.509887695312 859.186157226562 860.325561523438 860.93408203125 864.247802734375 869.162170410156 871.546508789062 872.484802246094 874.007080078125 877.326599121094 883.178833007812 886.578552246094 890.013305664062 895.054016113281 898.178894042969 902.103881835938 905.612365722656 909.426208496094 910.269409179688 912.504089355469 914.947082519531 919.885070800781
764.290161132812 767.573547363281 769.267028808594 773.702270507812 776.724975585938 779.722717285156 783.089965820312 786.969543457031 790.276245117188 793.040588378906 796.586669921875 800.238647460938 804.062744140625 807.607116699219 813.682739257812 816.185241699219 819.941711425781 822.895324707031 826.420349121094 830.001586914062 833.470520019531 835.586853027344 838.665771484375 841.331787109375 844.605346679688 847.397583007812 852.094848632812 854.810729980469 858.487121582031 859.78955078125 860.706176757812 865.588134765625 869.204833984375 871.20654296875 872.056884765625 874.884216308594 878.166137695312 883.620178222656 887.607360839844 891.974365234375 895.770690917969 899.469909667969 903.454040527344 907.346923828125 909.932189941406 911.1767578125 913.240844726562 915.650146484375 919.719543457031
764.001159667969 767.679504394531 770.1572265625 774.564025878906 777.095092773438 780.150939941406 782.754028320312 785.962463378906 789.309936523438 792.686950683594 796.369812011719 799.696899414062 803.301513671875 806.438842773438 812.25048828125 -3.4e+38 818.411437988281 821.745056152344 825.849853515625 830.293884277344 833.658020019531 836.437622070312 838.810791015625 842.47802734375 845.077331542969 847.451416015625 851.67138671875 853.500610351562 855.546813964844 858.465881347656 861.525512695312 866.026306152344 868.532287597656 870.439208984375 873.049743652344 876.588684082031 878.652160644531 884.12451171875 888.893432617188 892.984191894531 896.523254394531 900.007080078125 903.659729003906 907.159240722656 908.563781738281 910.95703125 912.533630371094 915.234680175781 919.055786132812
764.238830566406 767.504821777344 770.821533203125 773.934997558594 777.476440429688 780.165893554688 783.487976074219 785.861145019531 789.133239746094 792.359191894531 796.147155761719 799.05419921875 802.810363769531 805.21240234375 811.457153320312 814.946166992188 817.612976074219 821.051696777344 825.229858398438 828.766052246094 832.037048339844 836.290954589844 839.458679199219 842.71533203125 844.836486816406 847.206787109375 852.099731445312 853.660034179688 855.762817382812 858.476623535156 862.447448730469 867.048400878906 870.480773925781 871.537963867188 874.905639648438 877.660766601562 879.5390625 -3.4e+38 -3.4e+38 -3.4e+38 -3.4e+38 899.667114257812 903.768249511719 905.869750976562 908.218322753906 910.119506835938 911.21875 913.797241210938 918.6435546875
763.886657714844 767.177185058594 770.852661132812 774.1513671875 777.471374511719 780.175170898438 784.18115234375 786.173034667969 788.705810546875 792.230834960938 795.622680664062 798.474243164062 802.769958496094 805.135314941406 811.794860839844 815.545288085938 818.733093261719 820.780029296875 825.0537109375 827.812194824219 831.397155761719 836.264770507812 839.458618164062 842.402709960938 845.590637207031 847.891784667969 852.412414550781 854.182861328125 856.679870605469 859.213989257812 864.153076171875 869.459228515625 871.834411621094 871.606018066406 874.857604980469 877.10107421875 -3.4e+38 -3.4e+38 -3.4e+38 -3.4e+38 -3.4e+38 898.925231933594 903.161804199219 906.216796875 908.912963867188 910.031433105469 911.194641113281 913.334533691406 919.258605957031
761.6728515625 764.401245117188 768.976135253906 775.97119140625 778.888793945312 782.139770507812 784.942687988281 787.324035644531 789.456787109375 792.563781738281 796.80712890625 799.964111328125 803.426818847656 805.113952636719 813.058227539062 816.355529785156 819.290283203125 823.252258300781 826.128051757812 828.302856445312 831.944702148438 834.737243652344 839.296875 843.470153808594 845.911560058594 847.533264160156 852.101379394531 854.433471679688 856.992492675781 860.25390625 865.2939453125 868.928100585938 871.096252441406 874.301696777344 877.029174804688 879.505004882812 878.913635253906 887.164855957031 890.251525878906 893.080871582031 896.242065429688 898.228393554688 901.419250488281 905.593627929688 907.794006347656 909.318298339844 911.375427246094 914.710571289062 919.567687988281
762.725463867188 764.642517089844 768.275146484375 775.160034179688 778.952941894531 782.468017578125 785.333679199219 787.575561523438 789.784301757812 792.60986328125 797.629943847656 800.866455078125 803.74560546875 805.750244140625 812.941528320312 816.464599609375 819.128662109375 823.840026855469 826.326171875 828.802062988281 832.924377441406 835.215881347656 838.785217285156 842.866943359375 845.091857910156 847.334411621094 852.458190917969 854.468872070312 858.11474609375 859.950012207031 865.576171875 867.759460449219 869.314331054688 872.193298339844 875.026184082031 878.540588378906 878.876953125 887.517822265625 890.952819824219 894.471008300781 896.002990722656 897.971435546875 901.589416503906 905.276245117188 907.646789550781 909.347534179688 911.657897949219 915.003845214844 917.421997070312
763.419616699219 766.250366210938 768.267517089844 774.963256835938 778.356506347656 782.364196777344 785.992492675781 788.321716308594 790.26318359375 792.941284179688 797.116088867188 801.4755859375 804.370727539062 806.779663085938 813.226623535156 816.6103515625 820.789306640625 824.791015625 826.9443359375 829.417419433594 832.683654785156 835.993103027344 -3.4e+38 841.795959472656 845.901672363281 848.813354492188 853.455200195312 855.5283203125 859.174621582031 861.113342285156 865.108825683594 866.3974609375 868.458435058594 871.062194824219 874.026794433594 877.852416992188 878.852844238281 887.005676269531 891.27099609375 894.640502929688 895.311889648438 897.471984863281 900.97021484375 904.712036132812 907.001525878906 909.145874023438 912.026245117188 915.193176269531 917.697326660156
761.932678222656 766.569213867188 768.393432617188 775.617858886719 778.36865234375 781.792724609375 785.644653320312 788.580322265625 790.891174316406 794.080505371094 796.749694824219 800.251342773438 804.574645996094 807.985961914062 813.664184570312 817.01953125 822.080749511719 825.558471679688 828.331481933594 829.63720703125 832.299377441406 836.427978515625 838.577087402344 842.151550292969 846.188842773438 849.103576660156 853.915222167969 856.173156738281 859.098999023438 861.476318359375 864.663208007812 866.684936523438 868.421447753906 871.726745605469 874.971740722656 878.159057617188 879.621520996094 886.553527832031 891.736938476562 894.152465820312 895.24609375 897.493286132812 901.025634765625 904.791625976562 907.224487304688 909.646911621094 913.118408203125 915.8515625 918.40283203125
759.703796386719 765.018005371094 767.767700195312 775.508666992188 778.401123046875 782.183349609375 785.262329101562 788.123474121094 791.997497558594 795.43115234375 797.913391113281 800.323852539062 804.311462402344 807.171569824219 813.69775390625 817.197631835938 821.202331542969 824.93212890625 828.196350097656 829.661743164062 833.018493652344 837.324829101562 839.195007324219 843.704162597656 846.753112792969 848.461608886719 852.906127929688 855.100219726562 858.064697265625 860.446899414062 863.432189941406 865.782836914062 867.643615722656 872.165222167969 875.172302246094 877.267944335938 879.166442871094 886.240844726562 891.644836425781 893.561279296875 895.427001953125 897.999633789062 901.448791503906 905.423522949219 907.547424316406 910.436462402344 913.22900390625 914.953308105469 918.400329589844
758.502258300781 762.869445800781 766.43212890625 774.940368652344 777.182983398438 781.463684082031 784.979309082031 788.406982421875 792.487060546875 795.818908691406 798.677795410156 801.536193847656 804.27392578125 807.102905273438 814.016723632812 -3.4e+38 820.531127929688 824.742492675781 828.335266113281 830.719787597656 834.12109375 837.711242675781 839.655639648438 844.265197753906 846.398010253906 847.3505859375 852.622924804688 853.697998046875 856.9560546875 860.196899414062 862.62841796875 864.796813964844 866.710510253906 870.363586425781 873.54443359375 875.6279296875 878.798767089844 886.444702148438 890.60302734375 893.171813964844 895.077026367188 897.75244140625 901.435424804688 905.616455078125 907.455078125 909.7294921875 912.171447753906 913.214111328125 919.431396484375
758.300720214844 761.912231445312 765.612854003906 773.973205566406 775.988647460938 779.941528320312 784.260009765625 787.85302734375 791.484252929688 794.800903320312 798.371459960938 802.091003417969 804.785583496094 807.209838867188 814.573852539062 817.3193359375 821.057189941406 824.872741699219 828.205627441406 831.784057617188 834.230102539062 837.198486328125 839.572265625 843.382568359375 845.513610839844 846.397644042969 851.89306640625 853.401611328125 856.398864746094 859.442016601562 862.162414550781 864.896667480469 866.872924804688 868.256103515625 871.856872558594 875.569030761719 881.030151367188 887.520141601562 889.105346679688 892.39697265625 894.402465820312 897.105529785156 901.119750976562 904.654602050781 905.782653808594 907.607238769531 910.851318359375 913.226379394531 920.784057617188
758.138305664062 762.041076660156 765.720703125 772.959594726562 775.042114257812 778.353515625 782.921691894531 786.724609375 789.955688476562 794.036071777344 796.892028808594 800.212707519531 803.829833984375 806.379821777344 813.860656738281 817.290893554688 820.257507324219 824.199768066406 828.516479492188 832.647705078125 833.866577148438 836.22900390625 838.741149902344 841.91845703125 844.817504882812 845.360412597656 850.552612304688 852.04833984375 855.255798339844 857.591979980469 860.529052734375 864.118835449219 866.760986328125 868.530090332031 872.966186523438 879.321472167969 883.9091796875 887.396118164062 888.057434082031 891.371154785156 893.746765136719 896.995239257812 900.76025390625 903.7880859375 904.309814453125 906.45068359375 -3.4e+38 -3.4e+38 920.838256835938
757.409057617188 762.212158203125 765.644897460938 772.099914550781 773.771057128906 777.178039550781 781.419860839844 785.359252929688 788.270385742188 792.064514160156 795.487243652344 798.118774414062 802.792358398438 805.627197265625 812.432434082031 817.210266113281 819.396484375 824.308715820312 828.571716308594 831.978515625 833.300598144531 835.482238769531 837.997619628906 840.414733886719 842.72998046875 843.818054199219 849.839965820312 850.909484863281 853.868530273438 856.835815429688 859.110412597656 862.671752929688 865.830200195312 869.719055175781 875.737182617188 882.598205566406 883.84228515625 885.507202148438 887.450805664062 890.718994140625 893.159790039062 896.921997070312 901.088134765625 903.613159179688 904.683288574219 909.017150878906 913.401184082031 -3.4e+38 -3.4e+38
757.611755371094 762.07666015625 764.980041503906 770.632080078125 772.732238769531 776.568237304688 779.638000488281 783.502197265625 787.254150390625 790.837463378906 794.078308105469 797.507690429688 802.206115722656 805.463134765625 811.904479980469 815.927856445312 819.80712890625 823.429992675781 827.205017089844 831.112548828125 833.55224609375 835.510375976562 836.578857421875 839.72607421875 840.903686523438 843.079650878906 849.751098632812 851.333618164062 853.274597167969 856.463989257812 859.064208984375 862.347900390625 866.327697753906 872.515014648438 877.63818359375 881.0400390625 881.776245117188 884.15966796875 887.333984375 890.298950195312 892.395568847656 896.282287597656 900.985961914062 902.971130371094 903.586791992188 907.658874511719 -3.4e+38 912.099487304688 -3.4e+38
756.560729980469 760.266906738281 763.02685546875 769.065979003906 771.558044433594 775.466918945312 779.166442871094 782.818908691406 787.201782226562 791.175109863281 793.734436035156 797.971130371094 801.4013671875 805.533020019531 812.760864257812 815.791137695312 820.23046875 822.552795410156 825.986022949219 830.401489257812 832.560546875 833.907348632812 835.956298828125 839.977722167969 841.033874511719 842.765747070312 849.313293457031 850.705810546875 852.862854003906 857.100036621094 859.874267578125 862.085205078125 867.096801757812 873.653137207031 877.114624023438 878.532653808594 880.258056640625 884.638244628906 887.7099609375 889.706298828125 892.089782714844 895.890014648438 900.242309570312 902.288513183594 902.938171386719 904.691162109375 908.7119140625 912.588623046875 917.992065429688
752.695190429688 757.282653808594 -3.4e+38 -3.4e+38 770.984436035156 773.963317871094 777.695861816406 781.253845214844 785.290100097656 788.643737792969 792.003845214844 795.309753417969 800.091247558594 803.574157714844 811.753723144531 815.375183105469 818.657043457031 820.893249511719 824.761535644531 828.791259765625 831.382751464844 832.245849609375 834.203063964844 837.35107421875 839.899291992188 842.774169921875 847.431213378906 850.263488769531 854.501953125 858.866577148438 861.271118164062 866.439697265625 871.006469726562 872.609008789062 873.492980957031 876.159484863281 878.627868652344 883.633056640625 886.013916015625 889.125 891.994018554688 895.486877441406 899.498046875 901.057983398438 902.452575683594 905.083984375 907.647155761719 912.047668457031 916.151672363281
751.5 -3.4e+38 -3.4e+38 767.359497070312 771.289245605469 774.493286132812 777.431701660156 780.297485351562 784.101989746094 788.179809570312 792.217346191406 796.139099121094 800.165161132812 802.639831542969 811.333984375 814.643188476562 817.003967285156 820.173095703125 824.566589355469 828.954284667969 832.403076171875 833.355712890625 835.518188476562 837.026611328125 839.8525390625 842.186096191406 847.581909179688 850.455810546875 854.102172851562 858.337951660156 862.241760253906 867.549499511719 868.788208007812 869.616088867188 871.887817382812 874.543029785156 877.341003417969 882.967956542969 885.335021972656 888.617858886719 891.943359375 895.373107910156 898.005981445312 900.794616699219 902.4970703125 904.595275878906 907.781372070312 912.264526367188 916.164978027344
751.671081542969 -3.4e+38 759.486389160156 767.844909667969 771.57275390625 775.387878417969 777.0947265625 780.960998535156 783.827514648438 787.167297363281 791.335876464844 795.552856445312 798.930419921875 802.434265136719 810.299987792969 813.381530761719 815.729248046875 819.302001953125 823.222534179688 828.203430175781 832.603881835938 833.499145507812 835.044799804688 836.581665039062 839.662353515625 841.6494140625 847.747619628906 849.905090332031 854.076110839844 858.494750976562 862.6923828125 864.076416015625 865.602294921875 867.428955078125 870.606506347656 873.000732421875 876.002685546875 881.789794921875 884.776916503906 888.616271972656 892.016967773438 895.13525390625 897.510192871094 900.823974609375 902.472900390625 903.8251953125 907.968017578125 912.978271484375 916.097351074219
751.862548828125 -3.4e+38 758.887390136719 767.580810546875 772.038452148438 774.909057617188 777.133422851562 780.536254882812 782.916259765625 785.746337890625 789.797058105469 793.261169433594 797.211608886719 801.969299316406 808.875732421875 811.659973144531 814.841003417969 819.153259277344 823.034973144531 827.389587402344 832.497497558594 833.20458984375 834.005676269531 836.411254882812 839.435852050781 842.3173828125 847.031372070312 850.093933105469 854.820251464844 858.904357910156 862.214111328125 862.051147460938 864.401977539062 866.2822265625 869.311645507812 871.843688964844 875.5263671875 882.064880371094 884.494262695312 888.212036132812 891.794677734375 894.634643554688 898.055114746094 900.822387695312 902.042358398438 903.536254882812 908.138000488281 913.337829589844 916.378479003906
752.464111328125 755.557312011719 758.494445800781 766.635437011719 771.044250488281 773.293334960938 777.009582519531 781.16796875 783.856506347656 786.85595703125 789.790893554688 792.736877441406 796.856750488281 800.530151367188 806.885620117188 810.738037109375 814.534851074219 820.001037597656 824.667358398438 828.352416992188 832.850280761719 833.626831054688 834.0078125 836.46142578125 838.987854003906 843.403625488281 847.128173828125 853.182006835938 855.516967773438 860.781799316406 860.845886230469 861.662780761719 864.47021484375 866.382263183594 868.97265625 873.569946289062 875.845764160156 882.58837890625 884.362731933594 887.633850097656 891.801696777344 895.082275390625 897.9423828125 900.118591308594 901.500549316406 904.216796875 908.563354492188 913.090087890625 917.084289550781
753.168884277344 755.968688964844 758.804931640625 765.24658203125 769.011962890625 772.051513671875 776.315734863281 780.510375976562 784.527526855469 787.401611328125 790.769348144531 793.298522949219 796.152770996094 799.136901855469 805.815063476562 810.041198730469 814.213623046875 819.141357421875 823.854919433594 827.76318359375 832.143676757812 833.231750488281 833.5400390625 835.826354980469 839.399658203125 843.144836425781 847.539611816406 854.073669433594 855.03125 859.64306640625 859.369140625 860.782470703125 863.76171875 865.914245605469 868.980163574219 873.536743164062 875.221374511719 882.069396972656 883.914184570312 887.391235351562 892.321899414062 895.192077636719 897.4306640625 899.986022949219 900.883056640625 904.177612304688 908.387817382812 912.077026367188 918.606994628906
