rcp4.5models/CNRM_CM5/sc1gr4.2
NCOLS 261 
NROWS 433 
XLLCORNER 336357.134 
YLLCORNER 654653.479 
CELLSIZE 1000 
NODATA_value -9999 
[rows 44 to 65 of 433, columns 100 to 149 of 261]
288.879480425843 288.961302104159 289.075753353769 289.030414599789 289.111939671981 289.528698447239 289.950359991346 289.960036338126 289.978651713951 290.145729056619 290.14450294505 290.016118446058 290.293873252823 290.387800768322 290.558470817613 290.836563308236 290.880254520715 290.846584272363 290.850595857989 291.146123237603 291.215442639245 290.575414634601 -9999 -9999 -9999 -9999 -9999 -9999 -9999 -9999 -9999 -9999 -9999 -9999 -9999 -9999 -9999 -9999 -9999 -9999 -9999 -9999 -9999 -9999 -9999 -9999 -9999 -9999 -9999 -9999
288.883923926005 288.74410102598 288.876260566801 289.422218710042 289.264718141986 289.124811988375 289.383623808256 289.800438273039 289.816061912088 289.929352250722 290.003407155544 290.118911573337 290.038698620403 290.040469869164 290.152487482293 290.250729129664 290.425510311587 290.543161764476 290.365882314266 290.57501180024 290.824689448369 290.711311203021 290.948694014641 -9999 -9999 -9999 -9999 -9999 -9999 -9999 -9999 -9999 -9999 -9999 -9999 -9999 -9999 -9999 -9999 -9999 -9999 -9999 -9999 -9999 -9999 -9999 -9999 -9999 -9999 -9999
288.888250852383 288.854649511861 288.927167767846 289.11425654267 289.267905249353 289.117848888944 289.160689846754 289.803819612342 289.823099093233 289.996109959288 290.097480707434 290.003519638512 289.969590943825 290.049207616707 290.204909520773 290.163052905659 290.240243837142 290.355022692665 290.30778158763 290.311883673337 290.27715993547 290.283211044339 290.712456073029 291.009847662309 283.845681890919 -9999 -9999 -9999 -9999 -9999 -9999 -9999 -9999 -9999 -9999 -9999 -9999 -9999 -9999 -9999 -9999 -9999 -9999 -9999 -9999 -9999 -9999 -9999 -9999 -9999
288.465691289864 288.918133317796 289.032809084943 289.046963047783 289.168239633045 289.116161641667 289.041769413212 289.404538153695 289.826608330696 290.003415202744 290.157125392233 290.003394251463 290.020598605052 289.956795723084 290.213700723588 290.222484405925 290.231169625741 290.250691730101 290.329652915159 290.157754070339 290.214417540628 290.374970188071 290.856005641395 291.070377833529 288.826174112162 -9999 275.528875539536 -9999 -9999 -9999 -9999 -9999 -9999 -9999 -9999 -9999 -9999 -9999 -9999 -9999 -9999 -9999 -9999 -9999 -9999 -9999 -9999 -9999 -9999 -9999
288.244898974172 288.923465865941 289.09497542366 289.100614392447 289.01213171941 289.121527294434 289.077313378424 289.163463833959 289.530856640364 289.999815463218 290.061685368289 289.993926891133 289.930911085603 289.990441399914 290.112140074753 290.131258344523 290.244873392706 290.342625154376 290.289009530332 290.0886712232 290.093620194752 290.40194000183 290.904553956905 291.259779214616 290.025969182221 283.800522626495 -9999 -9999 -9999 -9999 -9999 -9999 -9999 -9999 -9999 -9999 -9999 -9999 -9999 -9999 -9999 -9999 -9999 -9999 -9999 -9999 -9999 -9999 -9999 -9999
287.932744691182 288.926995589588 289.082410166729 288.689105770398 288.949023784367 288.913692979145 288.941166716957 289.250473046383 289.238586141811 289.567891351929 289.479494390459 289.488541479952 289.882921204988 290.044356440624 290.063014674515 290.172512904261 290.222370296654 -9999 290.143735825217 290.089091717764 290.044378324792 290.148547108174 290.736366925035 291.063307974848 290.831252544823 288.648786237484 275.300909682196 275.501582243598 275.522465980797 -9999 -9999 -9999 -9999 -9999 -9999 -9999 -9999 -9999 -9999 -9999 -9999 -9999 -9999 -9999 -9999 -9999 -9999 -9999 -9999 -9999
287.859602567345 288.930442495372 289.059382560489 288.050058579293 288.844359228195 288.802774797786 288.929470389048 289.212800225481 289.255543752105 289.111929533149 288.974182736637 289.102622196682 289.589244001046 289.90453460376 289.588929034629 290.127240316783 290.123163641023 -9999 289.722517835986 290.111452610768 290.20347934463 290.187794184333 290.461871861361 290.715683629837 290.830650797974 288.637145783002 275.436240132821 275.49543404316 275.510463610013 275.531450051509 -9999 -9999 -9999 -9999 -9999 -9999 -9999 -9999 -9999 -9999 -9999 -9999 -9999 -9999 -9999 -9999 -9999 -9999 -9999 -9999
287.91244490955 288.926131461898 288.848998092267 287.894440516679 288.062003800352 288.488670765055 288.654173564438 288.624832265967 288.677381645569 288.463886173123 288.371118757881 289.032841406339 289.190143488938 289.441867248069 289.30594323285 290.057284899208 289.92865771028 289.526848331907 289.295449444532 289.939317658411 290.289951221893 290.375752456425 290.310783804798 290.426776357627 290.725686795539 289.943962198172 285.110298848875 283.678198304602 275.546402412562 275.318390404756 -9999 -9999 -9999 -9999 -9999 -9999 -9999 -9999 -9999 -9999 -9999 -9999 -9999 -9999 -9999 -9999 -9999 -9999 -9999 -9999
288.014814900452 288.613387886352 288.75731467407 288.354370770613 287.858093259487 288.199658348268 288.269097071609 288.315480722664 288.214350271877 288.064092643197 288.084716856521 288.929094462334 289.058825672626 289.229357542585 289.383619554854 289.823855560133 289.503002533097 289.524606932515 289.276667431404 289.910008608072 290.197418765862 290.330766850802 290.248384174154 290.621982907018 290.81507217467 290.651006308528 291.149790836391 288.555509765476 275.334389192394 275.316672288864 275.553121878152 -9999 -9999 -9999 -9999 -9999 -9999 -9999 -9999 -9999 -9999 -9999 -9999 -9999 -9999 -9999 -9999 -9999 -9999 -9999
288.06406458201 288.020039573836 288.465899881416 288.690537744665 287.971566221404 288.145211018424 288.246018297745 288.10181456293 287.958874729391 288.00253796812 287.986627085969 288.875579906615 288.575568526806 289.123560639899 289.201342151788 289.293137044925 289.08320269918 289.436427292101 289.446730391294 290.051949087366 290.123990784523 290.166657218387 290.091505199559 290.528153894117 290.670778928058 290.609368101499 290.723013700336 288.502773140977 275.107685583826 275.46068066437 275.63596848731 275.496812618597 -9999 -9999 275.374873546799 -9999 -9999 -9999 -9999 -9999 -9999 -9999 -9999 -9999 -9999 -9999 -9999 -9999 -9999 -9999
288.051993374491 287.89333060926 288.3019598401 288.722516338141 287.43461275956 287.536380479167 288.065197555254 287.466677298839 287.508727113933 287.429592962006 288.128380199913 288.834760180675 288.292242057847 -9999 288.8792939238 289.058387147957 288.942736494324 289.163200931482 289.330470622347 290.072533224836 289.848238080473 -9999 289.985948890773 290.123025061981 290.358794010634 290.750894384486 290.683534209697 289.835640249718 282.912295935 275.593622762633 275.65271576738 275.598566374173 275.35971692599 -9999 -9999 275.514068603516 -9999 -9999 -9999 -9999 -9999 -9999 -9999 -9999 -9999 -9999 -9999 -9999 -9999 -9999
287.629335548815 287.119810930581 288.075985866508 -9999 287.437843719477 287.187361325717 -9999 287.061510969407 287.126733286296 287.193498632482 -9999 288.889342749636 288.332452534135 -9999 288.374136622351 288.863583811732 288.823366303379 288.911998868463 289.222603040309 290.038673565469 289.568491641291 289.9289507498 289.985167158977 290.082078871504 290.174547835532 290.868696070897 291.055228700679 290.958325392672 289.409819764119 283.469934081632 275.444555879946 275.426470481458 275.335806869166 -9999 275.475111775759 -9999 275.514068603516 -9999 -9999 -9999 -9999 -9999 -9999 -9999 -9999 -9999 -9999 -9999 -9999 -9999
286.918806480221 287.202257194073 -9999 -9999 287.63635672811 287.029080009265 286.887749994777 287.71997056398 287.058240873124 287.735600140299 -9999 289.002345266006 288.331547905357 288.003051350303 288.031172663008 288.233325562193 288.421437304364 288.422957361175 289.828647711373 289.152183717424 289.058638967412 289.671844821069 289.254498471711 289.246804932498 290.066542025828 289.987293716712 290.676514613703 290.772605417159 290.209846889542 290.366233641523 287.885130822817 274.84416175582 275.22054412759 275.399836559169 275.32341512006 275.367177170942 -9999 -9999 -9999 -9999 -9999 -9999 -9999 -9999 -9999 -9999 -9999 -9999 -9999 -9999
286.091022095304 287.830893691395 -9999 -9999 287.847804253466 287.51980996804 287.566486799267 287.520777885629 287.5771801936 288.045696957456 288.328100227667 288.369217115898 287.870029455921 288.067630952413 288.087393474 288.184563606313 288.208624910043 288.769991343793 -9999 288.519278500682 288.734627602354 289.224304284801 288.848872588303 289.185788743037 -9999 289.918619469196 289.590962665668 289.625672135035 289.492347868523 290.17865980284 287.539127303405 274.53051084196 275.047960175663 275.34724072286 -9999 -9999 -9999 -9999 -9999 -9999 -9999 -9999 -9999 -9999 -9999 -9999 -9999 -9999 -9999 -9999
286.048668426344 288.115940796018 -9999 288.015570548293 287.804900062997 287.718473295162 287.738813356176 287.149143095914 287.480404920556 288.126445343622 288.090181042049 287.999727991485 287.760291069162 288.059123099695 287.981289996997 288.085412042982 288.478645763388 -9999 -9999 288.216623139117 288.886456329176 288.949368592489 288.788670357512 288.758522523847 289.018364816519 289.76604018392 289.161417812502 289.046365900565 289.284817450885 289.992625636152 288.858343202653 282.237110022937 274.590462123519 274.863299816524 -9999 -9999 -9999 -9999 -9999 275.491726881873 275.404458448449 -9999 -9999 -9999 -9999 -9999 -9999 -9999 -9999 -9999
285.877402679097 288.118233314784 288.118833964951 287.942426197019 287.490475418369 287.465105206116 287.717195606693 287.052417688399 287.651784430668 288.179682324884 288.02682860406 287.908136873403 287.950740903458 288.076148973551 288.099438376567 287.962493741932 288.369565087226 288.995790316899 288.896326687442 288.531760947681 288.575464983558 288.895158462829 288.393460326579 288.435529131285 288.505993423263 289.244595884814 289.078189407919 289.059331902719 289.250932460198 289.465422146733 289.544794837645 287.240981537376 274.447240636525 275.220089596057 -9999 -9999 -9999 -9999 -9999 -9999 275.347888266375 275.353478168024 -9999 -9999 -9999 -9999 -9999 -9999 -9999 -9999
286.593379205304 288.120444978181 288.114798896547 287.858285794831 287.73445753737 287.619821923172 287.290765707447 287.131285851375 287.395001440983 288.181477623262 287.976854895523 287.389796807984 287.971191044405 288.091304496509 288.212968347644 287.966986648397 288.380371809831 288.929490027414 288.826631479059 288.616531172051 288.245641745415 288.875278038519 288.335076738662 288.898740601385 288.12411253326 288.5041713036 289.025556526268 289.027678360222 289.02338920715 289.133149856432 289.391821998934 289.189370927519 283.102182543562 275.630591743451 -9999 -9999 -9999 -9999 -9999 -9999 275.265783565243 275.349052731481 -9999 -9999 -9999 -9999 -9999 -9999 -9999 -9999
287.093633805138 288.01546137576 288.006217462322 287.718461400771 287.987413715366 288.018255431727 287.70174672496 287.207125324867 287.58344046972 287.981978636446 287.892342414936 287.451570986591 287.927846459052 288.164298536566 288.029729382298 287.96006627395 288.299960577655 288.782363396672 288.365766736079 288.307649394942 288.268074789843 288.444244453419 288.424115224708 289.068641434749 287.90934717387 288.012329077073 288.669599599514 289.344782295814 288.940344422248 289.318453032094 289.791497452327 290.81252076393 288.915744050009 275.424791023932 275.437136881179 -9999 -9999 -9999 -9999 -9999 -9999 275.420870693296 275.349966708816 -9999 -9999 -9999 -9999 -9999 -9999 -9999
287.084855258338 287.84503637388 287.74688885563 287.671225307769 288.096664814116 288.117319583407 287.493943179368 287.03097895396 287.751589336741 287.760977673756 287.764667743164 287.663929642518 287.91495575966 287.944684486222 287.26294218379 287.832162131288 288.001581751724 288.722059166922 288.300464636665 288.151419098946 288.295863396236 288.229028779148 288.242460411554 288.996339035227 287.722311156787 288.261251742703 288.884038713149 289.192899621131 288.780453052997 289.445632665926 290.402484481266 291.468447812808 290.770650213444 283.369290311065 275.108374573107 274.483648873901 274.487542451038 274.860883322348 -9999 -9999 -9999 -9999 275.42174619571 -9999 -9999 -9999 -9999 -9999 -9999 -9999
286.980981329755 287.481013313286 287.648909298897 287.87686235737 288.154910442705 288.076523291611 286.952863283958 286.865624463641 287.114052701467 287.663969905251 287.291207791189 287.293201696907 287.437793590173 287.853529527309 287.360881793267 287.330724015718 288.024608081867 288.429820365363 288.771377854462 288.125990339364 288.101286363755 288.091908091044 288.090393586567 288.661765573991 288.068105017037 288.817771883399 288.579036038411 288.51722193845 288.579407089341 289.429102270132 290.63882140739 291.712910787274 291.649473983396 290.341729454347 282.037613683052 273.593676913311 273.796412592129 274.252792011482 274.804272832931 -9999 -9999 -9999 275.491952067152 275.462169831747 -9999 -9999 -9999 -9999 -9999 -9999
286.823967837471 287.301986728049 287.46504361828 288.091000181828 288.156713920707 288.106627724477 287.328991479118 286.889367106748 287.356354569125 287.661758055389 287.244793081582 287.144330875323 286.897211832979 287.226329163687 287.536820510412 287.5254027831 288.107070806656 288.176826735326 288.546993823246 288.137926748717 288.151103958546 287.982964206509 288.004746592009 288.118560662098 288.586616647208 288.453309027269 287.861682730794 288.218563270704 288.444196469763 289.467747828377 290.76942515137 291.532701553089 291.367781054803 290.526448242011 286.242774336593 273.287670665723 274.067815391943 274.24795379805 274.51453229231 274.946958154365 -9999 -9999 -9999 275.485876748672 -9999 -9999 -9999 -9999 -9999 -9999
286.667427048088 287.108613315951 287.558799362167 288.149058003425 288.14327418895 287.88652497125 287.036128311091 287.018886105742 287.713722122838 287.893307719236 287.6482594471 287.210135897733 286.959384351223 287.076852171186 287.303669886173 288.000711494591 288.21173870302 288.188968851471 288.016288555016 288.217768138077 288.015500526275 287.54678512042 288.013384308364 288.15404013861 288.306564512001 287.575044988436 287.628738717227 288.22905778186 289.015248251187 290.108846128614 291.038124232992 291.501890214628 291.271932387133 290.071582636643 287.524044303755 273.246588966144 273.696532317215 274.09153589128 274.241414339765 274.629335268221 -9999 -9999 -9999 275.465203853223 275.344418214406 -9999 -9999 -9999 -9999 -9999
