rcp4.5models/CNRM_CM5/sc1gr8.15
NCOLS 261 
NROWS 433 
XLLCORNER 336357.134 
YLLCORNER 654653.479 
CELLSIZE 1000 
NODATA_value -3.4e+38 
[rows 374 to 395 of 433, columns 147 to 195 of 261]
-3.4e+38 -3.4e+38 71.0312042236328 68.1388549804688 65.5004806518555 62.4604187011719 59.7308387756348 57.3619003295898 54.5024070739746 52.2784461975098 -3.4e+38 46.9613876342773 45.6989517211914 44.1399726867676 42.9477119445801 42.0673561096191 41.5540962219238 40.4701766967773 39.447338104248 38.6960029602051 37.9906959533691 37.3988304138184 35.8634872436523 -3.4e+38 34.9872627258301 34.3049392700195 33.9348831176758 33.7445373535156 33.1852569580078 32.4975395202637 32.0807304382324 31.9095802307129 31.5610504150391 30.4581756591797 30.3047332763672 29.9649868011475 29.9325790405273 29.7890605926514 29.3401775360107 29.0063629150391 28.7243518829346 27.9655570983887 27.8424892425537 -3.4e+38 27.5026187896729 27.2435760498047 26.4922752380371 26.3892860412598 26.0676078796387
77.3506622314453 74.0093078613281 71.3714294433594 69.1384429931641 65.8149719238281 62.411735534668 59.4026565551758 57.2930526733398 55.0832633972168 53.024959564209 50.6975631713867 -3.4e+38 -3.4e+38 -3.4e+38 43.8452606201172 42.6717338562012 41.8460273742676 40.967643737793 39.8472518920898 38.8803787231445 38.2760391235352 37.7931709289551 36.354320526123 36.0860748291016 35.4050750732422 34.782169342041 34.4172592163086 34.1346321105957 33.4214973449707 32.9084854125977 32.5547637939453 32.3801345825195 32.0254173278809 30.9259967803955 30.7696971893311 30.425178527832 30.2782745361328 29.9405174255371 29.7998733520508 29.4630565643311 29.1808567047119 28.4210662841797 28.2965831756592 27.9681015014648 27.9549522399902 27.3760395050049 26.9380168914795 -3.4e+38 26.5162410736084
76.8900299072266 73.6631851196289 71.3731002807617 68.9660949707031 65.9257736206055 62.5168190002441 59.3483467102051 57.2306976318359 55.5481948852539 53.5447998046875 51.3623657226562 -3.4e+38 46.6265029907227 45.2436637878418 44.5022964477539 43.4405517578125 42.2868499755859 41.4690551757812 40.3399772644043 39.371395111084 38.7356185913086 38.2224273681641 36.834903717041 36.5679130554199 35.890941619873 35.263240814209 34.8903694152832 34.6075668334961 33.8963165283203 33.3816909790039 33.020938873291 32.8474998474121 32.4967079162598 31.5995006561279 31.2321853637695 30.8901844024658 30.7406558990479 30.3986911773682 30.2581081390381 29.9220504760742 29.6381092071533 28.7682323455811 28.4375228881836 28.4207019805908 28.4058513641357 27.7946166992188 -3.4e+38 26.9627227783203 26.959056854248
75.8192138671875 73.3325653076172 71.5230941772461 68.5006866455078 65.4934997558594 62.5368347167969 59.3987007141113 57.375789642334 56.0005493164062 54.028190612793 51.8212547302246 48.4198608398438 47.2559051513672 45.9760818481445 45.0027084350586 44.1893844604492 43.2846374511719 42.0770034790039 41.169620513916 40.2133560180664 39.4956321716309 38.7492561340332 37.6187782287598 37.0538330078125 36.3666000366211 35.7403755187988 35.3731460571289 35.1761245727539 34.5804061889648 33.8512687683105 33.4952850341797 33.3181610107422 32.9606475830078 32.2826080322266 31.6972198486328 31.3499069213867 31.2008419036865 30.8608303070068 30.7178821563721 30.378267288208 30.1689071655273 29.4387512207031 28.8911838531494 -3.4e+38 28.4389610290527 28.3123149871826 27.8511238098145 27.3124618530273 -3.4e+38
76.1617736816406 73.476806640625 70.7976608276367 68.3727111816406 65.9505157470703 63.0597343444824 59.8858184814453 57.7236824035645 56.2843284606934 54.4506149291992 52.2332916259766 48.9236679077148 47.7621879577637 46.6326179504395 45.9022331237793 44.9071159362793 43.939079284668 42.839958190918 41.7480430603027 41.002685546875 39.9894676208496 39.4680099487305 38.3153419494629 37.6654663085938 37.1467132568359 36.2215843200684 35.8458824157715 35.6506767272949 35.1469497680664 34.5349502563477 33.961009979248 33.7852745056152 33.4322090148926 32.8255233764648 32.3717155456543 31.815149307251 31.6632652282715 31.3185024261475 31.1758060455322 30.8375034332275 30.7009563446045 30.1094264984131 29.3457012176514 29.221700668335 28.7875862121582 28.444995880127 28.3662853240967 27.9767150878906 27.3384571075439
76.9148406982422 73.6457290649414 70.3723678588867 68.3115386962891 66.5853881835938 63.8358726501465 60.3465423583984 58.0857048034668 56.4860687255859 55.0532531738281 53.0006332397461 49.5872001647949 48.6631317138672 47.3436889648438 46.5566253662109 45.5622062683105 44.1619567871094 43.4706535339355 42.5107841491699 41.498836517334 40.6139373779297 40.2530784606934 39.1442451477051 38.4475860595703 37.7208938598633 37.0350799560547 36.6242256164551 36.1292877197266 35.7314109802246 35.393440246582 34.7090301513672 34.2559661865234 33.8956527709961 33.3765907287598 33.1325988769531 32.5662498474121 32.3362998962402 31.7808494567871 31.6355953216553 31.2931900024414 31.1566696166992 30.639030456543 29.9817199707031 29.5768966674805 29.2394561767578 28.7945556640625 28.4654922485352 28.388765335083 28.0022602081299
77.6586074829102 74.0125885009766 70.3067855834961 67.9619064331055 66.5180435180664 64.2608642578125 60.9585418701172 -3.4e+38 56.8307609558105 55.2553825378418 53.3073081970215 50.0947761535645 49.4332580566406 48.3491897583008 47.0276031494141 46.1503295898438 44.9506645202637 44.2400741577148 43.5743942260742 42.2247772216797 -3.4e+38 40.7438201904297 39.9277877807617 38.9333114624023 38.4210968017578 38.1190071105957 37.3138694763184 36.7278594970703 36.5345153808594 36.0460815429688 35.5652236938477 34.9976692199707 34.3674087524414 33.8377990722656 33.6761016845703 33.3279571533203 33.0930442810059 32.4516868591309 32.0931510925293 -3.4e+38 -3.4e+38 31.1674995422363 30.7254676818848 30.3173942565918 29.9078483581543 29.2437763214111 28.914945602417 28.8059101104736 28.4117832183838
77.375358581543 74.2217178344727 70.1109848022461 68.2061996459961 66.7235107421875 64.5071029663086 61.9735374450684 59.3757705688477 57.1893463134766 55.482852935791 53.9624290466309 51.2048873901367 50.1468772888184 49.0056190490723 47.7860488891602 46.8297920227051 46.0913047790527 45.0323181152344 44.2151756286621 43.114143371582 42.4438705444336 41.6349411010742 40.5093612670898 39.7807922363281 39.2636070251465 38.6929779052734 38.2191123962402 37.7153739929199 37.0116233825684 36.6392440795898 36.4536399841309 35.8597717285156 35.1321220397949 34.3066749572754 34.1415176391602 33.7869834899902 33.6319808959961 33.2079048156738 -3.4e+38 -3.4e+38 32.0691184997559 31.623462677002 31.1791648864746 30.8427715301514 30.6473331451416 29.3767738342285 29.3622627258301 29.2524738311768 28.8285751342773
76.3253784179688 73.9851684570312 70.761116027832 68.9091262817383 66.8641662597656 64.4747848510742 62.619010925293 60.3706092834473 58.1626777648926 56.0515289306641 54.990837097168 52.4757652282715 -3.4e+38 -3.4e+38 48.6793060302734 47.7929992675781 47.0537796020508 46.0279159545898 44.9460258483887 44.1063804626465 43.1978797912598 42.7958068847656 41.2191390991211 40.8989372253418 40.049488067627 39.3600921630859 39.0885009765625 38.4976692199707 37.8173789978027 37.4151611328125 36.8976821899414 36.440544128418 36.187931060791 34.7795600891113 34.6156387329102 34.3445930480957 34.1866073608398 33.8109855651855 33.5431251525879 -3.4e+38 -3.4e+38 -3.4e+38 31.6339435577393 31.2947273254395 31.1694431304932 30.0444412231445 29.8110752105713 29.7002391815186 29.2739658355713
77.8550033569336 74.843864440918 71.940071105957 68.961669921875 67.2372665405273 65.2927627563477 63.6612663269043 62.6515083312988 61.1065940856934 58.3890762329102 56.6182746887207 54.1089973449707 53.5335273742676 -3.4e+38 50.9288635253906 50.141227722168 48.7171173095703 47.6211776733398 46.8954048156738 45.9155387878418 45.2888221740723 44.2767028808594 43.0738563537598 42.3002090454102 41.8675956726074 41.261100769043 40.5753517150879 40.0784111022949 39.2499809265137 38.4688606262207 37.8504867553711 37.3551445007324 36.7374382019043 36.2003326416016 35.8006439208984 35.3866729736328 34.9665946960449 34.4966888427734 34.2490043640137 -3.4e+38 -3.4e+38 -3.4e+38 33.0636520385742 32.6590919494629 32.0696830749512 31.3151988983154 31.132698059082 30.4439468383789 29.7473754882812
79.9098358154297 76.3124237060547 73.0776824951172 70.3748092651367 68.44384765625 66.0944976806641 64.3123168945312 63.1692733764648 61.9017524719238 59.6719589233398 57.8187561035156 55.2327651977539 54.408805847168 53.1989784240723 52.1435317993164 51.207389831543 50.0666542053223 48.9292984008789 48.1371269226074 46.944450378418 46.0882263183594 45.5070304870605 43.8464622497559 43.3746719360352 42.5268325805664 41.783275604248 41.3070449829102 40.5553703308105 39.5982475280762 38.8844413757324 38.4353408813477 37.8654861450195 37.2441062927246 36.2307052612305 -3.4e+38 35.8903961181641 35.4395713806152 34.9238777160645 34.6666526794434 -3.4e+38 -3.4e+38 33.7122459411621 33.5523681640625 33.1508941650391 32.5268135070801 31.9221363067627 31.6018657684326 31.123950958252 30.4358825683594
81.3508682250977 77.6994247436523 74.5500106811523 71.9592361450195 69.7408905029297 67.4328384399414 65.6734008789062 64.1762390136719 62.5703582763672 60.7365570068359 -3.4e+38 56.3013725280762 55.1665878295898 54.3822288513184 53.1459617614746 52.2370567321777 51.3465461730957 50.1383743286133 49.1565818786621 48.0750999450684 47.0205955505371 46.4588584899902 44.646427154541 43.8715133666992 43.2122039794922 42.4107398986816 41.6035270690918 40.8576049804688 40.144287109375 39.493824005127 38.9538917541504 38.2585716247559 37.8493347167969 36.6624946594238 36.2677459716797 35.9185485839844 -3.4e+38 35.4280586242676 34.9863815307617 34.5911636352539 34.2446937561035 33.8926811218262 33.574333190918 33.4187355041504 33.0236053466797 32.3345108032227 31.8071212768555 31.4829368591309 31.129846572876
82.8367919921875 79.7490310668945 77.0764923095703 74.1936111450195 71.3614654541016 68.8348159790039 67.0343246459961 65.4638442993164 63.8477897644043 62.050106048584 60.5461349487305 57.6760673522949 56.6393127441406 55.9205780029297 54.3971176147461 53.3814735412598 52.3809394836426 51.2722129821777 50.1438026428223 49.2096405029297 48.0558242797852 47.2036552429199 45.3301200866699 44.4237594604492 43.8371391296387 43.0323371887207 42.2214050292969 41.3569107055664 40.4505615234375 40.0117340087891 39.4986991882324 38.8612022399902 38.3710250854492 37.2677917480469 36.8643913269043 36.444751739502 36.1653099060059 35.9439163208008 35.2976913452148 35.008056640625 34.8352470397949 34.4202461242676 33.8544960021973 33.5387573242188 33.3327331542969 -3.4e+38 32.2184143066406 31.695011138916 31.4472827911377
85.5100936889648 82.0889129638672 78.8621673583984 75.8426208496094 72.7820739746094 70.2081756591797 68.3661499023438 66.8199996948242 65.1741561889648 -3.4e+38 61.9280548095703 59.1577110290527 58.0801086425781 56.9758148193359 55.6586723327637 54.5258522033691 53.3736610412598 52.4425163269043 51.2580223083496 50.1667442321777 48.9050903320312 47.8019790649414 45.9629859924316 45.0281982421875 44.3635025024414 43.5864028930664 42.8432998657227 41.972972869873 41.0591812133789 40.6220359802246 40.0780067443848 39.3780555725098 38.8803062438965 37.7854270935059 37.253475189209 37.0478286743164 36.6738815307617 36.2943267822266 35.8893737792969 35.461067199707 34.959831237793 34.7917251586914 34.3835067749023 33.8929634094238 33.6719436645508 32.7762298583984 32.6249351501465 32.1835632324219 31.6360206604004
87.1864547729492 83.1966781616211 79.3877334594727 76.6523590087891 74.0767593383789 71.5395660400391 69.7695159912109 68.2221145629883 66.5636825561523 64.9413375854492 63.5231246948242 60.7495193481445 59.2670745849609 57.8814430236816 56.7145805358887 55.5492134094238 54.3350257873535 53.1972541809082 51.9264335632324 50.7439460754395 49.5540580749512 48.4075889587402 46.5939826965332 45.6521110534668 44.9138641357422 44.0056610107422 43.3660125732422 42.597728729248 41.8578186035156 41.2411079406738 40.695182800293 39.8976745605469 39.2744598388672 38.2938117980957 37.6859245300293 37.2936706542969 36.8788108825684 36.5111274719238 36.2140045166016 35.9564361572266 35.3886108398438 35.0345191955566 34.6537818908691 34.3231620788574 33.9848289489746 33.0162925720215 32.761043548584 32.5662994384766 31.9949264526367
88.1000900268555 84.3485488891602 80.8123931884766 78.1962509155273 75.8269577026367 73.2838821411133 71.3454208374023 69.5491333007812 68.0414962768555 66.474609375 65.0286865234375 62.0204963684082 60.4997444152832 58.9561805725098 57.598991394043 56.4268798828125 55.103271484375 53.8429260253906 52.5641937255859 51.3512306213379 50.2161254882812 49.2586822509766 47.1293754577637 46.221263885498 45.5416603088379 44.626350402832 43.98876953125 43.2178726196289 42.4465675354004 41.6694374084473 41.0221557617188 40.5140686035156 39.878978729248 38.8944473266602 38.2931861877441 37.8299903869629 37.3014373779297 37.105842590332 36.6685562133789 36.1601104736328 35.9830780029297 35.5665130615234 35.0688095092773 34.8140602111816 34.1938629150391 33.4962196350098 33.1204490661621 32.6245498657227 32.3512649536133
89.8884887695312 86.4626541137695 83.4699630737305 80.6825561523438 78.0681457519531 75.3809967041016 73.0845565795898 71.1119842529297 69.4486618041992 67.9914321899414 66.1885757446289 62.9537658691406 61.482852935791 59.8409996032715 58.1829681396484 57.0859222412109 55.7274398803711 54.4256362915039 53.2222938537598 52.1009864807129 51.0477676391602 49.9173278808594 47.971622467041 46.815315246582 46.1478004455566 45.3639678955078 44.6159553527832 43.9300880432129 43.2800102233887 42.2867240905762 41.6342811584473 41.0946044921875 40.394905090332 39.5051612854004 38.8929672241211 38.433406829834 37.841869354248 37.5367889404297 37.2685546875 36.6921234130859 36.3302307128906 35.9408874511719 35.6032409667969 35.2326965332031 34.709659576416 33.9098968505859 33.7030448913574 33.0883483886719 32.5380668640137
92.3990783691406 -3.4e+38 86.1573257446289 83.0271224975586 80.0429153442383 77.4926147460938 74.8291778564453 72.7615966796875 70.7125625610352 68.9555816650391 67.1876068115234 63.4994430541992 62.0733871459961 60.6147155761719 59.0121116638184 57.6655082702637 56.3744773864746 55.0379104614258 53.8571357727051 52.8876190185547 51.6914520263672 50.5224990844727 48.793140411377 47.8432159423828 46.7788314819336 46.0653305053711 45.3837623596191 44.4548225402832 43.9062995910645 43.1640472412109 42.4687461853027 41.7140998840332 40.9996948242188 40.1087989807129 39.4762268066406 38.9353637695312 38.3400459289551 37.9522323608398 37.5449104309082 37.1899757385254 36.8207740783691 -3.4e+38 36.0192604064941 35.4688034057617 35.1282081604004 34.3731269836426 33.8957366943359 33.6700134277344 33.0037612915039
95.1903762817383 91.2117919921875 87.9361038208008 84.6707458496094 81.5162048339844 78.9631652832031 76.0219421386719 73.7497634887695 71.59033203125 69.6121368408203 67.8160552978516 64.1548538208008 62.6911735534668 61.2884063720703 59.8598518371582 58.5179176330566 57.4257736206055 55.7977142333984 54.7296104431152 53.5925178527832 52.5251083374023 -3.4e+38 49.3952522277832 48.4146881103516 47.5058135986328 46.9131889343262 46.0204315185547 45.0764389038086 44.524486541748 43.7642631530762 42.9886016845703 42.3363151550293 41.8347206115723 40.891357421875 40.0782699584961 39.5392723083496 38.9439430236816 38.5571937561035 38.1408729553223 37.7818565368652 37.4166831970215 37.0225944519043 -3.4e+38 -3.4e+38 35.63623046875 34.854679107666 34.2560081481934 33.7810821533203 33.5840873718262
96.6924285888672 92.7791213989258 89.537971496582 86.3274688720703 83.0777587890625 80.2018814086914 76.9780960083008 74.5776443481445 72.6870346069336 70.6395263671875 68.400146484375 65.3119888305664 63.6474456787109 62.1664733886719 60.6258697509766 59.3934326171875 58.1955795288086 56.6637153625488 55.3818283081055 54.2408027648926 53.1804466247559 52.0925750732422 50.2139320373535 49.1366310119629 48.3560256958008 47.5184860229492 46.6585845947266 45.9215316772461 45.1555557250977 44.3778381347656 43.6702995300293 43.1279907226562 42.5139274597168 41.4749069213867 40.6169891357422 40.1465225219727 39.5470428466797 39.0967750549316 38.5761642456055 38.3849143981934 37.9563980102539 37.4466781616211 37.203182220459 -3.4e+38 36.2279281616211 35.0518569946289 34.8168601989746 34.1415977478027 33.6689910888672
97.3952865600586 93.5013961791992 90.7661895751953 87.8345794677734 84.4856109619141 81.6251678466797 78.3784484863281 75.5705490112305 73.5118408203125 71.3513336181641 69.4897842407227 66.3104400634766 64.5297470092773 62.9395408630371 61.5925827026367 60.1975860595703 58.861385345459 57.5901222229004 56.2613639831543 54.9973831176758 53.9222869873047 52.9532928466797 50.953727722168 50.0761260986328 49.1705551147461 48.2402839660645 47.5830726623535 46.7233695983887 45.864128112793 45.2926406860352 44.467960357666 43.8128776550293 43.3838768005371 42.0853271484375 41.2197418212891 40.7534103393555 40.1540336608887 39.6761932373047 39.008731842041 38.6345710754395 38.2307472229004 37.8822479248047 37.5253791809082 37.06494140625 36.516056060791 35.585880279541 35.2350769042969 34.7257423400879 34.1135864257812
100.160118103027 95.4094619750977 91.6976928710938 88.9216156005859 86.4619445800781 83.4818496704102 80.6284561157227 77.8300399780273 75.4150085449219 73.1006698608398 71.2786178588867 67.7651443481445 66.2890396118164 64.7408142089844 63.1704025268555 61.8448143005371 60.5080528259277 59.2276039123535 57.896915435791 56.721363067627 55.7073402404785 54.5350036621094 52.7106781005859 51.6245460510254 50.83544921875 49.9844779968262 49.1091918945312 48.3642082214355 47.5874214172363 46.799503326416 46.0828628540039 45.442985534668 44.6219635009766 43.3779678344727 42.6747245788574 42.1383361816406 41.4004058837891 40.9736137390137 40.271369934082 40.0011558532715 39.4281959533691 38.9766731262207 38.3570861816406 38.0316543579102 37.5351448059082 36.5875358581543 36.0294189453125 35.571647644043 35.0302810668945
