rcp4.5models/CNRM_CM5/sc1gr10.6
NCOLS 261 
NROWS 433 
XLLCORNER 336357.134 
YLLCORNER 654653.479 
CELLSIZE 1000 
NODATA_value -9999 
[rows 132 to 153 of 433, columns 100 to 149 of 261]
182.423964136487 184.095768453433 184.812560833585 185.776520795391 186.952204296068 187.941926605036 189.564619309671 190.624169237407 192.434022816308 192.820585457303 193.84355336894 195.339520091735 198.658504137886 200.057608063394 201.638472666572 203.241762748368 205.575338054452 207.87395055953 209.990242950973 211.286851280856 212.065405819099 213.464922708538 215.402206967333 216.301077812962 219.45837502328 221.39896457658 222.362083263364 223.963724105069 225.306561488581 226.533825260907 227.975563219768 229.663560799978 230.754555614247 233.264995269685 234.277169993823 238.075508159553 240.004299520588 242.633915598757 245.098852229532 246.398396055228 247.000771348517 247.101406330959 248.471138335078 250.489507359915 252.425401202784 253.62385089034 256.658580468604 257.51900156132 257.547206094197 258.588303687745
181.782320787925 183.933506990407 184.347576648006 185.25100523923 186.832066884063 187.360193096385 188.492154771081 190.177739063306 192.019313280398 192.428454792741 193.326009347058 194.987837399229 198.102336008615 199.514921655605 201.253212220294 202.838956579234 204.999957668266 206.881581451279 209.015889517848 210.63156197012 212.176259983155 213.832148099434 214.817642565225 215.856256788769 218.660336627872 220.080952758089 221.759836279994 223.090748455238 224.775231142123 226.259188570674 227.331398277839 229.204926041653 230.506058841409 233.05196592048 235.187833677493 238.941924792258 241.243950691358 245.167038957136 246.501427554449 247.281879337433 247.039164587949 247.781507868255 249.470798647332 251.166556840583 253.543963141144 254.71107288693 256.220883775523 257.37838542362 257.574662160835 258.732349511438
181.463200577944 183.336421893302 183.786162248141 184.825686914003 186.264709784054 186.737332269448 188.159552228742 189.381440753747 191.06253584623 192.266381468342 192.923964444906 194.417200420378 197.491097947822 198.507001395653 200.588001020718 202.173073683274 204.362776395823 206.233732366871 207.794334748388 209.328528947917 211.478250795732 213.132581269489 214.53659281995 216.389090484538 218.213374640868 219.828068162558 222.034226029501 222.332037656207 223.846766374154 225.665620450597 226.916157452373 228.88488518295 230.586884556723 233.533241753047 236.516920151601 239.694036389008 242.528225435338 245.811064402778 246.623015378891 246.241818092592 247.295319627264 248.776951688306 250.482406252395 252.118614811667 254.133869347257 255.450084252788 256.770353722783 257.170145055146 258.257158605343 259.419816392678
180.937765238193 182.997952656313 183.412091270094 184.306113042014 185.812951936213 186.334738731049 187.816361150616 188.980651882871 190.722296766963 191.758933407191 192.835454436769 194.020684975352 196.808663212554 198.042505148668 200.114873020584 201.675053078503 203.740610051733 205.408958359388 206.831280713639 208.832054026733 210.874213421836 212.510144078976 215.217762021696 217.113174513469 218.004571062845 219.223244769436 221.648019614894 222.100544510905 224.250792401234 225.450510455043 227.281266841933 228.834611869951 230.689434576207 234.067291951192 237.45242277867 240.859052648381 242.922467050172 245.271691130498 246.242717006288 246.164170849059 248.626115242336 250.678211194625 251.692560729997 253.304979169577 254.410912396592 255.372530042003 257.558007205427 257.852626655402 259.092389928927 259.542226233671
179.959083515745 182.463642498519 183.327652356306 183.802162050226 185.220555687133 186.245235383743 187.45747029569 188.921539742831 190.462143312957 191.31991676617 192.295050595892 193.986994249704 196.507844163099 198.00166224146 200.066789453829 201.631883500069 203.50453523157 204.628698748539 206.89220183925 208.62961905521 210.185880835323 211.961065830898 215.196496212536 217.105611790794 217.34834369125 218.561999213811 220.773312456437 222.071259244035 224.318603334408 225.460182688092 227.473975114303 228.875718579196 230.976612217976 234.115384408889 237.811287535283 241.462070236826 243.308426807496 245.649991513595 245.017856086 246.976522697182 250.269077474893 251.912516475448 252.428205704378 253.705368937936 254.587915623905 255.109917388663 257.590715260672 258.241643806839 259.343907896742 259.358687645252
179.439695030437 181.473891998366 182.767454995903 183.62035422697 184.74302975805 185.7039252012 187.328739081994 188.374005576781 189.932596183378 190.564625718765 191.283639761813 193.331445491828 196.512985514621 197.839931970917 199.483447660396 201.040690052592 203.162078607825 205.092243071475 206.344187405202 207.486237777087 209.682066908756 211.64560307166 215.136528920043 216.444816592883 216.920865456755 218.389611792826 220.423069073553 221.927819895295 223.806347129989 225.368258245515 227.37830092125 228.871675977655 231.151798178553 233.725446241753 236.87181916263 241.252434833177 243.226994372718 245.070200131129 244.262314216205 246.808735236703 249.675250786616 251.327681267439 252.296666968394 253.42809415202 254.023783951485 254.944033900819 257.436529953666 258.149970892466 259.108501259297 258.92402526784
177.569940408407 179.800893099904 180.708146766939 182.047334711496 183.713971849837 184.738058868708 186.228176171151 186.859443475822 187.368242853073 188.559003063567 -9999 192.122346612159 194.704902349233 195.946167500976 197.372297248656 199.325901540371 201.534497286871 203.219266676905 203.771869912146 206.419496761048 208.940233817221 211.935489912244 213.595395915062 213.401591418465 216.120016691778 217.515997998313 220.202933385856 221.720642092037 223.5378481493 224.642252028796 226.815226488108 228.802730947022 230.892817885626 232.915856866049 235.671244273129 239.754840178609 241.841830759228 242.365844207319 243.885169746683 245.998090171615 247.973615334651 250.197888503433 251.839114006066 252.887714309552 253.857665161921 255.211991313144 256.300063795 256.657232440943 257.347660998092 258.601170354248
176.63577270098 178.57644146309 180.062167886446 181.033113799303 182.903710860236 183.71466994951 185.408376296884 185.760705065794 186.27837575054 187.606959148516 189.566509226928 191.662780578335 193.612698917018 194.842529831182 196.411722631434 198.622310975077 200.636137198062 201.859362176906 203.204025163084 205.799514962136 208.844373543621 212.804247126618 211.694932877939 212.524344473198 215.835644168362 217.667847383589 219.761756015801 221.413960771359 222.861684058349 224.145055944562 -9999 229.013671490283 231.740894535261 232.559617586908 234.879055426703 239.02127051435 240.964504025658 242.244268060397 243.891588839269 246.218515728106 247.857402641706 249.942523561556 251.329904919666 252.866753071833 254.024355890104 255.312897138648 256.543748804986 256.597048177531 257.246485097099 258.450885500385
175.318944493411 177.995462316396 179.258806265348 179.864267095477 181.429510193355 182.64455177104 184.391651246794 184.762672648013 185.618414392969 186.699228457292 189.027189377078 191.438377015142 192.639295992871 194.20130095971 195.415546067841 197.863457715538 199.106437791158 200.737959324666 202.354393159409 205.403498526683 210.085821617431 211.502950530797 210.135581831981 211.385462191193 215.711408280621 217.706089924661 219.309255931832 221.136441256987 222.465764231731 224.033480632706 226.512226727279 229.293709358944 231.101208114618 231.604236726597 234.313584294497 238.689723281989 240.314908074982 242.060122596527 243.683140868023 246.051846606746 247.987852772767 249.962446418543 251.121121528981 252.772411440454 254.104172235363 255.510366187509 256.669300570458 256.624090044817 257.366701345985 257.895557949875
173.920882488772 176.68509716361 177.795929989677 178.725491343912 180.191124519716 181.889713456062 182.966525122608 183.729681093081 184.803993025492 185.66477996878 188.054814619451 190.665074564392 191.685982912971 193.534110111297 194.856070686201 196.984103495904 197.729367342541 199.694601828329 201.822141564992 206.168531141116 208.59742060969 208.3211724141 208.604491412164 210.37497044241 215.015448887533 217.189193535327 219.063099149082 220.50809552918 222.141728397862 224.309431853787 226.289565820792 228.596809915218 229.819184416496 231.542855182992 234.123232663981 238.064738054648 239.86544031737 241.811314100421 243.354638556829 245.604480576737 247.762230133327 -9999 251.276236761342 252.893380646837 253.903379403786 255.229907590349 256.133751906737 256.510127655035 257.40299320634 257.587450760493
172.710522546387 175.704682320206 176.471826267252 177.64435607749 179.190004605539 181.089234878848 181.739142112397 183.139480907039 183.883502088732 185.068146999441 187.120958289364 188.697881887567 190.91515148273 192.124282590016 194.053050241538 195.951137839124 197.106970628331 199.143237592792 201.31052679784 204.830281332588 205.290605599379 206.539509402747 207.69918165521 209.763828883914 214.049950591588 216.633298043042 218.422306570382 219.985128167999 221.665754218016 223.850643822897 225.224707276987 -9999 229.064524910636 231.564197168576 233.59177137907 237.554597015738 239.600596567316 241.29844122545 243.246445853632 245.442594530768 247.64355797075 249.563728471711 251.192449673729 252.974511908294 253.667743586717 254.76144388714 255.703745370164 256.222980235432 256.896351807841 257.279033752768
172.10121522207 174.898546319156 175.512820821766 177.058029809873 178.095862274579 180.062673940806 181.035745467901 182.002838030821 -9999 184.403896066155 186.309487398595 187.297107210566 189.990330592132 190.741082343947 192.815297727001 194.54399297737 196.312330301017 198.055454362207 199.95552024695 201.928083781149 203.373388027004 205.094527907026 206.794228057539 208.586014333288 212.93453735656 215.41666530953 217.333738488504 219.224028791784 220.704867264367 222.397853801297 224.275693729868 226.499325841742 228.489067576924 230.924106809848 233.000829447331 236.79485570676 238.878370182799 240.697213947277 242.708555225633 245.336999527197 247.378735209279 249.092897234098 251.054361080509 252.772383573574 253.478234474641 254.423729742335 255.303715091564 255.58167844661 256.327596900404 256.684111830678
171.357933728099 173.737184247993 174.403675978326 175.938065457905 177.310487206073 178.606842133435 180.140794309403 180.557866734347 181.462297163053 183.361406796658 185.314592248306 186.356470567728 188.988189039348 190.212070617237 192.0754765267 193.165609807677 195.163804924299 196.712824610879 198.634627573269 200.128177512238 202.155010466227 203.795688508273 205.721827114266 207.248810155309 211.72253050054 213.966049466563 216.306408435236 218.566745553505 219.633309944685 221.522384365248 223.788112290616 226.086538196888 227.847406532412 230.334773010419 232.2054883286 235.655023366553 237.853407226131 239.947046523837 242.013321691352 244.425843606344 246.378841810429 248.473247306827 250.480447892906 252.558086767861 253.126190306907 253.752628189318 -9999 254.597254053748 255.724652606054 256.338238429249
170.207593345448 172.236701404895 173.275408493595 174.72592499112 176.508087745451 177.247800918151 178.954141049536 179.49342847113 180.508943079789 182.153725789969 183.831944533994 -9999 187.945617540574 189.493840187504 191.281519190185 192.104192382565 194.038531098251 195.657052108684 197.555774253605 199.07017513965 201.083780571656 202.831993567774 205.18851891164 206.717968212115 210.927909376555 212.874370748699 215.308728001357 217.906226386529 219.039406458578 220.79593600519 223.170577618779 225.60312066287 227.256961731733 229.702615523528 231.751066335573 234.875140290244 236.712646481195 238.903772608391 241.103056780219 243.253478806117 245.400623803997 247.577159737787 249.301767315893 251.302674450684 251.958735634283 252.739460856198 253.136543886234 253.389207270273 254.397040400553 255.704896181178
168.720551090913 171.022221239383 172.613742816645 173.710471401651 175.46831127786 176.160790876689 177.877250213188 178.457960261211 179.668341147165 180.976328347192 182.468532692597 184.232858190154 186.91526295724 188.460052543743 190.363958342502 191.609332332866 193.496465716296 195.150594458702 197.02603026959 198.647917032705 200.559702815117 202.217654008201 204.480325499011 206.06514526155 210.099049838634 211.872348753222 214.551688636718 216.879929264199 218.199010004602 219.883410766894 222.599369976388 224.973220274681 226.33264241908 228.175498930731 230.631218217056 233.962781444813 235.52447508831 237.821401077944 239.954017146202 242.163241562471 244.443656978876 246.446815158302 248.102314146741 249.801289168959 250.624452763872 251.536138223502 252.01356422293 252.215626703774 253.046183990991 254.668520650317
167.424257948941 170.033601722039 171.995232547552 173.018069916714 174.014502437077 174.968330166017 176.388019610839 177.375071677917 178.765112786153 180.33244779331 181.277347942157 182.906323927641 186.443283933286 187.984060386624 189.955389986331 191.356531590104 192.837621959279 194.434643619161 196.376067795344 197.981088173628 199.909924398039 201.484571526405 203.557017709184 205.439168307422 209.617406534289 211.250335109861 213.670851014767 215.409645106596 217.107452165702 218.93775998492 221.795376688227 223.822352078198 225.073001052145 226.582743747325 228.940348500211 232.825656811753 234.257666227077 236.35206424817 238.740314073036 240.553757063387 242.812290025706 244.796060545006 246.322908337773 247.822501278541 248.847033185289 249.597044004927 250.705857051686 251.169473981273 251.804264791259 253.122482577594
166.543214011618 168.949894275014 170.484536999102 171.709215396966 172.687062815591 173.82038836402 175.198567520572 176.877872120572 178.283989182128 179.738872036701 180.690718142272 182.048736327634 185.366310873876 187.253520353844 189.218148974365 190.672488992648 192.321191575457 193.765287419295 195.367409484144 197.043528935567 199.494705982121 201.303377079988 203.111643345064 205.142990948435 208.999476694695 210.508126116097 212.592692152289 214.068421814685 216.190495070439 218.252638422409 220.438995135133 221.834716880477 223.845335902514 225.35486978919 227.471231678867 231.358710527897 233.053911402766 234.749673854402 237.003792599612 238.688970044271 241.125395286757 242.84948998451 244.499032109351 245.552571868939 246.657862936477 247.395818511746 249.216513947518 250.04811375288 250.603969434256 251.68627657601
165.617784552894 167.860848527618 169.040354478424 170.311494013965 171.597914996609 172.740399622072 174.235915008152 176.168282401775 177.501622918472 178.760542947815 180.070758899036 181.634314063856 183.990097165117 186.012416926268 187.723987009115 189.612100951654 191.573764520047 193.071508775284 194.828774582111 196.281150996145 198.340085184597 200.44530145833 202.385685114864 204.442691798452 208.147551177248 210.339408586158 211.838007885387 213.153442487074 215.567076965023 217.398078791801 219.295099831035 220.347835147249 222.311725495176 224.08138981401 225.78646896134 229.42070252954 231.555616192875 233.483195036048 235.424886567525 237.124855658523 239.336334676632 240.950258433217 242.697165613537 243.660680657655 245.073475302897 245.881939869804 247.28397023829 248.473954721938 249.261525260675 250.546747858181
164.405122569772 166.726573776261 167.671091972165 168.985118296291 169.934866603584 170.769659854155 171.965798627907 173.27362751368 174.741903779226 175.971099728001 177.817477203781 179.272292164253 181.878998550012 183.76040950133 185.331047364308 187.577640972109 189.500856107091 190.970957015103 192.693050380878 193.633176058264 196.125030030222 198.006794473742 200.049423281596 201.792597424821 205.682991867803 207.363308933527 209.858853336966 212.105540420676 213.720379364097 215.186512288278 217.20594132686 218.646462952051 219.737480776203 221.741363545157 222.992174477754 226.822976745954 228.714213008029 230.234554829431 231.991888760987 233.947194458276 235.727256683642 237.043042069704 238.837409423156 240.104008931778 241.566777055974 242.374956080441 244.431041940876 245.8163341421 246.292575926559 247.960435164903
163.884171735746 166.163549684625 166.909302036563 -9999 169.261135012123 170.212820242202 171.319353022168 172.283469459821 173.7514603168 174.758187244186 176.355654922356 178.24098713517 180.839609143447 182.689205959636 184.233679663163 186.294219896288 187.983393102712 189.595235041482 190.855563854338 192.423433525067 194.460954610125 196.357517542282 198.316530228787 200.006457476992 204.151343146559 206.096861655146 208.453585549886 210.735210044756 212.155339897751 213.939169073518 215.542691289031 216.679840098785 217.953530862702 220.081154321304 221.340306444319 225.084158822864 226.772027424484 228.525576152317 230.117605490366 232.148953791037 233.805537533561 235.21457017782 236.683460295824 238.609320667421 240.120149259109 240.899063327094 242.95806810212 244.26212889416 244.854240348149 246.445439930564
163.137731014834 165.35379144184 165.928511484326 167.043971043418 168.232701745797 169.147971466888 170.564868330335 171.325373833614 172.973652439903 173.589311424603 175.04673630598 176.970130506437 180.146370212334 181.625451042136 183.072416343331 184.891143951765 186.068398523922 187.924334412559 189.21442277121 191.392605000703 193.602428486488 195.402660493226 197.353794599155 199.009822749319 202.834364902864 205.059988085 207.09856411779 208.851014518425 210.580588952492 212.174386519074 213.649772786506 215.219048928813 216.699748423216 218.613593420482 219.955147427839 223.434417217825 225.012277108524 226.956261680383 228.610032986123 230.703016227684 232.406147010474 233.695097894612 235.174779460808 236.763609250672 238.761488403067 239.749281605107 -9999 242.870087314018 243.711934448209 245.179830041692
162.076515240554 164.463899274971 165.407826754478 166.499612784764 167.333882317867 168.314603197472 169.595334969033 170.146019157579 171.6048031895 172.572298983454 173.985419915373 175.928882628187 179.484925757635 181.020199297145 182.105161692608 183.869869198801 185.039168658136 186.610684225574 188.129353167936 190.182253561855 192.283907567883 194.065541945117 195.792644610575 197.826752235134 201.802077151878 203.85586587132 205.504636135427 207.36522908874 209.03556130081 210.689407179951 212.213441060789 214.095672230323 215.333596256521 216.696562949525 218.367130933084 221.842467456238 223.409497308902 226.475580093369 229.932693164129 229.132395036009 230.776365981863 232.348022314147 233.909956355453 235.291162827538 237.307803359842 238.22545656535 239.888127727045 241.341440257382 -9999 243.660031069524
