rcp4.5models/CNRM_CM5/sc1gr5.26
NCOLS 261 
NROWS 433 
XLLCORNER 336357.134 
YLLCORNER 654653.479 
CELLSIZE 1000 
NODATA_value -3.4e+38 
[rows 352 to 373 of 433, columns 49 to 97 of 261]
277.024993896484 277.553894042969 278.0625 278.003936767578 278.099517822266 278.130157470703 278.002960205078 277.511810302734 277.620422363281 277.707763671875 277.512054443359 277.800659179688 277.73974609375 277.597351074219 277.792053222656 277.741973876953 277.658355712891 277.557037353516 276.132354736328 276.926666259766 277.400787353516 277.188385009766 277.244232177734 277.318664550781 277.307373046875 275.198333740234 275.531494140625 274.011993408203 271.873870849609 272.457855224609 271.508056640625 270.252593994141 266.675170898438 262.746215820312 262.30810546875 266.859619140625 272.697418212891 273.269073486328 273.199401855469 268.265502929688 256.963134765625 269.894378662109 275.812194824219 276.221649169922 276.319091796875 276.477691650391 277.128448486328 276.214172363281 273.984161376953
277.281982421875 277.576782226562 277.983917236328 277.918518066406 277.994720458984 278.157928466797 278.144958496094 277.386535644531 277.271820068359 277.374084472656 277.602966308594 277.722839355469 277.742584228516 277.623901367188 277.564483642578 277.526214599609 277.474060058594 277.459747314453 276.905395507812 277.598876953125 277.483154296875 277.285888671875 276.625610351562 276.780395507812 277.310089111328 276.926574707031 276.824157714844 277.097930908203 276.894104003906 272.935272216797 271.231719970703 271.346313476562 271.24755859375 266.121673583984 261.450927734375 262.889343261719 268.664703369141 273.361846923828 274.91650390625 271.123382568359 258.938049316406 263.565826416016 272.207489013672 275.658813476562 275.196899414062 274.774597167969 276.353881835938 277.034759521484 273.942535400391
277.313842773438 277.641540527344 277.975799560547 277.97216796875 277.949340820312 278.021575927734 278.009765625 277.703826904297 277.596038818359 277.594207763672 277.693542480469 277.560455322266 277.596801757812 277.671173095703 277.359436035156 277.289031982422 277.341522216797 277.618225097656 276.875366210938 277.19091796875 277.376403808594 277.282073974609 276.781463623047 275.927398681641 276.143768310547 276.932434082031 277.126434326172 276.799957275391 276.722137451172 272.282775878906 270.24609375 271.924713134766 272.710479736328 267.337432861328 261.410675048828 260.005706787109 261.971496582031 267.989807128906 273.469940185547 272.437866210938 264.316284179688 251.920394897461 264.103729248047 273.8505859375 276.025146484375 272.942687988281 273.079406738281 276.160186767578 274.335479736328
277.004608154297 277.458129882812 277.873504638672 277.914825439453 277.823120117188 277.78369140625 277.879943847656 277.9013671875 277.828277587891 277.752288818359 277.688659667969 277.430419921875 277.389312744141 277.691162109375 277.643859863281 277.272521972656 276.929534912109 277.327026367188 275.279754638672 275.967010498047 277.444793701172 277.263671875 277.275543212891 276.265289306641 276.197052001953 276.998229980469 277.336517333984 276.811889648438 276.826995849609 275.336547851562 272.461883544922 273.52978515625 274.85400390625 271.809600830078 269.336456298828 262.457000732422 257.952331542969 261.304718017578 267.810821533203 272.566009521484 268.810180664062 246.448425292969 251.519790649414 265.0625 273.933410644531 272.506561279297 270.408721923828 272.54150390625 273.631896972656
276.903076171875 277.480987548828 277.832153320312 277.764221191406 277.774932861328 277.396514892578 276.909851074219 277.932495117188 277.555847167969 277.447631835938 276.893493652344 277.102325439453 277.143188476562 277.269012451172 277.412719726562 276.648742675781 276.507232666016 276.738220214844 274.931274414062 275.73193359375 277.319671630859 276.198852539062 275.215972900391 275.648284912109 276.723724365234 276.573760986328 276.86572265625 277.111053466797 277.087463378906 276.618133544922 274.311187744141 272.871826171875 272.270202636719 271.209045410156 271.975189208984 268.882110595703 264.650665283203 263.689544677734 265.789215087891 271.498229980469 272.705169677734 252.893829345703 246.844604492188 255.419387817383 267.477233886719 270.934661865234 268.762237548828 268.298919677734 271.016632080078
277.454559326172 277.696228027344 277.559875488281 277.575286865234 277.781768798828 277.214752197266 276.303985595703 277.847106933594 277.632598876953 277.441986083984 277.120941162109 277.390991210938 277.300079345703 275.428161621094 276.015960693359 276.378082275391 275.545257568359 276.220947265625 275.591339111328 275.746673583984 276.356262207031 276.393035888672 272.829071044922 273.691131591797 276.359436035156 273.806457519531 274.807556152344 277.159942626953 277.181427001953 277.231536865234 273.6552734375 269.155029296875 267.6767578125 266.57177734375 268.585357666016 270.291931152344 269.020111083984 266.611541748047 265.261138916016 267.93212890625 271.068054199219 264.009002685547 252.534240722656 249.518783569336 257.625427246094 266.010192871094 269.446899414062 268.586944580078 269.499847412109
277.910491943359 277.551116943359 277.165710449219 277.071136474609 277.539215087891 277.267852783203 276.648040771484 277.287017822266 277.288421630859 277.397399902344 277.687164306641 276.906402587891 276.152252197266 275.374786376953 273.964569091797 273.935394287109 273.253051757812 273.531036376953 274.903625488281 276.494506835938 275.341491699219 276.125457763672 272.320709228516 273.308441162109 275.773864746094 273.118011474609 274.685913085938 277.081512451172 277.136169433594 277.271697998047 275.025970458984 267.877532958984 264.704193115234 265.162078857422 266.692291259766 267.867248535156 267.854095458984 266.466522216797 263.58203125 263.634124755859 263.712707519531 268.840057373047 259.480224609375 247.43669128418 248.8046875 258.616271972656 267.854095458984 271.051635742188 269.724365234375
277.696990966797 277.084014892578 276.946929931641 277.253814697266 277.019989013672 276.970825195312 276.206451416016 276.984893798828 277.123870849609 277.541107177734 277.640960693359 274.848480224609 272.279907226562 275.094970703125 273.226348876953 270.730133056641 271.123260498047 271.818389892578 276.057098388672 277.164978027344 276.255004882812 276.366485595703 275.144409179688 275.406402587891 275.866851806641 272.931243896484 271.993927001953 275.174011230469 277.071014404297 277.006439208984 277.078277587891 271.593139648438 265.453735351562 264.895843505859 265.824096679688 266.012420654297 267.538665771484 266.424255371094 260.695556640625 260.697662353516 260.86962890625 265.135772705078 264.378173828125 254.840255737305 250.813613891602 252.249069213867 259.548004150391 268.825561523438 271.232421875
277.619842529297 277.223052978516 277.455627441406 277.247985839844 276.513519287109 276.716827392578 276.697814941406 277.361175537109 277.192535400391 275.833435058594 274.038055419922 272.623931884766 272.207672119141 272.437622070312 272.510681152344 270.293151855469 270.004791259766 271.721801757812 272.0947265625 275.037353515625 275.992218017578 276.245971679688 274.051910400391 274.359588623047 272.20703125 270.526947021484 271.185913085938 272.609130859375 274.998474121094 276.211059570312 276.395690917969 275.085083007812 271.453430175781 268.401062011719 268.276275634766 265.947387695312 265.436920166016 266.204620361328 261.989349365234 258.6982421875 261.036041259766 261.004669189453 264.335693359375 265.150909423828 263.789581298828 260.3125 257.128570556641 255.51432800293 256.717559814453
277.556243896484 277.3818359375 277.443878173828 277.100738525391 276.434661865234 276.578308105469 276.643218994141 277.174407958984 277.060485839844 276.239471435547 274.268951416016 272.924255371094 272.840454101562 273.110565185547 271.57177734375 272.869995117188 273.368133544922 270.577911376953 272.800506591797 274.157836914062 275.578399658203 276.003723144531 274.167205810547 274.577056884766 273.08349609375 272.525390625 272.114990234375 271.405883789062 274.397094726562 276.231658935547 276.049407958984 275.952087402344 275.034881591797 271.770416259766 269.688354492188 267.753051757812 264.648956298828 263.191802978516 260.236633300781 257.345855712891 258.13330078125 260.965179443359 262.031616210938 263.091979980469 262.002014160156 260.303405761719 259.566375732422 258.683715820312 254.861083984375
276.989013671875 277.178894042969 277.140625 276.962341308594 276.779327392578 276.788330078125 276.812622070312 276.936248779297 276.776916503906 276.291107177734 274.988677978516 273.521850585938 271.393585205078 271.427459716797 271.278656005859 273.834594726562 274.567657470703 272.337890625 275.111053466797 275.038543701172 275.762512207031 276.378387451172 276.140441894531 275.035614013672 274.786010742188 274.520446777344 271.684631347656 271.580932617188 273.904388427734 276.373016357422 275.682220458984 276.112640380859 276.387756347656 273.102813720703 269.216796875 266.66796875 264.210754394531 262.047302246094 260.389251708984 258.929870605469 257.328643798828 262.477416992188 261.397552490234 262.410614013672 261.725982666016 259.317810058594 259.177764892578 260.737670898438 259.509338378906
-3.4e+38 276.942474365234 277.338195800781 277.551879882812 277.572326660156 277.127288818359 276.643676757812 276.846954345703 276.408874511719 275.610076904297 275.158569335938 273.790924072266 270.903045654297 270.13427734375 271.309387207031 272.955291748047 274.110870361328 273.56005859375 275.858215332031 276.549255371094 276.387176513672 276.727630615234 275.417358398438 273.549591064453 274.927856445312 274.376708984375 271.041870117188 272.790649414062 274.570281982422 276.629699707031 275.887329101562 275.195983886719 275.623046875 275.078125 273.112243652344 269.072540283203 266.134216308594 262.685607910156 261.020477294922 260.14501953125 258.102722167969 262.589904785156 263.308624267578 262.833129882812 262.308624267578 259.918884277344 256.948547363281 258.664611816406 262.333068847656
-3.4e+38 276.739532470703 277.23876953125 277.725799560547 277.585876464844 277.112609863281 276.752655029297 276.575225830078 276.541015625 275.189880371094 274.723083496094 273.112701416016 272.225952148438 271.667816162109 272.875091552734 273.042846679688 274.6728515625 273.971710205078 274.964324951172 275.903259277344 276.049468994141 276.63525390625 275.363739013672 273.4580078125 274.077423095703 272.910614013672 270.953125 273.816833496094 275.843933105469 275.943756103516 276.382904052734 275.218353271484 275.312744140625 276.124969482422 273.616760253906 271.443176269531 269.927032470703 265.697296142578 262.60205078125 261.553680419922 260.077270507812 261.920257568359 265.036346435547 264.442718505859 263.624572753906 262.053771972656 258.907928466797 259.209014892578 262.648101806641
-3.4e+38 276.652587890625 276.601684570312 277.020568847656 277.033233642578 276.910858154297 276.778930664062 276.357666015625 276.209411621094 275.760589599609 274.807281494141 272.544342041016 272.3291015625 274.124603271484 275.744567871094 275.350189208984 275.578338623047 274.454650878906 275.679016113281 275.881317138672 275.897125244141 274.962219238281 275.346343994141 275.660797119141 275.384033203125 271.897247314453 270.254821777344 273.168151855469 275.507263183594 273.257720947266 274.900360107422 276.014801025391 274.980621337891 275.364013671875 273.322723388672 270.374969482422 269.128845214844 267.609832763672 264.695343017578 262.451843261719 261.912506103516 262.608215332031 264.480651855469 265.057556152344 263.553771972656 262.534118652344 262.358093261719 262.14111328125 263.081237792969
-3.4e+38 -3.4e+38 276.580535888672 276.694213867188 276.528198242188 276.512420654297 276.511871337891 276.656646728516 276.094207763672 276.008270263672 275.565887451172 274.553649902344 273.586181640625 274.664733886719 276.343627929688 276.661712646484 276.247131347656 275.665283203125 276.183471679688 275.879608154297 275.995513916016 274.528259277344 275.329833984375 276.387939453125 275.135284423828 273.434936523438 272.025115966797 272.800415039062 274.666015625 273.920959472656 274.8134765625 276.086181640625 274.655883789062 273.831207275391 274.266754150391 270.031555175781 265.942230224609 267.743011474609 264.941223144531 260.057281494141 259.4638671875 260.559967041016 260.452911376953 264.038543701172 264.324005126953 263.601806640625 263.729095458984 263.677215576172 263.524139404297
-3.4e+38 -3.4e+38 276.542175292969 276.670623779297 276.630950927734 276.370910644531 276.483276367188 276.816223144531 276.207122802734 276.231018066406 275.899871826172 275.785461425781 275.296997070312 275.377532958984 276.358917236328 276.719573974609 276.396087646484 276.261322021484 275.293151855469 273.750427246094 274.244384765625 274.455383300781 274.023406982422 275.215972900391 272.608734130859 272.635131835938 272.293426513672 271.084564208984 273.678894042969 275.800354003906 275.814697265625 276.059478759766 275.399993896484 273.998687744141 273.394805908203 270.816467285156 265.284149169922 264.238800048828 263.605926513672 259.881439208984 256.561981201172 259.564880371094 258.210021972656 261.308013916016 263.720306396484 263.898071289062 263.469451904297 263.669128417969 263.196044921875
-3.4e+38 -3.4e+38 276.493713378906 276.451782226562 276.167266845703 276.548217773438 276.885803222656 276.671966552734 276.196594238281 276.4306640625 276.160705566406 275.803161621094 275.908599853516 276.113677978516 276.300170898438 276.363739013672 276.407440185547 276.518615722656 274.172882080078 271.817138671875 271.898773193359 272.319946289062 271.489898681641 274.035003662109 272.727233886719 271.178741455078 271.665069580078 270.172210693359 271.9501953125 275.826507568359 275.825286865234 275.951202392578 275.764770507812 274.018249511719 269.830139160156 267.189971923828 264.323883056641 262.613006591797 262.291351318359 260.993103027344 256.441558837891 258.857879638672 258.309112548828 259.964508056641 261.0302734375 261.594055175781 263.290100097656 263.427673339844 261.644409179688
-3.4e+38 -3.4e+38 276.845916748047 276.012908935547 276.14208984375 276.687805175781 277.315826416016 276.602172851562 276.402709960938 276.447143554688 276.533172607422 274.291534423828 275.166900634766 276.444641113281 276.341430664062 275.730072021484 275.836395263672 276.285034179688 273.942718505859 270.5439453125 270.291046142578 270.679718017578 270.520050048828 272.418395996094 273.377105712891 271.212341308594 270.917388916016 270.483489990234 269.424774169922 275.014617919922 275.791870117188 275.775482177734 275.687652587891 273.519470214844 268.966888427734 265.670471191406 265.205322265625 265.211364746094 262.251586914062 261.530487060547 259.866302490234 257.044921875 259.525238037109 259.780731201172 258.816528320312 258.183166503906 260.016448974609 262.6630859375 262.8154296875
-3.4e+38 -3.4e+38 276.629425048828 276.273834228516 276.633270263672 276.717163085938 277.121398925781 276.701354980469 276.57275390625 276.453857421875 276.516265869141 275.247467041016 275.485504150391 276.430999755859 276.608489990234 275.924896240234 275.314361572266 275.268035888672 275.103851318359 272.066436767578 270.050201416016 269.572326660156 271.33544921875 272.905670166016 273.592132568359 272.421783447266 272.310241699219 271.304107666016 266.807434082031 272.378997802734 275.894165039062 275.500061035156 275.607269287109 273.087615966797 269.914764404297 268.095977783203 266.2783203125 265.284484863281 263.589660644531 262.780334472656 262.532806396484 258.5810546875 259.163665771484 256.288543701172 256.126708984375 256.905334472656 256.103057861328 260.708282470703 263.892730712891
-3.4e+38 -3.4e+38 276.745758056641 276.732116699219 276.71630859375 276.962982177734 276.868041992188 276.666107177734 276.212097167969 276.232330322266 276.382293701172 276.422912597656 276.208923339844 275.990051269531 276.569458007812 276.545806884766 276.500915527344 275.776428222656 276.083435058594 275.160217285156 274.587677001953 273.891998291016 273.152404785156 271.050262451172 270.053100585938 273.741821289062 276.359832763672 273.061492919922 268.378021240234 267.984252929688 272.962280273438 274.845855712891 274.988830566406 274.610656738281 272.185974121094 270.194458007812 268.605773925781 267.827423095703 267.408599853516 265.632202148438 264.454132080078 259.224395751953 252.956100463867 252.759231567383 253.528076171875 254.080841064453 257.586669921875 256.379119873047 254.483413696289
-3.4e+38 276.651550292969 276.635437011719 276.687896728516 276.77392578125 276.630920410156 276.490814208984 276.419067382812 276.068237304688 275.969665527344 276.057739257812 276.295318603516 276.062469482422 276.168029785156 276.268859863281 276.441589355469 276.6904296875 276.449432373047 274.732604980469 274.307708740234 275.204376220703 275.185546875 272.814910888672 271.529327392578 272.578796386719 274.845764160156 276.106140136719 273.1142578125 268.722076416016 264.413635253906 267.905609130859 272.126251220703 274.076263427734 273.807250976562 272.392486572266 271.38818359375 270.035278320312 268.834716796875 268.848236083984 268.955810546875 268.041259765625 259.774780273438 256.243286132812 254.301605224609 255.14469909668 252.701675415039 254.327682495117 257.457672119141 256.095794677734
-3.4e+38 276.668823242188 276.732971191406 276.794555664062 276.8427734375 276.636657714844 276.523010253906 276.521362304688 276.056182861328 275.797973632812 276.060546875 276.460876464844 276.249786376953 276.531463623047 276.553741455078 276.263519287109 275.386993408203 275.842315673828 273.400939941406 271.824737548828 271.694061279297 272.656951904297 272.882873535156 272.889068603516 274.752593994141 275.897521972656 275.896331787109 274.442810058594 268.882507324219 262.295379638672 263.421478271484 269.692626953125 274.525207519531 274.701385498047 273.307067871094 271.613220214844 270.471221923828 269.826751708984 270.211486816406 269.940826416016 268.653686523438 260.212158203125 260.167572021484 256.925689697266 255.064453125 253.662780761719 249.602386474609 251.586517333984 256.8466796875
