rcp4.5models/CNRM_CM5/sc1gr7.12
NCOLS 261 
NROWS 433 
XLLCORNER 336357.134 
YLLCORNER 654653.479 
CELLSIZE 1000 
NODATA_value -3.4e+38 
[rows 374 to 395 of 433, columns 196 to 244 of 261]
78.8300323486328 78.9692459106445 79.2259521484375 79.5568084716797 79.7020034790039 79.7301788330078 79.9531631469727 80.7425689697266 81.0288543701172 81.1617050170898 81.3997802734375 81.8044662475586 82.164680480957 82.4425659179688 82.8724060058594 83.2837219238281 83.8308029174805 84.2044448852539 84.8195037841797 85.3134231567383 86.0132369995117 86.4372406005859 86.8091125488281 87.2538375854492 87.9401245117188 88.4600448608398 88.8801651000977 89.46044921875 90.078125 90.8643493652344 91.9226303100586 92.4476165771484 93.0026931762695 93.642692565918 94.1208877563477 94.7079162597656 95.3859176635742 95.9369049072266 96.6304473876953 97.0560455322266 -3.4e+38 -3.4e+38 -3.4e+38 -3.4e+38 -3.4e+38 -3.4e+38 -3.4e+38 -3.4e+38 -3.4e+38
78.7140426635742 78.9180145263672 79.0909652709961 79.4653854370117 79.6243591308594 79.7362976074219 80.0444869995117 80.6479797363281 80.8990249633789 81.1030883789062 81.4499130249023 81.8823699951172 82.1853942871094 82.4185943603516 82.813835144043 83.2164840698242 83.7506332397461 84.2033462524414 84.8134002685547 85.2031631469727 85.9320068359375 86.4004516601562 86.8605117797852 87.3537750244141 88.0595703125 88.5257568359375 88.8727264404297 89.3628234863281 89.9886627197266 90.7315139770508 91.8263854980469 92.3495635986328 93.0468063354492 93.7040405273438 94.1593170166016 94.6111450195312 95.2036895751953 95.8553619384766 -3.4e+38 -3.4e+38 -3.4e+38 -3.4e+38 -3.4e+38 -3.4e+38 -3.4e+38 -3.4e+38 -3.4e+38 -3.4e+38 -3.4e+38
78.6726760864258 78.8670043945312 79.0657196044922 79.4035263061523 79.5320434570312 79.6360626220703 80.0186538696289 80.6771240234375 80.8195877075195 81.0265350341797 81.4144058227539 81.838020324707 82.2114868164062 82.4483947753906 82.7948913574219 83.1579818725586 83.6744384765625 84.1426391601562 84.965217590332 85.3959655761719 85.9499969482422 86.3541030883789 86.8111114501953 87.2794418334961 88.0551605224609 88.5383453369141 88.987060546875 89.398811340332 89.8877410888672 90.5152969360352 91.7524642944336 92.2754364013672 93.0152282714844 93.6459808349609 94.1772155761719 94.6087951660156 -3.4e+38 -3.4e+38 -3.4e+38 -3.4e+38 -3.4e+38 -3.4e+38 -3.4e+38 -3.4e+38 -3.4e+38 -3.4e+38 -3.4e+38 -3.4e+38 -3.4e+38
78.7179336547852 78.8435134887695 79.0726623535156 79.2127380371094 79.4970550537109 79.601188659668 79.8664016723633 80.6079330444336 80.8765182495117 81.0355682373047 81.3566360473633 81.7990646362305 82.193115234375 82.4499053955078 82.8504486083984 83.2078170776367 83.7157363891602 84.0844039916992 84.9518814086914 85.5169372558594 85.9767456054688 86.4373779296875 86.8106460571289 87.2779693603516 88.0698013305664 88.5436477661133 89.0000534057617 89.4061508178711 89.8370056152344 90.4406967163086 91.6685333251953 92.2156524658203 92.8992538452148 93.6069641113281 -3.4e+38 -3.4e+38 -3.4e+38 -3.4e+38 -3.4e+38 -3.4e+38 -3.4e+38 -3.4e+38 -3.4e+38 -3.4e+38 -3.4e+38 -3.4e+38 -3.4e+38 -3.4e+38 -3.4e+38
78.7534561157227 78.9052810668945 79.1060409545898 79.1418838500977 79.4345779418945 79.5762786865234 79.8283843994141 80.4541320800781 80.8253555297852 81.1190185546875 81.3846740722656 81.8223190307617 82.21142578125 82.4375228881836 82.808708190918 83.24169921875 83.8154983520508 84.1284713745117 84.8036117553711 85.4486083984375 86.0020370483398 86.4601364135742 86.8433990478516 87.302001953125 88.0575714111328 88.5028533935547 88.9255142211914 89.3866500854492 89.825569152832 90.4790954589844 91.5650482177734 92.123893737793 92.7757339477539 93.3847427368164 93.6240081787109 94.4968185424805 -3.4e+38 -3.4e+38 -3.4e+38 -3.4e+38 -3.4e+38 -3.4e+38 -3.4e+38 -3.4e+38 -3.4e+38 -3.4e+38 -3.4e+38 -3.4e+38 -3.4e+38
78.6970672607422 78.8063659667969 78.9994964599609 79.1525726318359 79.3672790527344 79.5631637573242 79.8067245483398 80.4105606079102 80.7768020629883 81.1078338623047 81.3766784667969 81.8626861572266 82.2382049560547 82.4892654418945 82.7311477661133 83.1631011962891 83.713996887207 84.1842803955078 84.785514831543 85.3129272460938 85.9462509155273 86.3785705566406 86.8363647460938 87.2697982788086 88.0236968994141 88.4142379760742 88.9074935913086 89.3553695678711 89.8412704467773 90.4040679931641 91.5986022949219 91.9986114501953 92.6059494018555 93.0689163208008 -3.4e+38 -3.4e+38 -3.4e+38 -3.4e+38 -3.4e+38 -3.4e+38 -3.4e+38 -3.4e+38 -3.4e+38 -3.4e+38 -3.4e+38 -3.4e+38 -3.4e+38 -3.4e+38 -3.4e+38
78.7318496704102 78.7734985351562 78.9122085571289 79.1973342895508 79.494270324707 79.9045257568359 79.8289184570312 80.4793243408203 80.7584381103516 81.0288772583008 81.3053665161133 81.8056716918945 82.1096878051758 82.5344619750977 82.7834167480469 83.1426239013672 83.5987319946289 84.1180191040039 84.8431701660156 85.2926788330078 85.9089889526367 86.3169097900391 86.792854309082 87.3029937744141 87.8784790039062 88.4116744995117 88.8960189819336 89.3861618041992 89.8802871704102 90.4090881347656 91.6680374145508 91.9984130859375 92.4943084716797 -3.4e+38 -3.4e+38 -3.4e+38 -3.4e+38 -3.4e+38 -3.4e+38 -3.4e+38 -3.4e+38 -3.4e+38 -3.4e+38 -3.4e+38 -3.4e+38 -3.4e+38 -3.4e+38 -3.4e+38 -3.4e+38
78.8039932250977 78.8205947875977 78.9826202392578 79.3371200561523 79.8171539306641 80.176139831543 79.9230804443359 80.4232177734375 80.6193237304688 81.0480499267578 81.2992935180664 81.7023849487305 82.0749664306641 82.5434036254883 82.8853149414062 83.2064666748047 83.6173248291016 84.14599609375 84.9329376220703 85.3602142333984 85.916862487793 86.3632736206055 86.776252746582 87.2442092895508 87.763427734375 88.5064697265625 88.9243927001953 89.406135559082 89.9116668701172 90.4461135864258 91.7461853027344 -3.4e+38 -3.4e+38 -3.4e+38 -3.4e+38 -3.4e+38 -3.4e+38 -3.4e+38 -3.4e+38 -3.4e+38 -3.4e+38 -3.4e+38 -3.4e+38 -3.4e+38 -3.4e+38 -3.4e+38 -3.4e+38 -3.4e+38 -3.4e+38
78.7277297973633 78.9403228759766 79.1126022338867 79.6168441772461 79.9197692871094 79.8708114624023 79.9356384277344 80.407585144043 80.7707443237305 80.9806137084961 81.3272552490234 81.6301345825195 82.0613555908203 82.413818359375 82.8584213256836 83.2748718261719 83.5724334716797 84.0458908081055 84.903205871582 85.3961944580078 85.8604736328125 86.3979339599609 86.8245468139648 87.180046081543 87.6787567138672 88.404426574707 88.939338684082 89.3539962768555 89.826042175293 90.3379669189453 -3.4e+38 -3.4e+38 -3.4e+38 -3.4e+38 -3.4e+38 -3.4e+38 -3.4e+38 -3.4e+38 -3.4e+38 -3.4e+38 -3.4e+38 -3.4e+38 -3.4e+38 -3.4e+38 -3.4e+38 -3.4e+38 -3.4e+38 -3.4e+38 -3.4e+38
78.736198425293 78.8941497802734 79.1972961425781 79.3268280029297 79.5265121459961 79.6583251953125 79.8223724365234 80.3265686035156 80.6865158081055 81.0260162353516 81.2426452636719 81.4639663696289 81.9090805053711 82.3984069824219 82.7367858886719 83.1421508789062 83.5137405395508 83.8706512451172 84.912971496582 85.2528762817383 85.7612533569336 86.3568267822266 86.7957763671875 87.3041687011719 87.6580200195312 88.1300888061523 88.8305053710938 89.2195816040039 89.7413482666016 90.247673034668 -3.4e+38 -3.4e+38 -3.4e+38 -3.4e+38 -3.4e+38 -3.4e+38 -3.4e+38 -3.4e+38 -3.4e+38 -3.4e+38 -3.4e+38 -3.4e+38 -3.4e+38 -3.4e+38 -3.4e+38 -3.4e+38 -3.4e+38 -3.4e+38 -3.4e+38
78.4020919799805 78.7867889404297 79.0938568115234 79.0924911499023 79.3796081542969 79.6073379516602 79.7334976196289 80.2260971069336 80.5460510253906 80.9766387939453 81.2321853637695 81.4520874023438 81.8300170898438 82.3480377197266 82.6302108764648 83.0713119506836 83.4764556884766 83.8849868774414 84.9350051879883 85.3188095092773 85.6981964111328 86.2327575683594 86.6764526367188 87.303092956543 87.7344436645508 -3.4e+38 -3.4e+38 -3.4e+38 -3.4e+38 -3.4e+38 -3.4e+38 -3.4e+38 -3.4e+38 -3.4e+38 -3.4e+38 -3.4e+38 -3.4e+38 -3.4e+38 -3.4e+38 -3.4e+38 -3.4e+38 -3.4e+38 -3.4e+38 -3.4e+38 -3.4e+38 -3.4e+38 -3.4e+38 -3.4e+38 -3.4e+38
78.0690536499023 78.5573654174805 78.8838348388672 78.8573455810547 79.1224899291992 79.449462890625 79.6196975708008 80.2674331665039 80.5095138549805 80.8550567626953 81.1761856079102 81.4208068847656 81.9523468017578 82.2278594970703 82.5991516113281 82.9877090454102 83.515625 83.9158401489258 84.8764953613281 85.3315963745117 85.7122650146484 86.1180648803711 86.7037353515625 87.2370986938477 -3.4e+38 -3.4e+38 -3.4e+38 -3.4e+38 -3.4e+38 -3.4e+38 -3.4e+38 -3.4e+38 -3.4e+38 -3.4e+38 -3.4e+38 -3.4e+38 -3.4e+38 -3.4e+38 -3.4e+38 -3.4e+38 -3.4e+38 -3.4e+38 -3.4e+38 -3.4e+38 -3.4e+38 -3.4e+38 -3.4e+38 -3.4e+38 -3.4e+38
77.8814468383789 78.1788711547852 78.4182052612305 78.7137832641602 78.9238891601562 79.2021484375 79.3931350708008 80.1421813964844 80.3807373046875 80.7840805053711 81.1063613891602 81.3933181762695 81.8779830932617 82.2406311035156 82.6251220703125 82.9890518188477 83.4663467407227 83.8306121826172 84.8344879150391 85.2974014282227 85.6826400756836 86.0593490600586 86.672981262207 -3.4e+38 -3.4e+38 -3.4e+38 -3.4e+38 -3.4e+38 -3.4e+38 -3.4e+38 -3.4e+38 -3.4e+38 -3.4e+38 -3.4e+38 -3.4e+38 -3.4e+38 -3.4e+38 -3.4e+38 -3.4e+38 -3.4e+38 -3.4e+38 -3.4e+38 -3.4e+38 -3.4e+38 -3.4e+38 -3.4e+38 -3.4e+38 -3.4e+38 -3.4e+38
78.0669937133789 77.9316329956055 78.1754455566406 78.5287322998047 78.7568740844727 79.0043487548828 79.1752319335938 79.9882507324219 80.202392578125 80.6979904174805 81.0093460083008 81.4760971069336 81.761848449707 82.1626129150391 82.601921081543 83.0489196777344 83.3556442260742 83.6942672729492 84.7184906005859 85.262809753418 85.691535949707 86.0822067260742 86.5712814331055 -3.4e+38 -3.4e+38 -3.4e+38 -3.4e+38 -3.4e+38 -3.4e+38 -3.4e+38 -3.4e+38 -3.4e+38 -3.4e+38 -3.4e+38 -3.4e+38 -3.4e+38 -3.4e+38 -3.4e+38 -3.4e+38 -3.4e+38 -3.4e+38 -3.4e+38 -3.4e+38 -3.4e+38 -3.4e+38 -3.4e+38 -3.4e+38 -3.4e+38 -3.4e+38
78.0261306762695 77.815299987793 77.9617538452148 78.196174621582 78.6689682006836 78.9110870361328 79.0706024169922 79.9094772338867 80.1475448608398 80.5888977050781 80.8985290527344 81.4384384155273 81.8119354248047 82.0616989135742 82.5228729248047 82.9244232177734 83.3954620361328 83.6841430664062 84.5354995727539 85.0503005981445 85.6605834960938 -3.4e+38 -3.4e+38 -3.4e+38 -3.4e+38 -3.4e+38 -3.4e+38 -3.4e+38 -3.4e+38 -3.4e+38 -3.4e+38 -3.4e+38 -3.4e+38 -3.4e+38 -3.4e+38 -3.4e+38 -3.4e+38 -3.4e+38 -3.4e+38 -3.4e+38 -3.4e+38 -3.4e+38 -3.4e+38 -3.4e+38 -3.4e+38 -3.4e+38 -3.4e+38 -3.4e+38 -3.4e+38
77.4905700683594 77.6053466796875 77.7449035644531 77.9760208129883 78.4215469360352 78.8239288330078 79.0115737915039 79.8074951171875 80.1289520263672 80.5432739257812 80.9148712158203 81.2978439331055 81.82763671875 82.1225662231445 82.4342651367188 82.7818298339844 83.3344268798828 83.7503051757812 84.601448059082 84.9671325683594 85.5595703125 -3.4e+38 -3.4e+38 -3.4e+38 -3.4e+38 -3.4e+38 -3.4e+38 -3.4e+38 -3.4e+38 -3.4e+38 -3.4e+38 -3.4e+38 -3.4e+38 -3.4e+38 -3.4e+38 -3.4e+38 -3.4e+38 -3.4e+38 -3.4e+38 -3.4e+38 -3.4e+38 -3.4e+38 -3.4e+38 -3.4e+38 -3.4e+38 -3.4e+38 -3.4e+38 -3.4e+38 -3.4e+38
77.1004333496094 77.3087692260742 77.539306640625 77.8911361694336 78.1985931396484 78.6930770874023 79.0955657958984 79.6326370239258 79.9984741210938 80.4892578125 80.836784362793 81.182502746582 81.6968841552734 82.0916900634766 82.3827514648438 82.7649917602539 83.2581405639648 83.7709197998047 84.5617904663086 -3.4e+38 -3.4e+38 -3.4e+38 -3.4e+38 -3.4e+38 -3.4e+38 -3.4e+38 -3.4e+38 -3.4e+38 -3.4e+38 -3.4e+38 -3.4e+38 -3.4e+38 -3.4e+38 -3.4e+38 -3.4e+38 -3.4e+38 -3.4e+38 -3.4e+38 -3.4e+38 -3.4e+38 -3.4e+38 -3.4e+38 -3.4e+38 -3.4e+38 -3.4e+38 -3.4e+38 -3.4e+38 -3.4e+38 -3.4e+38
76.9687271118164 77.0921478271484 77.32470703125 77.7930908203125 78.1822052001953 78.5281600952148 78.9686889648438 79.5950012207031 79.7953796386719 80.3229904174805 80.7915725708008 81.1246566772461 81.5414047241211 81.9480209350586 82.3583755493164 82.7196884155273 83.2119140625 -3.4e+38 -3.4e+38 -3.4e+38 -3.4e+38 -3.4e+38 -3.4e+38 -3.4e+38 -3.4e+38 -3.4e+38 -3.4e+38 -3.4e+38 -3.4e+38 -3.4e+38 -3.4e+38 -3.4e+38 -3.4e+38 -3.4e+38 -3.4e+38 -3.4e+38 -3.4e+38 -3.4e+38 -3.4e+38 -3.4e+38 -3.4e+38 -3.4e+38 -3.4e+38 -3.4e+38 -3.4e+38 -3.4e+38 -3.4e+38 -3.4e+38 -3.4e+38
76.7594451904297 76.9823150634766 77.2967987060547 77.6744537353516 78.1986541748047 78.4736175537109 78.7309951782227 79.5852966308594 79.8140487670898 80.1956558227539 80.7321166992188 81.1332397460938 81.4730987548828 81.8464584350586 82.2683258056641 -3.4e+38 -3.4e+38 -3.4e+38 -3.4e+38 -3.4e+38 -3.4e+38 -3.4e+38 -3.4e+38 -3.4e+38 -3.4e+38 -3.4e+38 -3.4e+38 -3.4e+38 -3.4e+38 -3.4e+38 -3.4e+38 -3.4e+38 -3.4e+38 -3.4e+38 -3.4e+38 -3.4e+38 -3.4e+38 -3.4e+38 -3.4e+38 -3.4e+38 -3.4e+38 -3.4e+38 -3.4e+38 -3.4e+38 -3.4e+38 -3.4e+38 -3.4e+38 -3.4e+38 -3.4e+38
76.4525146484375 76.8326644897461 77.2798690795898 77.5815048217773 78.0483551025391 78.5139007568359 78.6925277709961 79.4428482055664 79.8861923217773 80.1828155517578 80.6382904052734 81.0060806274414 81.4002838134766 81.7842636108398 82.149055480957 -3.4e+38 -3.4e+38 -3.4e+38 -3.4e+38 -3.4e+38 -3.4e+38 -3.4e+38 -3.4e+38 -3.4e+38 -3.4e+38 -3.4e+38 -3.4e+38 -3.4e+38 -3.4e+38 -3.4e+38 -3.4e+38 -3.4e+38 -3.4e+38 -3.4e+38 -3.4e+38 -3.4e+38 -3.4e+38 -3.4e+38 -3.4e+38 -3.4e+38 -3.4e+38 -3.4e+38 -3.4e+38 -3.4e+38 -3.4e+38 -3.4e+38 -3.4e+38 -3.4e+38 -3.4e+38
76.3694915771484 -3.4e+38 -3.4e+38 77.464469909668 77.8245849609375 78.4137496948242 78.7456588745117 79.3268661499023 79.813102722168 80.1147994995117 80.4738845825195 80.8862838745117 81.2967681884766 81.7105941772461 -3.4e+38 -3.4e+38 -3.4e+38 -3.4e+38 -3.4e+38 -3.4e+38 -3.4e+38 -3.4e+38 -3.4e+38 -3.4e+38 -3.4e+38 -3.4e+38 -3.4e+38 -3.4e+38 -3.4e+38 -3.4e+38 -3.4e+38 -3.4e+38 -3.4e+38 -3.4e+38 -3.4e+38 -3.4e+38 -3.4e+38 -3.4e+38 -3.4e+38 -3.4e+38 -3.4e+38 -3.4e+38 -3.4e+38 -3.4e+38 -3.4e+38 -3.4e+38 -3.4e+38 -3.4e+38 -3.4e+38
76.0087738037109 76.5098266601562 76.9009017944336 77.1921844482422 77.6808471679688 78.0271987915039 78.3351058959961 79.1779708862305 79.5608291625977 79.9276428222656 80.3460922241211 80.7472915649414 81.1887130737305 -3.4e+38 -3.4e+38 -3.4e+38 -3.4e+38 -3.4e+38 -3.4e+38 -3.4e+38 -3.4e+38 -3.4e+38 -3.4e+38 -3.4e+38 -3.4e+38 -3.4e+38 -3.4e+38 -3.4e+38 -3.4e+38 -3.4e+38 -3.4e+38 -3.4e+38 -3.4e+38 -3.4e+38 -3.4e+38 -3.4e+38 -3.4e+38 -3.4e+38 -3.4e+38 -3.4e+38 -3.4e+38 -3.4e+38 -3.4e+38 -3.4e+38 -3.4e+38 -3.4e+38 -3.4e+38 -3.4e+38 -3.4e+38
