currenttrends/age.38
ncols    261
nrows    433
xllcorner  336357.125000
yllcorner  654653.500000
cellsize   1000.000000
NODATA_value   -9999
[rows 135 to 179 of 433, columns 96 to 191 of 261]
18 30 18 2 3 43 42 1 5 7 7 3 3 30 42 1 3 3 2 13 3 41 1 3 42 39 39 41 39 27 3 3 3 40 18 40 3 39 40 42 40 39 42 17 3 5 18 43 5 3 3 41 43 42 43 43 42 33 5 39 40 -9999 -9999 5 1 42 3 29 39 43 40 43 39 42 40 43 39 40 39 39 42 42 29 43 1 5 5 40 42 40 -9999 -9999 -9999 -9999 -9999 -9999
5 24 31 39 1 17 1 3 3 3 20 40 43 41 2 2 3 2 40 29 43 43 3 39 32 42 40 40 41 32 1 41 3 24 3 39 21 40 41 43 40 43 39 40 39 5 39 43 18 5 5 40 41 40 39 41 41 39 3 43 39 3 -9999 5 1 39 41 40 1 41 41 40 39 43 40 40 41 39 40 40 42 42 30 39 43 41 5 40 43 42 43 40 -9999 -9999 -9999 -9999
31 40 31 5 31 1 1 41 21 42 43 41 41 43 7 3 39 43 40 39 43 42 41 30 33 43 43 43 23 1 42 20 5 18 20 40 29 40 41 20 41 40 39 3 3 40 3 5 18 18 18 3 42 43 40 21 27 42 40 17 40 43 -9999 40 40 42 42 41 40 -9999 43 43 39 41 40 41 41 42 42 42 39 43 39 40 42 39 39 40 43 39 43 40 -9999 -9999 -9999 -9999
1 33 24 18 1 1 1 42 40 1 43 39 1 33 -9999 3 42 1 2 24 39 43 3 29 40 41 43 42 40 3 40 42 40 1 42 40 42 40 41 23 43 41 42 3 5 18 1 18 5 18 18 18 42 3 42 32 39 41 40 43 43 -9999 -9999 40 40 40 29 41 -9999 40 40 39 42 42 41 42 40 41 42 39 41 41 39 41 40 39 43 39 39 42 40 41 -9999 -9999 -9999 -9999
7 33 43 1 1 5 33 3 39 3 42 2 3 30 41 39 42 30 5 40 42 32 29 29 39 43 43 39 3 3 40 3 1 1 -9999 43 40 41 41 17 30 17 3 32 18 18 18 20 1 1 18 18 18 18 18 -9999 17 17 40 39 43 41 -9999 41 41 40 40 7 -9999 -9999 40 43 41 42 42 43 40 40 43 40 39 42 42 42 39 24 42 43 40 -9999 43 -9999 39 -9999 -9999 -9999
5 18 27 24 24 1 42 39 30 39 43 3 39 21 29 43 43 29 3 3 3 3 30 40 41 40 43 1 3 43 40 3 2 32 42 40 42 17 3 32 20 3 5 18 18 18 8 40 18 1 18 1 1 1 3 42 42 42 43 42 43 40 39 40 42 40 1 42 40 39 41 40 40 41 43 30 7 3 43 43 42 40 42 3 33 1 40 42 41 -9999 -9999 -9999 -9999 41 -9999 -9999
7 29 7 1 5 5 1 1 32 29 3 18 1 42 42 3 5 1 5 30 1 23 33 41 39 41 42 3 30 40 30 3 1 18 42 42 41 20 20 41 3 3 5 3 5 -9999 8 20 8 1 1 1 18 18 39 42 41 41 40 41 39 42 41 42 43 41 43 42 43 42 43 23 42 3 2 3 40 41 42 39 42 39 3 33 30 1 39 40 39 -9999 -9999 -9999 -9999 41 -9999 -9999
31 31 24 33 1 42 41 32 5 3 18 24 18 3 42 13 1 20 18 5 1 29 39 41 40 42 17 3 17 42 42 3 18 5 5 -9999 3 18 3 41 43 18 39 5 5 18 3 24 38 1 1 8 40 43 43 42 42 40 43 40 42 39 40 39 43 39 40 43 39 43 40 40 -9999 17 39 40 39 42 43 24 39 30 5 24 33 31 41 39 40 -9999 -9999 -9999 -9999 41 7 -9999
33 7 2 40 7 30 17 2 39 32 39 24 -9999 3 33 3 5 41 3 1 1 43 32 40 1 30 5 17 40 3 1 1 1 39 41 24 1 1 42 1 41 18 3 3 39 3 24 32 1 1 1 8 18 42 40 39 42 40 40 42 39 43 41 39 42 42 42 42 42 43 40 40 42 42 43 43 42 43 39 24 3 5 24 3 -9999 -9999 42 43 39 42 -9999 -9999 -9999 39 -9999 -9999
33 40 1 24 7 3 3 3 21 32 30 19 18 5 30 40 42 30 33 3 1 1 33 39 1 1 1 1 1 1 24 1 2 31 2 3 42 3 18 40 41 18 18 1 18 18 20 24 8 2 -9999 20 18 43 41 39 42 41 40 39 39 42 39 42 43 40 43 41 42 42 43 40 41 41 40 41 42 39 43 24 1 24 24 41 -9999 -9999 -9999 43 43 43 -9999 -9999 -9999 -9999 -9999 -9999
7 24 40 24 42 40 42 43 39 42 17 18 43 3 30 -9999 41 30 3 5 1 30 40 30 3 3 5 5 18 24 18 3 31 7 1 18 18 3 42 3 3 5 18 1 8 1 1 8 42 20 29 29 3 18 3 42 40 43 43 41 39 43 42 43 40 41 41 41 43 40 40 39 43 39 42 40 42 39 29 24 1 17 -9999 -9999 -9999 -9999 -9999 -9999 42 39 30 -9999 -9999 -9999 -9999 -9999
40 1 39 40 1 30 41 40 42 3 3 1 18 2 5 1 1 42 3 3 24 24 3 30 29 42 39 18 1 1 1 1 1 3 18 18 18 3 39 41 40 18 8 1 1 1 1 39 18 24 3 2 7 3 5 42 43 43 39 41 43 39 43 42 42 41 40 43 39 41 41 40 39 43 41 43 39 40 39 2 -9999 -9999 -9999 -9999 -9999 -9999 -9999 -9999 43 39 24 -9999 -9999 -9999 -9999 -9999
39 5 1 24 39 1 40 43 39 3 33 33 3 1 1 1 18 5 5 3 5 18 2 3 3 5 5 1 1 20 18 3 31 32 18 3 3 39 40 29 41 3 18 43 1 39 8 1 18 43 8 20 2 3 18 39 42 43 41 40 40 40 40 43 41 39 43 42 43 40 43 41 40 43 40 40 -9999 43 33 1 -9999 -9999 -9999 -9999 -9999 40 41 39 43 -9999 -9999 -9999 -9999 -9999 -9999 -9999
30 24 39 24 43 3 33 41 40 30 17 18 3 1 1 1 1 1 8 3 3 5 1 18 2 1 2 24 43 3 40 3 1 8 5 41 3 3 39 3 40 40 20 18 40 42 41 18 18 5 18 1 7 7 -9999 3 39 43 40 43 41 43 41 42 39 41 42 42 39 39 40 42 43 41 43 40 3 24 24 7 -9999 -9999 -9999 -9999 39 43 41 39 41 -9999 -9999 -9999 -9999 -9999 -9999 -9999
42 24 3 24 1 1 1 30 30 23 17 3 3 3 1 42 1 18 3 32 41 7 29 1 8 1 18 18 18 5 18 1 3 8 5 42 18 43 8 3 18 18 40 3 41 1 1 8 5 5 8 8 1 31 1 3 39 42 41 43 42 42 43 42 41 42 41 43 41 42 43 41 41 -9999 40 3 7 24 24 2 7 -9999 -9999 -9999 40 41 41 41 41 -9999 -9999 -9999 -9999 -9999 -9999 -9999
1 24 5 24 24 24 24 17 30 30 32 41 8 32 3 3 1 3 7 7 33 1 1 1 5 5 5 18 1 18 43 18 1 18 5 17 42 32 20 40 18 3 30 30 43 29 1 1 3 5 5 18 3 31 18 3 43 39 43 41 43 39 40 39 43 42 42 39 43 39 41 39 40 39 -9999 3 1 1 2 24 42 42 -9999 -9999 -9999 -9999 41 40 -9999 -9999 -9999 -9999 -9999 -9999 -9999 -9999
1 43 1 1 39 33 7 -9999 7 3 3 18 8 40 1 2 39 39 1 33 1 18 18 1 18 18 18 1 29 1 39 41 2 18 29 29 3 43 18 43 5 39 20 30 29 30 5 8 5 18 8 8 3 1 18 3 40 39 41 41 42 43 41 41 40 41 43 40 39 40 42 41 40 2 1 8 1 1 43 7 18 7 1 1 40 2 -9999 7 -9999 -9999 -9999 -9999 -9999 -9999 -9999 -9999
24 1 1 18 30 33 39 40 7 3 3 29 7 2 1 7 29 2 29 33 42 30 18 42 40 1 1 1 7 29 18 1 1 42 18 5 5 18 18 40 42 20 3 3 30 5 3 18 18 18 -9999 1 8 1 18 18 3 42 39 40 42 41 42 43 41 41 40 39 40 43 39 41 43 13 20 18 39 39 39 24 39 1 7 1 1 2 20 1 2 -9999 -9999 -9999 -9999 -9999 -9999 -9999
29 33 1 30 30 1 18 29 18 18 18 18 1 29 29 39 39 2 2 24 24 1 1 33 18 18 1 43 18 18 41 1 1 3 18 18 1 43 18 39 3 23 40 39 3 3 40 3 3 41 3 17 -9999 1 1 18 3 3 39 39 43 43 43 39 43 42 40 39 39 43 43 41 41 1 39 3 3 41 41 17 3 5 7 20 3 3 1 1 2 2 7 7 31 42 -9999 -9999
39 35 1 30 33 30 7 29 18 18 39 32 43 29 39 1 1 40 39 39 7 7 1 1 32 18 3 1 1 24 1 1 8 3 43 18 5 3 42 18 30 32 40 30 43 30 40 41 43 39 39 39 42 18 18 1 1 5 3 40 39 39 42 40 43 41 43 40 42 43 43 -9999 41 8 3 3 39 8 5 3 1 40 1 2 3 20 7 1 41 2 43 -9999 18 43 43 39
33 33 33 29 18 1 40 2 18 18 33 24 -9999 2 24 41 1 43 1 3 30 24 39 -9999 42 43 7 7 31 2 17 3 18 8 24 3 41 30 40 18 17 32 29 30 29 23 43 23 39 39 42 17 5 3 42 39 42 43 40 -9999 40 43 43 42 43 41 43 40 42 -9999 40 1 18 43 42 1 2 2 17 20 2 43 2 7 7 1 1 1 2 31 33 18 18 18 1 1
41 43 42 -9999 24 42 20 7 5 1 1 43 1 1 1 1 1 33 1 3 41 24 30 30 40 39 1 18 18 42 42 1 18 18 19 43 39 43 41 5 29 30 40 29 29 27 40 23 39 41 42 41 3 40 40 43 32 39 40 43 40 40 39 43 41 42 41 41 39 43 -9999 3 18 3 32 2 13 2 39 1 20 40 41 3 43 7 3 -9999 40 41 24 27 1 18 18 1
41 41 24 24 7 35 42 1 24 1 1 24 1 1 1 5 32 1 1 2 30 2 3 7 33 7 43 1 40 2 18 43 43 43 5 43 3 3 5 42 30 33 29 40 32 30 42 43 43 39 39 39 43 39 43 41 40 42 40 41 40 42 39 41 39 39 39 42 39 40 41 18 18 1 1 7 7 2 1 2 17 1 43 42 7 7 1 -9999 39 41 3 31 31 31 7 1
35 35 33 30 7 24 24 2 3 30 3 1 1 1 1 3 33 3 42 39 33 29 3 1 18 41 18 33 1 18 3 17 32 42 41 42 39 23 30 40 5 20 3 17 5 5 3 39 -9999 39 42 40 41 40 39 41 41 39 43 39 40 42 40 40 43 43 39 41 27 40 5 8 8 1 1 2 2 2 3 1 43 41 43 39 23 30 40 43 41 39 39 3 1 24 2 7
29 7 33 24 24 1 33 1 42 30 3 1 3 40 24 18 43 -9999 -9999 23 27 42 1 3 5 33 30 33 24 3 20 26 3 40 42 40 29 21 39 43 30 27 30 30 3 42 40 39 42 43 41 39 39 41 41 39 42 43 39 41 39 43 41 41 42 41 43 43 -9999 3 3 1 3 2 2 2 1 1 1 3 21 40 39 41 43 29 39 40 43 42 43 39 43 3 1 7
33 33 33 42 40 41 1 1 3 30 32 42 33 1 18 18 -9999 -9999 23 39 27 3 32 1 18 41 18 18 24 30 21 20 3 42 42 43 43 33 20 18 3 32 40 40 30 39 23 43 42 39 43 41 42 40 42 40 43 40 39 41 43 43 43 39 41 -9999 -9999 18 -9999 1 1 1 1 40 2 24 40 43 32 40 33 40 42 39 40 41 40 40 41 39 42 42 20 1 1 41
40 39 39 40 42 43 32 41 39 32 3 30 30 18 18 41 41 -9999 30 3 3 1 24 1 41 43 33 30 32 39 21 43 1 40 40 40 20 43 41 1 30 30 39 29 40 41 41 41 41 39 40 42 43 43 41 43 40 40 39 40 39 40 41 40 39 -9999 -9999 31 41 43 18 42 42 20 2 1 8 18 40 43 40 40 41 41 39 42 42 39 43 39 43 2 2 2 24 39
41 40 43 39 42 40 8 3 18 33 5 43 1 42 1 5 1 -9999 30 3 42 1 42 30 24 7 33 33 3 42 30 29 17 41 39 20 3 20 1 1 30 33 39 30 40 41 40 41 39 42 42 40 40 41 40 40 43 42 43 40 39 39 41 41 -9999 -9999 -9999 42 43 39 8 40 41 43 8 43 41 -9999 30 40 40 39 42 42 42 29 43 41 39 43 43 20 43 41 30 24
42 41 40 42 40 42 41 1 42 39 2 1 1 40 5 5 3 39 41 1 1 1 41 1 39 18 1 7 20 41 39 30 1 40 40 1 41 42 18 17 42 43 17 41 27 43 41 42 42 41 39 42 41 41 43 39 41 40 39 41 40 42 42 39 -9999 -9999 -9999 41 40 41 41 43 40 43 5 41 27 29 29 43 30 30 40 40 40 40 43 42 24 40 39 23 32 1 2 7
41 41 43 41 42 42 25 3 3 20 1 1 3 18 40 1 3 27 39 39 27 1 7 32 42 5 1 2 2 18 40 41 5 41 21 39 43 41 1 30 18 1 3 30 43 41 39 39 42 43 39 43 39 43 40 41 42 42 39 41 40 39 41 27 -9999 -9999 1 42 41 40 1 39 20 1 3 1 42 33 39 41 43 41 43 2 -9999 43 40 41 43 41 42 39 21 43 2 2
41 43 43 43 40 8 1 1 1 40 2 1 1 3 41 1 1 1 39 40 7 1 7 1 40 42 18 18 31 18 1 1 5 40 29 40 29 3 1 42 18 39 18 30 43 40 41 39 39 43 40 41 40 41 42 43 39 41 40 43 40 39 23 17 3 18 1 1 3 32 43 17 23 32 41 23 41 30 42 40 40 43 1 41 43 40 40 42 39 39 42 40 43 41 42 17
39 43 42 41 42 41 1 1 1 20 1 1 1 1 39 39 1 32 43 27 1 24 1 1 2 8 3 1 40 3 42 18 17 42 41 3 18 18 1 18 1 19 5 30 33 43 39 41 40 43 39 39 42 42 41 43 42 42 40 42 43 39 43 3 18 18 18 8 3 43 33 22 23 1 27 29 24 40 41 42 39 43 -9999 40 30 -9999 27 40 43 41 41 42 43 40 43 42
43 40 39 40 43 43 1 7 33 39 40 18 1 13 3 41 33 1 40 42 40 3 1 7 7 33 1 7 7 7 24 43 43 39 41 1 3 3 3 29 1 1 43 5 33 26 -9999 41 42 41 41 43 40 39 40 42 40 40 41 40 40 41 40 42 1 18 5 18 1 33 23 43 32 1 23 22 24 29 40 42 42 -9999 30 40 40 1 -9999 41 40 42 40 40 32 41 41 41
42 41 39 41 42 39 42 29 33 1 7 1 24 1 7 41 7 43 43 20 43 41 17 3 20 43 1 3 3 1 1 7 18 29 8 2 1 3 18 1 3 1 18 3 21 40 -9999 -9999 41 43 42 42 40 41 41 39 41 42 40 41 42 41 41 39 43 3 5 18 42 41 27 27 40 27 27 43 26 24 33 41 43 -9999 43 40 30 1 27 40 39 39 39 40 39 41 42 39
43 43 39 41 39 42 41 42 29 40 7 1 1 2 1 30 29 33 1 1 3 1 3 30 5 33 41 1 18 20 1 1 18 1 40 29 3 1 1 1 1 18 18 30 30 43 39 27 40 43 43 40 41 41 42 43 43 39 41 40 39 39 40 41 42 39 3 18 40 43 23 27 40 29 23 24 24 24 30 43 29 40 41 39 40 1 1 41 39 42 40 43 39 43 40 42
39 42 40 42 42 39 41 7 7 42 7 1 1 33 30 41 20 42 1 1 39 1 3 39 20 1 1 29 3 29 1 7 40 18 1 7 1 1 24 1 8 8 5 40 40 41 41 24 41 42 42 42 43 42 39 43 41 41 43 41 41 42 39 39 43 42 39 1 20 -9999 23 23 41 22 23 40 24 26 39 31 42 39 39 40 27 33 43 39 42 40 43 43 41 41 42 1
40 42 40 40 41 43 7 2 32 2 7 24 1 41 29 42 43 41 7 30 39 20 3 3 41 40 1 3 1 2 29 2 41 1 1 7 1 32 40 1 1 41 3 41 27 39 39 41 40 39 43 40 39 39 41 41 39 39 41 41 42 41 42 41 39 42 40 41 3 20 40 -9999 24 26 24 -9999 22 27 32 40 40 42 43 41 -9999 1 41 39 42 39 40 42 41 42 43 1
1 1 43 40 42 40 33 29 43 1 7 24 3 30 39 41 41 43 43 42 42 27 1 1 2 1 1 1 33 7 2 29 7 43 33 1 2 40 8 43 8 18 -9999 43 43 41 42 39 40 42 39 42 43 40 40 41 41 42 42 40 40 39 39 39 40 42 42 27 42 29 41 1 -9999 42 43 26 42 41 41 33 39 40 41 40 -9999 43 30 42 40 39 42 41 42 41 42 30
1 2 2 29 42 1 33 42 29 29 -9999 3 3 40 43 30 1 41 41 41 40 40 1 2 8 41 39 1 41 1 8 1 30 1 33 20 2 8 3 32 18 3 -9999 40 43 40 42 39 42 39 43 40 39 43 43 42 42 42 42 41 42 42 40 43 -9999 40 27 39 43 39 42 42 40 40 43 39 40 40 43 43 43 39 43 42 -9999 40 43 43 39 39 41 43 40 42 39 39
2 2 7 2 29 30 7 1 3 1 -9999 3 43 1 21 29 33 1 7 7 7 1 1 1 1 1 1 7 32 40 1 1 9 8 20 1 3 3 41 18 1 3 3 29 40 41 42 41 39 40 43 42 40 43 43 43 42 43 43 42 39 23 43 43 41 42 40 42 41 41 43 42 41 40 41 43 39 43 41 32 39 41 41 -9999 -9999 40 39 42 43 42 43 43 40 42 40 40
41 24 2 2 2 30 7 2 1 -9999 -9999 -9999 43 41 1 1 20 33 1 43 2 39 17 3 1 30 1 1 1 -9999 18 8 8 5 32 29 3 2 42 40 42 5 30 23 40 40 39 40 42 39 39 40 41 43 43 39 42 43 42 41 42 29 39 42 40 40 41 42 43 32 40 39 41 42 39 39 41 39 40 40 43 41 41 42 -9999 -9999 42 43 41 40 42 42 43 42 40 39
2 40 2 2 2 2 7 7 7 -9999 -9999 -9999 5 5 1 1 23 23 43 42 40 21 43 17 8 1 1 1 20 5 3 43 3 18 8 1 2 1 8 1 18 3 30 33 42 41 41 41 43 42 41 40 43 39 42 41 40 41 40 42 42 40 41 42 41 39 41 40 40 39 42 43 40 39 42 41 41 42 23 33 40 41 39 22 41 40 30 40 40 39 42 43 39 43 39 40
1 1 40 1 24 1 3 7 41 40 1 3 3 3 3 3 27 21 21 32 32 -9999 40 42 17 8 1 3 2 18 39 3 8 41 20 1 1 1 20 18 5 42 32 30 43 41 43 43 43 40 41 39 40 39 43 42 43 40 41 40 42 39 40 39 43 41 42 39 43 41 41 40 42 42 39 43 41 42 1 27 40 42 41 43 40 24 42 43 39 41 39 40 42 41 41 43
5 20 17 2 -9999 -9999 40 2 40 7 18 3 5 18 18 18 43 39 20 17 39 3 39 27 17 1 7 30 5 41 1 1 20 5 29 29 41 -9999 40 1 18 32 32 40 39 39 42 39 41 43 29 40 40 43 43 42 40 -9999 41 40 41 39 39 39 43 40 43 41 42 41 40 41 2 40 23 30 30 29 1 39 42 41 42 42 42 43 29 43 31 40 43 43 40 39 43 39
3 21 21 1 3 -9999 2 24 24 -9999 5 2 1 1 32 18 29 20 29 29 21 39 1 17 30 3 3 -9999 20 3 -9999 3 43 20 41 40 -9999 -9999 -9999 40 42 33 41 40 43 41 42 43 39 41 41 39 39 42 42 43 40 43 41 42 42 43 43 43 40 39 40 2 40 40 43 2 3 39 39 29 1 1 29 41 39 40 40 40 39 43 41 42 41 42 41 42 39 42 41 43
