currenttrends/age.39
ncols    261
nrows    433
xllcorner  336357.125000
yllcorner  654653.500000
cellsize   1000.000000
NODATA_value   -9999
[rows 135 to 179 of 433, columns 96 to 191 of 261]
19 31 19 3 4 44 43 2 6 8 8 4 4 31 43 2 4 4 3 14 4 42 2 4 43 40 40 42 40 28 4 4 4 41 19 41 4 40 41 43 41 40 43 18 4 6 19 44 6 4 4 42 44 43 44 44 43 34 6 40 41 -9999 -9999 6 2 43 4 30 40 44 41 44 40 43 41 44 40 41 40 40 43 43 30 44 2 6 6 41 43 41 -9999 -9999 -9999 -9999 -9999 -9999
6 25 32 40 2 18 2 4 4 4 21 41 44 42 3 3 4 3 41 30 44 44 4 40 33 43 41 41 42 33 2 42 4 25 4 40 22 41 42 44 41 44 40 41 40 6 40 44 19 6 6 41 42 41 40 42 42 40 4 44 40 4 -9999 6 2 40 42 41 2 42 42 41 40 44 41 41 42 40 41 41 43 43 31 40 44 42 6 41 44 43 44 41 -9999 -9999 -9999 -9999
32 41 32 6 32 2 2 42 22 43 44 42 42 44 8 4 40 44 41 40 44 43 42 31 34 44 44 44 24 2 43 21 6 19 21 41 30 41 42 21 42 41 40 4 4 41 4 6 19 19 19 4 43 44 41 22 28 43 41 18 41 44 -9999 41 41 43 43 42 41 -9999 44 44 40 42 41 42 42 43 43 43 40 44 40 41 43 40 40 41 44 40 44 41 -9999 -9999 -9999 -9999
2 34 25 19 2 2 2 43 41 2 44 40 2 34 -9999 4 43 2 3 25 40 44 4 30 41 42 44 43 41 4 41 43 41 2 43 41 43 41 42 24 44 42 43 4 6 19 2 19 6 19 19 19 43 4 43 33 40 42 41 44 44 -9999 -9999 41 41 41 30 42 -9999 41 41 40 43 43 42 43 41 42 43 40 42 42 40 42 41 40 44 40 40 43 41 42 -9999 -9999 -9999 -9999
8 34 44 2 2 6 34 4 40 4 43 3 4 31 42 40 43 31 6 41 43 33 30 30 40 44 44 40 4 4 41 4 2 2 -9999 44 41 42 42 18 31 18 4 33 19 19 19 21 2 2 19 19 19 19 19 -9999 18 18 41 40 44 42 -9999 42 42 41 41 8 -9999 -9999 41 44 42 43 43 44 41 41 44 41 40 43 43 43 40 25 43 44 41 -9999 44 -9999 40 -9999 -9999 -9999
6 19 28 25 25 2 43 40 31 40 44 4 40 22 30 44 44 30 4 4 4 4 31 41 42 41 44 2 4 44 41 4 3 33 43 41 43 18 4 33 21 4 6 19 19 19 9 41 19 2 19 2 2 2 4 43 43 43 44 43 44 41 40 41 43 41 2 43 41 40 42 41 41 42 44 31 8 4 44 44 43 41 43 4 34 2 41 43 42 -9999 -9999 -9999 -9999 42 -9999 -9999
8 30 8 2 6 6 2 2 33 30 4 19 2 43 43 4 6 2 6 31 2 24 34 42 40 42 43 4 31 41 31 4 2 19 43 43 42 21 21 42 4 4 6 4 6 -9999 9 21 9 2 2 2 19 19 40 43 42 42 41 42 40 43 42 43 44 42 44 43 44 43 44 24 43 4 3 4 41 42 43 40 43 40 4 34 31 2 40 41 40 -9999 -9999 -9999 -9999 42 -9999 -9999
32 32 25 34 2 43 42 33 6 4 19 25 19 4 43 14 2 21 19 6 2 30 40 42 41 43 18 4 18 43 43 4 19 6 6 -9999 4 19 4 42 44 19 40 6 6 19 4 25 39 2 2 9 41 44 44 43 43 41 44 41 43 40 41 40 44 40 41 44 40 44 41 41 -9999 18 40 41 40 43 44 25 40 31 6 25 34 32 42 40 41 -9999 -9999 -9999 -9999 42 8 -9999
34 8 3 41 8 31 18 3 40 33 40 25 -9999 4 34 4 6 42 4 2 2 44 33 41 2 31 6 18 41 4 2 2 2 40 42 25 2 2 43 2 42 19 4 4 40 4 25 33 2 2 2 9 19 43 41 40 43 41 41 43 40 44 42 40 43 43 43 43 43 44 41 41 43 43 44 44 43 44 40 25 4 6 25 4 -9999 -9999 43 44 40 43 -9999 -9999 -9999 40 -9999 -9999
34 41 2 25 8 4 4 4 22 33 31 20 19 6 31 41 43 31 34 4 2 2 34 40 2 2 2 2 2 2 25 2 3 32 3 4 43 4 19 41 42 19 19 2 19 19 21 25 9 3 -9999 21 19 44 42 40 43 42 41 40 40 43 40 43 44 41 44 42 43 43 44 41 42 42 41 42 43 40 44 25 2 25 25 42 -9999 -9999 -9999 44 44 44 -9999 -9999 -9999 -9999 -9999 -9999
8 25 41 25 43 41 43 44 40 43 18 19 44 4 31 -9999 42 31 4 6 2 31 41 31 4 4 6 6 19 25 19 4 32 8 2 19 19 4 43 4 4 6 19 2 9 2 2 9 43 21 30 30 4 19 4 43 41 44 44 42 40 44 43 44 41 42 42 42 44 41 41 40 44 40 43 41 43 40 30 25 2 18 -9999 -9999 -9999 -9999 -9999 -9999 43 40 31 -9999 -9999 -9999 -9999 -9999
41 2 40 41 2 31 42 41 43 4 4 2 19 3 6 2 2 43 4 4 25 25 4 31 30 43 40 19 2 2 2 2 2 4 19 19 19 4 40 42 41 19 9 2 2 2 2 40 19 25 4 3 8 4 6 43 44 44 40 42 44 40 44 43 43 42 41 44 40 42 42 41 40 44 42 44 40 41 40 3 -9999 -9999 -9999 -9999 -9999 -9999 -9999 -9999 44 40 25 -9999 -9999 -9999 -9999 -9999
40 6 2 25 40 2 41 44 40 4 34 34 4 2 2 2 19 6 6 4 6 19 3 4 4 6 6 2 2 21 19 4 32 33 19 4 4 40 41 30 42 4 19 44 2 40 9 2 19 44 9 21 3 4 19 40 43 44 42 41 41 41 41 44 42 40 44 43 44 41 44 42 41 44 41 41 -9999 44 34 2 -9999 -9999 -9999 -9999 -9999 41 42 40 44 -9999 -9999 -9999 -9999 -9999 -9999 -9999
31 25 40 25 44 4 34 42 41 31 18 19 4 2 2 2 2 2 9 4 4 6 2 19 3 2 3 25 44 4 41 4 2 9 6 42 4 4 40 4 41 41 21 19 41 43 42 19 19 6 19 2 8 8 -9999 4 40 44 41 44 42 44 42 43 40 42 43 43 40 40 41 43 44 42 44 41 4 25 25 8 -9999 -9999 -9999 -9999 40 44 42 40 42 -9999 -9999 -9999 -9999 -9999 -9999 -9999
43 25 4 25 2 2 2 31 31 24 18 4 4 4 2 43 2 19 4 33 42 8 30 2 9 2 19 19 19 6 19 2 4 9 6 43 19 44 9 4 19 19 41 4 42 2 2 9 6 6 9 9 2 32 2 4 40 43 42 44 43 43 44 43 42 43 42 44 42 43 44 42 42 -9999 41 4 8 25 25 3 8 -9999 -9999 -9999 41 42 42 42 42 -9999 -9999 -9999 -9999 -9999 -9999 -9999
2 25 6 25 25 25 25 18 31 31 33 42 9 33 4 4 2 4 8 8 34 2 2 2 6 6 6 19 2 19 44 19 2 19 6 18 43 33 21 41 19 4 31 31 44 30 2 2 4 6 6 19 4 32 19 4 44 40 44 42 44 40 41 40 44 43 43 40 44 40 42 40 41 40 -9999 4 2 2 3 25 43 43 -9999 -9999 -9999 -9999 42 41 -9999 -9999 -9999 -9999 -9999 -9999 -9999 -9999
2 44 2 2 40 34 8 -9999 8 4 4 19 9 41 2 3 40 40 2 34 2 19 19 2 19 19 19 2 30 2 40 42 3 19 30 30 4 44 19 44 6 40 21 31 30 31 6 9 6 19 9 9 4 2 19 4 41 40 42 42 43 44 42 42 41 42 44 41 40 41 43 42 41 3 2 9 2 2 44 8 19 8 2 2 41 3 -9999 8 -9999 -9999 -9999 -9999 -9999 -9999 -9999 -9999
25 2 2 19 31 34 40 41 8 4 4 30 8 3 2 8 30 3 30 34 43 31 19 43 41 2 2 2 8 30 19 2 2 43 19 6 6 19 19 41 43 21 4 4 31 6 4 19 19 19 -9999 2 9 2 19 19 4 43 40 41 43 42 43 44 42 42 41 40 41 44 40 42 44 14 21 19 40 40 40 25 40 2 8 2 2 3 21 2 3 -9999 -9999 -9999 -9999 -9999 -9999 -9999
30 34 2 31 31 2 19 30 19 19 19 19 2 30 30 40 40 3 3 25 25 2 2 34 19 19 2 44 19 19 42 2 2 4 19 19 2 44 19 40 4 24 41 40 4 4 41 4 4 42 4 18 -9999 2 2 19 4 4 40 40 44 44 44 40 44 43 41 40 40 44 44 42 42 2 40 4 4 42 42 18 4 6 8 21 4 4 2 2 3 3 8 8 32 43 -9999 -9999
40 36 2 31 34 31 8 30 19 19 40 33 44 30 40 2 2 41 40 40 8 8 2 2 33 19 4 2 2 25 2 2 9 4 44 19 6 4 43 19 31 33 41 31 44 31 41 42 44 40 40 40 43 19 19 2 2 6 4 41 40 40 43 41 44 42 44 41 43 44 44 -9999 42 9 4 4 40 9 6 4 2 41 2 3 4 21 8 2 42 3 44 -9999 19 44 44 40
34 34 34 30 19 2 41 3 19 19 34 25 -9999 3 25 42 2 44 2 4 31 25 40 -9999 43 44 8 8 32 3 18 4 19 9 25 4 42 31 41 19 18 33 30 31 30 24 44 24 40 40 43 18 6 4 43 40 43 44 41 -9999 41 44 44 43 44 42 44 41 43 -9999 41 2 19 44 43 2 3 3 18 21 3 44 3 8 8 2 2 2 3 32 34 19 19 19 2 2
42 44 43 -9999 25 43 21 8 6 2 2 44 2 2 2 2 2 34 2 4 42 25 31 31 41 40 2 19 19 43 43 2 19 19 20 44 40 44 42 6 30 31 41 30 30 28 41 24 40 42 43 42 4 41 41 44 33 40 41 44 41 41 40 44 42 43 42 42 40 44 -9999 4 19 4 33 3 14 3 40 2 21 41 42 4 44 8 4 -9999 41 42 25 28 2 19 19 2
42 42 25 25 8 36 43 2 25 2 2 25 2 2 2 6 33 2 2 3 31 3 4 8 34 8 44 2 41 3 19 44 44 44 6 44 4 4 6 43 31 34 30 41 33 31 43 44 44 40 40 40 44 40 44 42 41 43 41 42 41 43 40 42 40 40 40 43 40 41 42 19 19 2 2 8 8 3 2 3 18 2 44 43 8 8 2 -9999 40 42 4 32 32 32 8 2
36 36 34 31 8 25 25 3 4 31 4 2 2 2 2 4 34 4 43 40 34 30 4 2 19 42 19 34 2 19 4 18 33 43 42 43 40 24 31 41 6 21 4 18 6 6 4 40 -9999 40 43 41 42 41 40 42 42 40 44 40 41 43 41 41 44 44 40 42 28 41 6 9 9 2 2 3 3 3 4 2 44 42 44 40 24 31 41 44 42 40 40 4 2 25 3 8
30 8 34 25 25 2 34 2 43 31 4 2 4 41 25 19 44 -9999 -9999 24 28 43 2 4 6 34 31 34 25 4 21 27 4 41 43 41 30 22 40 44 31 28 31 31 4 43 41 40 43 44 42 40 40 42 42 40 43 44 40 42 40 44 42 42 43 42 44 44 -9999 4 4 2 4 3 3 3 2 2 2 4 22 41 40 42 44 30 40 41 44 43 44 40 44 4 2 8
34 34 34 43 41 42 2 2 4 31 33 43 34 2 19 19 -9999 -9999 24 40 28 4 33 2 19 42 19 19 25 31 22 21 4 43 43 44 44 34 21 19 4 33 41 41 31 40 24 44 43 40 44 42 43 41 43 41 44 41 40 42 44 44 44 40 42 -9999 -9999 19 -9999 2 2 2 2 41 3 25 41 44 33 41 34 41 43 40 41 42 41 41 42 40 43 43 21 2 2 42
41 40 40 41 43 44 33 42 40 33 4 31 31 19 19 42 42 -9999 31 4 4 2 25 2 42 44 34 31 33 40 22 44 2 41 41 41 21 44 42 2 31 31 40 30 41 42 42 42 42 40 41 43 44 44 42 44 41 41 40 41 40 41 42 41 40 -9999 -9999 32 42 44 19 43 43 21 3 2 9 19 41 44 41 41 42 42 40 43 43 40 44 40 44 3 3 3 25 40
42 41 44 40 43 41 9 4 19 34 6 44 2 43 2 6 2 -9999 31 4 43 2 43 31 25 8 34 34 4 43 31 30 18 42 40 21 4 21 2 2 31 34 40 31 41 42 41 42 40 43 43 41 41 42 41 41 44 43 44 41 40 40 42 42 -9999 -9999 -9999 43 44 40 9 41 42 44 9 44 42 -9999 31 41 41 40 43 43 43 30 44 42 40 44 44 21 44 42 31 25
43 42 41 43 41 43 42 2 43 40 3 2 2 41 6 6 4 40 42 2 2 2 42 2 40 19 2 8 21 42 40 31 2 41 41 2 42 43 19 18 43 44 18 42 28 44 42 43 43 42 40 43 42 42 44 40 42 41 40 42 41 43 43 40 -9999 -9999 -9999 42 41 42 42 44 41 44 6 42 28 30 30 44 31 31 41 41 41 41 44 43 25 41 40 24 33 2 3 8
42 42 44 42 43 43 26 4 4 21 2 2 4 19 41 2 4 28 40 40 28 2 8 33 43 6 2 3 3 19 41 42 6 42 22 40 44 42 2 31 19 2 4 31 44 42 40 40 43 44 40 44 40 44 41 42 43 43 40 42 41 40 42 28 -9999 -9999 2 43 42 41 2 40 21 2 4 2 43 34 40 42 44 42 44 3 -9999 44 41 42 44 42 43 40 22 44 3 3
42 44 44 44 41 9 2 2 2 41 3 2 2 4 42 2 2 2 40 41 8 2 8 2 41 43 19 19 32 19 2 2 6 41 30 41 30 4 2 43 19 40 19 31 44 41 42 40 40 44 41 42 41 42 43 44 40 42 41 44 41 40 24 18 4 19 2 2 4 33 44 18 24 33 42 24 42 31 43 41 41 44 2 42 44 41 41 43 40 40 43 41 44 42 43 18
40 44 43 42 43 42 2 2 2 21 2 2 2 2 40 40 2 33 44 28 2 25 2 2 3 9 4 2 41 4 43 19 18 43 42 4 19 19 2 19 2 20 6 31 34 44 40 42 41 44 40 40 43 43 42 44 43 43 41 43 44 40 44 4 19 19 19 9 4 44 34 23 24 2 28 30 25 41 42 43 40 44 -9999 41 31 -9999 28 41 44 42 42 43 44 41 44 43
44 41 40 41 44 44 2 8 34 40 41 19 2 14 4 42 34 2 41 43 41 4 2 8 8 34 2 8 8 8 25 44 44 40 42 2 4 4 4 30 2 2 44 6 34 27 -9999 42 43 42 42 44 41 40 41 43 41 41 42 41 41 42 41 43 2 19 6 19 2 34 24 44 33 2 24 23 25 30 41 43 43 -9999 31 41 41 2 -9999 42 41 43 41 41 33 42 42 42
43 42 40 42 43 40 43 30 34 2 8 2 25 2 8 42 8 44 44 21 44 42 18 4 21 44 2 4 4 2 2 8 19 30 9 3 2 4 19 2 4 2 19 4 22 41 -9999 -9999 42 44 43 43 41 42 42 40 42 43 41 42 43 42 42 40 44 4 6 19 43 42 28 28 41 28 28 44 27 25 34 42 44 -9999 44 41 31 2 28 41 40 40 40 41 40 42 43 40
44 44 40 42 40 43 42 43 30 41 8 2 2 3 2 31 30 34 2 2 4 2 4 31 6 34 42 2 19 21 2 2 19 2 41 30 4 2 2 2 2 19 19 31 31 44 40 28 41 44 44 41 42 42 43 44 44 40 42 41 40 40 41 42 43 40 4 19 41 44 24 28 41 30 24 25 25 25 31 44 30 41 42 40 41 2 2 42 40 43 41 44 40 44 41 43
40 43 41 43 43 40 42 8 8 43 8 2 2 34 31 42 21 43 2 2 40 2 4 40 21 2 2 30 4 30 2 8 41 19 2 8 2 2 25 2 9 9 6 41 41 42 42 25 42 43 43 43 44 43 40 44 42 42 44 42 42 43 40 40 44 43 40 2 21 -9999 24 24 42 23 24 41 25 27 40 32 43 40 40 41 28 34 44 40 43 41 44 44 42 42 43 2
41 43 41 41 42 44 8 3 33 3 8 25 2 42 30 43 44 42 8 31 40 21 4 4 42 41 2 4 2 3 30 3 42 2 2 8 2 33 41 2 2 42 4 42 28 40 40 42 41 40 44 41 40 40 42 42 40 40 42 42 43 42 43 42 40 43 41 42 4 21 41 -9999 25 27 25 -9999 23 28 33 41 41 43 44 42 -9999 2 42 40 43 40 41 43 42 43 44 2
2 2 44 41 43 41 34 30 44 2 8 25 4 31 40 42 42 44 44 43 43 28 2 2 3 2 2 2 34 8 3 30 8 44 34 2 3 41 9 44 9 19 -9999 44 44 42 43 40 41 43 40 43 44 41 41 42 42 43 43 41 41 40 40 40 41 43 43 28 43 30 42 2 -9999 43 44 27 43 42 42 34 40 41 42 41 -9999 44 31 43 41 40 43 42 43 42 43 31
2 3 3 30 43 2 34 43 30 30 -9999 4 4 41 44 31 2 42 42 42 41 41 2 3 9 42 40 2 42 2 9 2 31 2 34 21 3 9 4 33 19 4 -9999 41 44 41 43 40 43 40 44 41 40 44 44 43 43 43 43 42 43 43 41 44 -9999 41 28 40 44 40 43 43 41 41 44 40 41 41 44 44 44 40 44 43 -9999 41 44 44 40 40 42 44 41 43 40 40
3 3 8 3 30 31 8 2 4 2 -9999 4 44 2 22 30 34 2 8 8 8 2 2 2 2 2 2 8 33 41 2 2 10 9 21 2 4 4 42 19 2 4 4 30 41 42 43 42 40 41 44 43 41 44 44 44 43 44 44 43 40 24 44 44 42 43 41 43 42 42 44 43 42 41 42 44 40 44 42 33 40 42 42 -9999 -9999 41 40 43 44 43 44 44 41 43 41 41
42 25 3 3 3 31 8 3 2 -9999 -9999 -9999 44 42 2 2 21 34 2 44 3 40 18 4 2 31 2 2 2 -9999 19 9 9 6 33 30 4 3 43 41 43 6 31 24 41 41 40 41 43 40 40 41 42 44 44 40 43 44 43 42 43 30 40 43 41 41 42 43 44 33 41 40 42 43 40 40 42 40 41 41 44 42 42 43 -9999 -9999 43 44 42 41 43 43 44 43 41 40
3 41 3 3 3 3 8 8 8 -9999 -9999 -9999 6 6 2 2 24 24 44 43 41 22 44 18 9 2 2 2 21 6 4 44 4 19 9 2 3 2 9 2 19 4 31 34 43 42 42 42 44 43 42 41 44 40 43 42 41 42 41 43 43 41 42 43 42 40 42 41 41 40 43 44 41 40 43 42 42 43 24 34 41 42 40 23 42 41 31 41 41 40 43 44 40 44 40 41
2 2 41 2 25 2 4 8 42 41 2 4 4 4 4 4 28 22 22 33 33 -9999 41 43 18 9 2 4 3 19 40 4 9 42 21 2 2 2 21 19 6 43 33 31 44 42 44 44 44 41 42 40 41 40 44 43 44 41 42 41 43 40 41 40 44 42 43 40 44 42 42 41 43 43 40 44 42 43 2 28 41 43 42 44 41 25 43 44 40 42 40 41 43 42 42 44
6 21 18 3 -9999 -9999 41 3 41 8 19 4 6 19 19 19 44 40 21 18 40 4 40 28 18 2 8 31 6 42 2 2 21 6 30 30 42 -9999 41 2 19 33 33 41 40 40 43 40 42 44 30 41 41 44 44 43 41 -9999 42 41 42 40 40 40 44 41 44 42 43 42 41 42 3 41 24 31 31 30 2 40 43 42 43 43 43 44 30 44 32 41 44 44 41 40 44 40
4 22 22 2 4 -9999 3 25 25 -9999 6 3 2 2 33 19 30 21 30 30 22 40 2 18 31 4 4 -9999 21 4 -9999 4 44 21 42 41 -9999 -9999 -9999 41 43 34 42 41 44 42 43 44 40 42 42 40 40 43 43 44 41 44 42 43 43 44 44 44 41 40 41 3 41 41 44 3 4 40 40 30 2 2 30 42 40 41 41 41 40 44 42 43 42 43 42 43 40 43 42 44
