currenttrends/age.40
ncols    261
nrows    433
xllcorner  336357.125000
yllcorner  654653.500000
cellsize   1000.000000
NODATA_value   -9999
[rows 270 to 314 of 433, columns 96 to 191 of 261]
44 20 44 42 45 43 43 26 42 27 43 26 5 26 41 20 41 44 45 44 41 45 45 44 45 45 41 44 20 43 26 5 42 41 44 45 41 42 20 26 45 41 41 41 41 44 43 45 42 44 43 41 43 42 33 42 45 44 42 45 45 41 26 5 5 10 43 5 45 45 41 45 42 43 5 44 43 42 44 32 45 5 42 5 45 42 45 29 23 22 42 45 45 5 10 45
44 21 41 42 44 41 26 26 44 40 40 44 20 11 42 45 26 45 44 42 43 41 42 44 45 45 42 43 45 45 42 5 45 34 33 41 1 43 45 1 43 44 42 45 41 26 43 41 41 34 43 43 44 43 45 43 44 42 29 41 42 5 43 20 10 -9999 7 7 19 43 32 43 45 45 43 7 45 7 45 41 5 41 43 5 43 5 45 42 43 44 44 43 44 41 42 7
43 20 43 43 45 26 26 26 20 45 42 45 42 40 43 44 40 44 41 43 41 45 43 44 44 43 44 41 45 40 43 26 41 44 41 41 1 1 41 41 11 41 42 44 33 32 44 43 43 44 43 43 26 45 29 41 44 41 41 43 45 5 20 10 10 20 5 20 32 28 32 35 44 5 42 43 42 10 43 5 5 41 44 45 5 41 41 41 44 42 41 43 44 42 43 44
45 26 26 26 26 26 44 20 43 11 45 40 45 42 44 40 40 44 45 45 42 41 44 45 41 41 43 44 45 43 41 41 26 44 5 45 20 43 20 26 5 42 45 43 44 41 45 11 42 43 1 45 45 41 42 32 43 45 45 42 20 20 20 10 10 5 5 44 -9999 -9999 -9999 -9999 7 7 42 44 20 10 20 43 7 44 44 41 5 32 44 43 45 25 45 44 45 45 33 44
45 27 27 40 21 26 20 44 11 26 26 42 41 11 42 40 40 40 42 42 43 45 45 41 42 44 43 44 44 43 42 43 40 40 26 1 26 42 45 1 45 5 41 44 42 42 1 1 43 41 1 1 45 28 41 32 43 42 42 43 10 20 5 20 10 5 43 41 26 45 43 41 43 44 20 20 44 41 10 5 7 20 42 7 5 32 43 23 43 42 45 25 45 41 41 43
27 27 26 26 26 22 11 45 20 11 40 11 41 40 40 44 40 44 44 42 45 41 42 41 41 44 45 45 43 44 45 45 45 40 45 41 1 43 43 20 42 1 44 45 44 43 45 1 45 45 43 44 45 45 41 45 45 44 41 43 45 7 45 43 7 10 5 5 26 26 44 41 20 5 41 5 42 45 43 42 45 42 20 45 41 35 42 41 44 43 44 42 42 41 35 42
3 40 42 26 26 44 26 26 42 41 11 42 40 26 20 45 40 43 43 45 44 41 45 42 42 44 45 44 42 45 43 42 44 45 40 21 43 41 43 20 20 42 5 42 42 41 41 42 26 43 43 43 45 43 42 45 43 45 32 45 44 44 41 45 35 10 26 26 42 26 26 5 45 20 5 10 10 42 44 20 20 45 43 41 42 43 42 45 41 41 44 45 45 41 43 45
42 45 40 27 26 26 40 44 41 40 45 40 11 40 43 26 40 42 43 45 45 45 42 45 44 42 41 45 42 44 44 44 41 41 42 40 26 26 20 26 43 5 43 41 41 41 44 44 41 41 43 45 42 43 44 44 45 43 44 45 45 29 44 42 45 10 26 42 26 11 -9999 45 20 43 5 10 5 42 45 11 10 45 44 44 41 43 43 45 43 42 41 42 45 42 41 44
44 40 42 40 27 20 41 44 44 40 43 40 41 11 41 42 40 40 45 42 42 45 45 45 42 42 42 42 45 45 43 45 44 44 41 41 42 42 42 43 40 20 20 26 26 20 41 44 31 43 44 42 43 45 41 45 41 42 43 42 43 44 41 43 45 7 41 26 44 45 41 44 10 26 41 11 5 44 45 45 41 44 5 22 44 43 42 45 43 42 44 41 44 41 44 43
1 43 27 27 3 3 43 20 7 26 20 20 20 43 40 40 40 42 41 45 42 41 45 45 43 45 42 45 44 45 45 45 45 41 43 45 45 42 44 42 43 44 26 26 45 42 -9999 41 43 42 41 43 43 25 41 45 41 44 42 42 41 42 35 43 41 19 45 26 20 41 44 -9999 26 10 10 10 5 26 26 45 45 43 41 7 5 44 45 44 42 44 44 29 41 25 45 43
42 40 42 40 40 27 40 20 45 43 26 42 26 11 40 40 44 42 41 44 45 42 43 45 45 44 45 43 42 43 41 41 41 44 42 45 42 42 41 41 43 -9999 44 21 44 45 45 42 41 33 42 41 45 32 44 44 45 42 43 43 41 42 42 42 45 19 5 20 44 21 43 -9999 43 26 5 11 41 44 44 44 45 44 44 32 45 5 42 44 41 42 41 45 42 43 45 44
43 43 10 27 26 27 27 42 41 5 11 26 40 40 43 43 43 43 44 41 43 43 45 42 42 44 41 42 43 44 43 43 44 44 41 42 41 44 45 45 43 41 -9999 20 42 43 26 42 45 43 42 42 44 44 5 29 44 43 41 45 43 42 45 45 45 43 19 7 10 44 43 20 26 26 10 20 5 7 5 41 44 41 42 43 19 45 5 32 35 34 43 41 45 42 45 45
44 45 43 3 27 44 42 43 41 22 43 26 27 44 41 44 44 43 44 42 42 44 45 41 43 44 42 45 41 41 45 44 41 45 45 42 44 44 41 45 45 20 43 5 41 43 26 20 41 42 45 44 45 45 42 43 41 45 43 45 43 45 45 43 44 42 43 7 43 43 45 20 20 20 10 44 43 5 43 42 44 43 42 35 43 5 44 7 42 5 44 44 42 45 44 44
41 43 40 3 5 41 43 42 44 26 20 20 43 42 45 44 44 45 45 45 42 44 44 43 44 42 45 45 42 41 41 43 43 42 42 45 41 42 44 43 -9999 26 43 -9999 -9999 41 45 5 45 43 44 45 28 41 43 45 45 42 44 45 45 44 43 45 41 43 43 5 41 7 5 -9999 -9999 20 20 7 5 44 42 23 41 41 42 44 42 45 29 45 7 42 5 42 29 42 41 42
40 45 44 41 43 45 42 42 44 41 41 26 42 44 43 42 45 44 43 43 45 43 45 44 43 42 42 41 45 43 43 41 44 44 41 41 43 42 45 41 5 -9999 21 45 19 43 44 42 42 43 44 45 34 44 41 45 29 43 42 42 43 44 43 45 42 32 45 19 10 3 42 20 5 20 45 41 20 7 -9999 41 45 42 41 31 44 42 41 45 43 42 5 41 42 44 45 45
41 42 45 43 42 41 44 45 45 43 43 40 42 43 42 45 45 43 43 42 44 42 42 45 42 41 45 41 45 41 42 41 41 43 44 43 42 45 -9999 42 -9999 -9999 -9999 41 -9999 -9999 43 44 41 44 43 43 23 45 41 25 29 44 42 42 41 42 45 43 41 31 43 29 5 5 43 44 45 -9999 43 42 7 5 44 -9999 42 45 45 44 41 42 45 42 44 45 45 42 45 43 45 43
3 45 27 41 43 43 42 43 45 43 42 42 40 42 43 45 41 44 44 42 41 44 43 44 42 26 20 41 41 45 44 41 41 44 41 44 41 5 26 -9999 -9999 45 44 -9999 -9999 44 45 44 25 44 45 24 35 43 41 45 41 43 44 42 41 45 42 45 44 31 32 42 45 44 25 41 -9999 43 20 5 45 41 44 45 42 25 43 42 23 41 25 43 41 44 42 43 45 41 45 42
42 42 27 45 43 42 41 44 45 43 42 43 27 44 40 42 45 42 45 43 45 41 43 44 44 7 7 44 1 43 44 41 42 42 44 43 45 42 42 20 43 -9999 45 44 29 42 41 42 45 43 41 24 43 45 44 42 43 44 41 45 44 42 45 42 43 42 32 45 19 5 43 44 -9999 43 43 44 42 28 41 44 44 43 29 42 41 41 41 45 42 43 45 44 43 43 41 45
45 43 41 45 44 42 42 41 44 42 43 45 45 42 45 40 42 43 43 41 42 41 41 45 43 40 7 20 42 20 45 26 26 26 44 41 41 44 45 20 20 20 44 25 45 7 44 44 41 43 44 42 44 44 45 43 42 41 45 43 43 43 43 43 42 42 43 45 43 32 5 43 5 42 5 41 42 5 44 44 45 24 42 45 42 45 41 45 43 42 45 43 43 45 5 41
42 44 42 41 41 43 42 42 42 43 41 40 26 26 26 26 45 42 45 45 43 43 43 44 42 40 42 45 44 20 45 42 20 45 5 7 20 44 43 45 20 44 42 42 -9999 20 45 43 43 44 41 43 5 44 35 45 -9999 45 43 42 44 43 45 43 41 43 -9999 45 -9999 41 41 44 41 5 5 43 43 44 43 43 43 42 43 41 45 41 45 41 43 43 41 42 44 42 5 42
44 26 26 26 43 27 41 45 1 41 42 43 21 26 26 26 41 41 43 41 43 44 42 45 45 40 26 5 5 45 43 43 7 42 44 41 20 26 40 26 20 43 7 5 41 5 -9999 44 41 44 45 44 42 -9999 25 44 -9999 45 29 43 44 42 44 42 43 43 44 44 42 -9999 -9999 -9999 23 -9999 41 45 45 44 43 44 43 41 44 41 42 42 45 45 44 44 43 41 44 3 20 5
42 42 45 20 42 26 27 43 1 27 1 44 43 20 20 40 40 45 41 43 45 41 41 41 42 40 43 26 26 41 40 40 26 44 41 42 45 41 41 26 20 5 26 7 43 45 5 45 20 42 29 43 42 44 43 -9999 -9999 -9999 -9999 42 -9999 -9999 44 41 41 45 42 41 25 23 -9999 -9999 -9999 41 45 41 42 25 41 42 35 45 42 41 41 44 44 45 43 44 43 19 5 5 20 20
5 41 34 43 41 41 26 1 1 27 3 44 42 20 20 45 43 41 43 41 45 45 45 43 42 40 42 40 40 42 40 41 40 26 45 43 1 1 -9999 41 5 43 20 20 41 42 42 20 -9999 -9999 -9999 -9999 -9999 -9999 -9999 -9999 -9999 -9999 -9999 41 42 23 42 45 41 26 41 45 23 32 41 43 19 43 45 44 42 41 42 41 43 45 42 42 42 43 45 44 42 45 42 20 20 20 5 20
5 43 43 44 34 5 27 1 1 40 1 1 1 4 26 26 26 41 41 43 43 45 41 42 40 40 43 40 41 40 26 26 40 42 26 41 45 45 41 21 42 40 26 45 45 44 42 45 5 20 -9999 -9999 -9999 44 -9999 -9999 -9999 -9999 41 42 44 31 45 43 44 42 43 34 19 23 43 43 43 23 44 45 45 44 41 43 43 45 41 43 43 45 43 44 45 43 43 20 20 20 5 20
26 41 5 5 20 26 43 44 1 44 45 1 41 43 40 40 26 41 42 44 41 45 45 44 40 40 40 45 45 40 41 44 20 26 40 45 41 20 44 43 41 41 26 20 23 26 43 42 43 5 5 -9999 42 45 -9999 -9999 -9999 41 42 42 41 41 42 45 42 42 34 23 41 42 41 41 42 41 42 41 43 43 42 41 44 41 45 41 41 42 5 5 7 7 20 20 20 5 21 3
20 20 20 41 45 20 26 45 1 40 43 41 1 43 40 27 40 45 41 42 41 43 43 40 40 41 45 41 26 42 20 41 44 7 45 26 20 41 42 5 44 20 20 20 41 43 45 42 35 41 20 41 44 32 -9999 -9999 -9999 44 42 43 44 45 43 44 44 45 42 23 42 41 44 41 41 45 41 43 42 45 41 41 45 41 45 45 44 5 7 7 20 20 43 26 26 10 3 3
20 7 7 44 41 41 42 26 44 41 44 45 40 26 26 26 40 41 44 45 42 41 41 45 43 2 45 44 20 20 20 7 5 41 43 20 5 26 26 26 20 20 44 20 42 42 44 41 34 43 7 45 41 5 45 -9999 5 44 42 43 43 32 33 43 41 41 43 29 42 44 44 41 32 42 45 41 43 45 42 41 42 44 42 45 5 5 20 44 20 3 5 26 26 26 3 3
41 5 35 41 45 34 43 20 27 43 27 43 45 20 44 26 44 42 43 42 42 42 40 45 41 42 41 27 20 20 20 20 43 42 45 43 7 7 21 44 45 20 21 26 44 44 43 32 35 41 5 5 42 43 43 43 44 45 44 45 45 44 45 45 42 35 41 25 45 5 45 42 35 45 19 23 45 41 43 44 41 35 45 44 5 44 20 20 20 20 3 20 26 26 5 41
20 41 44 41 44 44 35 42 44 26 42 26 20 20 43 40 45 41 44 45 42 42 41 40 40 40 40 26 26 20 44 41 45 42 44 44 31 44 7 7 20 45 43 40 26 41 33 41 45 43 45 5 42 44 41 43 42 44 42 43 34 43 41 41 45 43 44 45 43 44 41 42 32 45 23 44 42 45 45 41 45 44 41 41 45 41 5 7 7 20 20 20 10 26 20 41
20 42 43 43 42 42 43 43 5 41 5 41 7 26 41 40 43 40 41 43 44 45 45 31 40 31 41 26 41 44 26 31 4 5 43 44 31 42 45 44 5 43 20 42 26 45 43 7 5 42 45 45 43 41 45 41 45 41 34 42 34 43 42 41 45 42 42 43 5 41 45 41 35 45 45 29 41 41 44 41 43 42 41 44 44 43 42 45 5 45 10 20 20 20 5 10
41 31 41 41 42 44 42 43 44 44 45 42 42 43 26 26 43 26 45 41 44 41 43 40 31 31 41 31 41 31 26 14 5 31 42 44 31 31 45 43 43 42 5 5 42 26 20 7 42 44 42 41 42 41 42 42 45 42 44 43 42 44 42 42 41 45 42 42 45 5 41 20 43 43 42 44 45 42 42 41 44 33 42 43 42 42 43 45 43 41 45 44 20 20 20 20
45 45 42 44 45 44 1 1 44 43 45 44 45 44 41 42 26 26 26 27 40 42 31 31 40 31 41 31 31 31 43 26 14 5 43 41 45 43 45 44 44 42 45 43 7 41 20 20 44 42 42 43 42 45 5 41 41 41 41 41 35 45 44 41 43 41 42 34 45 45 43 31 5 41 45 45 42 42 44 41 45 41 43 42 42 41 42 41 45 42 41 43 7 10 20 22
44 41 42 44 41 41 43 41 43 45 44 41 45 42 20 44 44 26 26 44 26 43 26 26 31 31 41 31 31 41 45 44 5 44 42 41 45 41 45 41 42 31 31 45 41 20 7 42 42 44 45 45 20 41 44 44 41 44 35 42 32 43 41 44 44 5 35 5 45 45 44 34 42 41 43 41 32 25 41 45 41 44 41 42 41 41 45 41 43 44 41 43 42 44 20 20
7 41 41 43 44 42 45 42 44 43 41 45 45 42 44 45 45 26 26 43 45 43 43 31 43 31 31 42 43 31 31 14 43 42 45 45 41 42 45 43 43 44 44 45 44 3 44 42 41 41 43 44 20 20 45 44 43 43 44 34 43 41 41 45 43 20 5 41 35 43 45 43 45 44 41 42 35 43 41 42 44 42 45 42 44 35 45 45 42 43 41 42 41 45 5 10
44 42 41 42 44 43 42 42 44 43 45 44 41 42 43 45 45 40 26 40 40 26 43 45 31 31 26 41 45 26 31 31 44 31 42 45 42 41 42 43 42 43 41 28 35 20 43 45 41 43 42 43 45 43 44 45 42 42 43 45 42 43 45 20 7 5 35 5 7 32 43 41 43 5 42 42 45 44 45 43 31 43 44 43 43 43 44 45 42 42 44 41 41 43 45 10
42 43 44 42 42 43 44 42 45 44 42 43 44 43 42 43 45 26 41 26 42 31 20 45 31 42 44 42 43 26 42 20 4 41 31 44 45 43 42 44 42 43 32 41 5 43 42 41 41 41 41 45 45 42 43 1 44 41 42 42 20 41 34 20 20 5 44 45 45 42 44 41 45 5 45 45 45 43 45 45 5 5 45 45 42 43 41 41 31 41 42 44 43 41 41 7
45 43 41 44 42 44 42 45 45 45 42 43 45 41 41 44 44 41 26 42 26 45 43 5 42 5 43 44 1 -9999 41 21 20 5 42 41 44 45 43 43 28 41 41 43 45 45 42 44 43 41 44 43 41 44 45 42 43 41 45 20 41 43 43 5 44 5 43 41 24 42 45 42 43 5 5 42 43 41 45 43 43 42 43 45 42 41 41 42 42 42 45 41 45 42 43 5
41 45 44 42 42 43 44 41 41 43 41 45 44 43 42 44 45 45 40 31 45 40 41 -9999 -9999 -9999 -9999 -9999 -9999 45 -9999 -9999 20 5 42 43 42 42 44 43 42 29 42 45 43 45 43 43 42 42 45 42 43 1 45 44 42 44 5 20 45 44 31 41 45 43 41 45 44 42 45 44 43 45 20 45 44 41 44 44 42 4 41 43 41 43 42 43 45 43 42 44 43 42 44 45
44 41 43 45 44 41 42 44 41 41 41 44 42 45 42 41 41 44 41 26 4 31 31 31 45 45 44 5 42 5 41 45 43 44 43 31 41 45 42 43 1 42 24 42 44 41 43 45 45 4 44 41 44 42 1 41 44 43 1 7 42 41 34 45 44 44 43 44 44 41 41 43 41 41 20 45 43 43 44 43 42 21 44 44 41 41 41 43 41 45 41 44 43 44 45 42
43 44 44 45 1 42 41 42 43 42 42 41 45 41 41 44 41 26 26 4 5 41 44 41 41 41 41 41 41 7 44 42 43 43 45 42 42 44 44 43 43 44 43 43 45 45 41 45 45 44 45 44 44 44 41 1 42 42 7 42 41 45 45 21 45 42 45 42 44 42 42 41 42 41 20 45 41 43 43 43 44 31 14 44 41 44 42 11 41 43 43 41 43 42 42 41
42 44 42 43 41 45 45 44 41 42 44 45 42 5 5 26 31 40 26 42 42 41 5 31 31 41 42 43 7 7 44 44 43 43 42 43 45 44 42 41 42 43 43 43 44 42 41 44 41 45 42 42 31 42 44 1 45 42 5 45 41 45 42 7 43 44 43 45 1 44 42 41 41 20 5 42 44 41 41 44 43 43 43 44 45 41 41 45 44 44 45 42 45 45 45 42
42 43 32 5 45 44 41 45 42 1 41 42 42 42 42 20 20 7 42 5 44 26 42 45 42 42 43 42 45 26 44 44 42 43 44 41 41 43 41 45 41 43 43 43 45 44 43 43 41 41 45 31 45 41 44 42 42 43 43 41 42 29 22 5 45 44 44 42 43 44 41 7 20 20 20 41 45 42 42 45 45 43 41 45 42 1 44 45 43 41 45 33 41 41 43 43
7 45 20 20 44 43 43 43 1 1 43 44 41 44 20 5 5 42 41 45 14 45 42 43 4 45 44 26 44 41 12 42 43 43 41 43 43 45 41 45 44 41 43 42 41 41 44 45 42 43 41 42 26 42 43 1 41 44 42 45 31 41 42 32 45 44 42 43 45 44 20 5 20 41 26 5 41 5 45 42 43 45 41 45 42 41 41 45 43 41 45 44 41 43 42 41
20 20 41 44 42 42 42 43 41 44 44 44 41 43 5 7 44 41 44 45 44 43 5 41 43 44 42 43 45 41 44 44 45 14 41 44 45 45 45 45 42 41 41 44 44 43 5 43 44 44 41 31 31 42 45 1 26 5 45 43 32 43 41 44 45 43 45 43 5 45 44 20 44 43 43 44 44 20 44 44 44 41 45 43 44 42 1 45 42 41 41 44 44 42 44 42
5 26 42 42 20 41 43 45 44 45 45 4 42 42 45 43 43 43 44 41 44 43 44 44 42 44 43 45 45 42 45 42 43 45 42 45 43 45 43 42 41 45 44 41 45 41 44 43 41 45 42 42 31 41 42 44 41 5 31 33 42 44 43 42 45 44 42 43 43 5 5 44 45 45 42 45 20 44 31 44 44 44 43 42 45 43 41 43 31 41 45 33 42 42 43 44
