currenttrends/age.37
ncols    261
nrows    433
xllcorner  336357.125000
yllcorner  654653.500000
cellsize   1000.000000
NODATA_value   -9999
[rows 120 to 159 of 433, columns 89 to 177 of 261]
40 2 4 4 2 2 2 40 42 24 9 2 -9999 -9999 38 40 42 42 38 38 39 39 2 2 -9999 -9999 -9999 -9999 -9999 -9999 -9999 -9999 -9999 -9999 -9999 -9999 -9999 -9999 -9999 -9999 38 39 -9999 -9999 -9999 -9999 -9999 -9999 -9999 -9999 -9999 39 -9999 -9999 -9999 -9999 -9999 24 1 1 9 9 9 -9999 -9999 -9999 -9999 -9999 -9999 -9999 -9999 -9999 -9999 -9999 -9999 -9999 -9999 -9999 -9999 -9999 -9999 -9999 -9999 -9999 -9999 -9999 -9999 -9999 4
-9999 3 2 2 3 2 2 2 5 5 4 2 -9999 39 41 38 38 40 40 39 42 38 5 -9999 -9999 -9999 -9999 -9999 -9999 -9999 -9999 -9999 -9999 -9999 -9999 -9999 -9999 -9999 -9999 -9999 -9999 4 5 4 -9999 -9999 -9999 42 1 -9999 1 -9999 -9999 38 24 -9999 -9999 -9999 1 1 41 42 39 -9999 -9999 -9999 -9999 -9999 -9999 -9999 -9999 -9999 -9999 -9999 -9999 -9999 -9999 -9999 -9999 -9999 -9999 -9999 -9999 -9999 -9999 -9999 -9999 4 41
4 41 4 4 5 33 2 39 5 3 -9999 -9999 -9999 2 40 41 41 38 39 41 38 42 2 -9999 -9999 -9999 -9999 -9999 -9999 -9999 -9999 -9999 -9999 -9999 -9999 -9999 -9999 4 33 40 -9999 -9999 40 -9999 -9999 -9999 -9999 29 41 32 39 -9999 -9999 41 23 -9999 -9999 42 -9999 42 42 39 -9999 -9999 -9999 -9999 -9999 -9999 -9999 -9999 -9999 -9999 -9999 -9999 -9999 -9999 -9999 -9999 -9999 -9999 -9999 -9999 -9999 -9999 -9999 -9999 -9999 41 30
4 2 38 3 2 3 2 39 1 -9999 -9999 9 9 2 42 2 39 40 40 41 40 39 5 42 -9999 -9999 -9999 -9999 -9999 -9999 -9999 -9999 -9999 -9999 -9999 -9999 -9999 -9999 42 38 38 32 -9999 -9999 -9999 38 24 42 40 -9999 -9999 -9999 -9999 -9999 -9999 -9999 -9999 -9999 42 38 40 -9999 39 -9999 -9999 -9999 -9999 -9999 -9999 -9999 -9999 -9999 -9999 -9999 -9999 -9999 -9999 -9999 -9999 -9999 -9999 -9999 -9999 -9999 -9999 -9999 -9999 4 2
2 41 2 2 9 9 9 9 -9999 -9999 -9999 4 9 9 2 38 9 5 2 38 2 2 2 41 -9999 39 -9999 -9999 -9999 -9999 -9999 -9999 -9999 -9999 -9999 -9999 -9999 -9999 40 38 5 1 -9999 -9999 -9999 42 1 42 -9999 42 -9999 -9999 -9999 -9999 -9999 -9999 42 -9999 39 39 1 38 41 38 -9999 -9999 -9999 -9999 -9999 -9999 -9999 -9999 -9999 -9999 -9999 -9999 -9999 -9999 -9999 -9999 -9999 -9999 -9999 -9999 -9999 -9999 -9999 -9999 -9999
4 2 2 2 2 5 5 4 1 -9999 9 9 9 24 3 41 3 2 3 39 2 42 40 35 42 -9999 -9999 -9999 -9999 -9999 -9999 -9999 -9999 -9999 -9999 -9999 -9999 -9999 -9999 4 1 -9999 -9999 -9999 4 1 1 1 38 39 9 -9999 -9999 -9999 32 38 -9999 -9999 1 38 1 39 40 -9999 -9999 -9999 -9999 -9999 -9999 -9999 -9999 -9999 -9999 -9999 -9999 -9999 -9999 -9999 -9999 -9999 -9999 -9999 -9999 -9999 -9999 -9999 -9999 -9999 -9999
3 2 2 2 3 2 9 3 9 4 2 -9999 -9999 38 2 3 2 2 42 30 35 35 35 35 30 3 4 -9999 -9999 -9999 -9999 41 4 41 -9999 39 31 -9999 41 9 -9999 -9999 -9999 1 9 9 38 9 9 9 1 -9999 -9999 -9999 23 40 -9999 -9999 40 38 1 -9999 1 -9999 -9999 -9999 -9999 -9999 -9999 -9999 -9999 -9999 -9999 -9999 -9999 -9999 -9999 -9999 -9999 -9999 -9999 -9999 -9999 -9999 -9999 -9999 -9999 -9999 -9999
2 4 1 9 2 3 2 2 3 5 -9999 -9999 26 9 1 2 3 2 27 30 35 41 38 39 30 1 2 -9999 -9999 -9999 -9999 -9999 -9999 -9999 42 40 38 39 4 4 -9999 -9999 39 -9999 41 9 9 9 40 23 -9999 41 9 24 24 23 -9999 39 40 38 -9999 -9999 38 -9999 -9999 -9999 -9999 -9999 -9999 -9999 -9999 -9999 -9999 -9999 -9999 -9999 -9999 -9999 -9999 -9999 -9999 -9999 -9999 -9999 -9999 -9999 -9999 -9999 -9999
2 1 9 2 2 2 2 3 5 33 -9999 39 40 3 2 2 2 2 2 2 3 35 35 9 2 2 1 -9999 -9999 -9999 -9999 -9999 -9999 -9999 -9999 1 40 9 4 -9999 41 4 1 23 -9999 39 40 38 40 24 39 38 38 41 40 1 -9999 38 25 1 -9999 42 41 39 -9999 -9999 -9999 -9999 -9999 -9999 -9999 -9999 -9999 -9999 -9999 -9999 -9999 -9999 -9999 -9999 -9999 -9999 -9999 -9999 -9999 -9999 -9999 -9999 -9999
2 2 5 2 2 2 2 2 3 3 -9999 9 2 2 2 2 2 2 2 2 2 2 9 39 1 2 3 -9999 -9999 -9999 -9999 -9999 -9999 -9999 -9999 -9999 42 38 -9999 -9999 40 9 24 31 -9999 -9999 42 40 39 1 1 39 24 24 24 -9999 39 42 -9999 -9999 39 9 -9999 -9999 -9999 -9999 -9999 -9999 -9999 -9999 -9999 -9999 -9999 -9999 -9999 -9999 -9999 -9999 -9999 -9999 -9999 -9999 -9999 -9999 -9999 -9999 -9999 -9999 -9999
2 2 30 2 9 2 2 2 2 5 3 3 2 9 9 9 2 2 5 2 2 2 2 2 2 32 4 -9999 -9999 -9999 -9999 -9999 -9999 -9999 -9999 -9999 -9999 -9999 -9999 4 9 9 9 24 -9999 38 39 31 40 24 1 1 38 42 -9999 -9999 41 1 -9999 -9999 -9999 -9999 -9999 42 -9999 -9999 -9999 -9999 -9999 -9999 -9999 -9999 -9999 -9999 -9999 -9999 -9999 -9999 -9999 -9999 -9999 -9999 -9999 -9999 -9999 -9999 -9999 -9999 -9999
2 2 2 2 2 2 2 2 2 33 1 2 2 2 2 5 2 2 3 2 2 2 9 9 2 4 -9999 -9999 -9999 -9999 -9999 -9999 -9999 -9999 -9999 -9999 -9999 -9999 -9999 42 9 33 9 41 -9999 31 42 41 40 40 -9999 -9999 42 42 -9999 -9999 24 -9999 -9999 -9999 1 1 -9999 -9999 -9999 -9999 -9999 -9999 -9999 -9999 -9999 -9999 -9999 -9999 -9999 -9999 -9999 -9999 -9999 -9999 -9999 -9999 -9999 -9999 -9999 -9999 -9999 -9999 -9999
2 2 2 2 2 2 2 2 30 2 2 2 2 1 38 1 3 2 5 2 2 2 2 9 2 3 38 -9999 -9999 -9999 -9999 -9999 -9999 -9999 1 38 1 24 9 1 17 1 23 -9999 39 32 9 9 -9999 -9999 -9999 -9999 39 40 1 40 -9999 -9999 -9999 9 9 -9999 41 -9999 -9999 -9999 -9999 -9999 -9999 -9999 -9999 -9999 -9999 -9999 -9999 9 1 -9999 -9999 -9999 -9999 5 3 4 -9999 -9999 -9999 -9999 -9999
2 2 40 2 2 2 2 2 2 9 2 2 5 3 3 3 3 9 9 9 1 2 1 9 39 40 24 -9999 -9999 -9999 -9999 -9999 42 1 9 33 1 9 33 24 5 24 1 24 1 1 39 38 -9999 -9999 -9999 24 29 28 38 -9999 -9999 -9999 38 1 38 38 40 -9999 -9999 -9999 -9999 -9999 -9999 -9999 -9999 -9999 -9999 40 -9999 -9999 -9999 -9999 4 39 24 -9999 -9999 -9999 -9999 -9999 -9999 -9999 -9999
2 2 2 2 2 2 3 2 2 3 3 2 1 5 9 5 9 4 2 2 38 3 9 29 1 5 3 1 -9999 40 39 1 42 -9999 -9999 -9999 38 42 1 1 1 9 9 1 -9999 -9999 38 38 -9999 -9999 1 1 1 1 1 1 38 -9999 41 1 38 42 39 28 -9999 -9999 -9999 -9999 -9999 -9999 -9999 9 1 -9999 -9999 -9999 -9999 -9999 1 -9999 -9999 -9999 -9999 -9999 -9999 -9999 -9999 -9999 -9999
9 2 2 2 2 4 1 9 2 9 3 9 1 41 9 9 2 2 9 4 1 41 39 1 3 38 3 1 40 9 4 -9999 -9999 -9999 -9999 38 26 9 1 1 39 1 39 1 -9999 -9999 41 -9999 -9999 -9999 24 1 9 9 42 1 1 1 40 42 41 42 -9999 41 32 9 -9999 -9999 -9999 -9999 -9999 -9999 41 1 -9999 -9999 -9999 -9999 -9999 -9999 -9999 -9999 -9999 -9999 -9999 -9999 -9999 -9999 -9999
9 -9999 3 2 2 38 5 1 2 2 2 5 1 41 9 9 1 -9999 -9999 -9999 40 3 38 4 3 -9999 28 42 42 1 4 -9999 -9999 -9999 -9999 40 9 33 1 1 3 1 38 23 -9999 -9999 -9999 -9999 -9999 38 39 1 1 38 42 1 1 1 39 40 39 38 -9999 -9999 -9999 1 -9999 -9999 -9999 -9999 -9999 -9999 -9999 -9999 -9999 -9999 -9999 -9999 -9999 -9999 -9999 -9999 -9999 -9999 -9999 -9999 -9999 -9999 -9999
-9999 -9999 -9999 29 4 9 9 2 3 2 1 2 33 9 1 -9999 -9999 -9999 -9999 -9999 42 2 9 -9999 -9999 39 38 42 41 40 29 -9999 -9999 -9999 -9999 23 9 41 25 1 9 21 39 28 39 -9999 -9999 -9999 -9999 38 1 1 39 1 1 1 1 24 1 41 42 39 21 26 -9999 -9999 -9999 -9999 -9999 -9999 -9999 -9999 -9999 -9999 -9999 -9999 -9999 -9999 -9999 -9999 -9999 -9999 -9999 -9999 -9999 -9999 -9999 -9999 -9999
-9999 -9999 -9999 4 1 9 9 5 2 3 1 9 9 9 41 -9999 -9999 -9999 -9999 9 1 -9999 5 -9999 9 41 3 38 42 1 -9999 -9999 -9999 -9999 -9999 39 9 39 41 39 9 41 39 41 39 -9999 23 -9999 -9999 41 24 1 1 9 1 1 9 1 24 41 1 1 24 38 1 39 -9999 -9999 -9999 -9999 -9999 -9999 -9999 -9999 -9999 -9999 -9999 -9999 -9999 -9999 -9999 -9999 -9999 -9999 -9999 -9999 -9999 -9999 -9999
4 -9999 -9999 -9999 1 9 38 2 2 2 5 5 9 32 1 -9999 -9999 -9999 3 9 29 -9999 -9999 -9999 29 9 39 41 31 -9999 -9999 -9999 -9999 -9999 38 1 9 39 1 5 5 -9999 42 39 40 40 24 29 1 1 24 1 1 1 24 9 9 1 1 1 9 1 -9999 23 23 39 -9999 -9999 -9999 -9999 -9999 -9999 -9999 -9999 -9999 -9999 -9999 -9999 -9999 -9999 -9999 -9999 -9999 -9999 -9999 -9999 -9999 -9999 -9999
9 4 41 1 9 3 9 1 1 2 3 5 9 41 38 29 -9999 -9999 9 38 21 -9999 -9999 42 24 1 1 9 3 -9999 -9999 -9999 -9999 -9999 9 9 42 39 1 33 24 41 39 41 23 1 24 24 1 1 9 1 1 5 39 1 9 1 9 9 9 1 41 41 41 42 41 -9999 -9999 -9999 -9999 -9999 -9999 -9999 -9999 -9999 -9999 -9999 -9999 -9999 -9999 -9999 -9999 -9999 -9999 -9999 -9999 -9999 -9999
9 42 1 5 5 3 3 2 3 2 5 1 9 9 9 24 -9999 -9999 9 9 41 -9999 -9999 9 9 9 29 33 23 -9999 -9999 -9999 -9999 41 4 29 39 29 1 9 1 41 41 1 24 24 40 1 24 1 1 1 -9999 1 24 37 37 9 9 1 1 38 41 40 40 39 40 38 -9999 -9999 -9999 -9999 -9999 -9999 -9999 -9999 -9999 -9999 -9999 -9999 -9999 -9999 -9999 -9999 -9999 -9999 -9999 -9999 -9999
1 38 39 1 2 3 3 2 3 3 2 5 41 40 24 9 -9999 1 11 24 1 -9999 3 9 24 9 1 9 -9999 -9999 -9999 -9999 -9999 21 9 23 41 41 1 5 1 1 -9999 1 9 1 40 42 1 38 1 1 1 5 11 37 9 37 7 39 42 42 41 41 39 42 39 41 38 -9999 -9999 -9999 -9999 -9999 -9999 -9999 -9999 -9999 -9999 -9999 -9999 -9999 -9999 -9999 -9999 -9999 -9999 -9999 -9999
38 1 41 1 2 1 2 2 2 40 2 2 2 23 2 3 -9999 -9999 11 -9999 1 -9999 24 1 40 1 9 9 -9999 -9999 -9999 24 31 9 23 1 1 9 9 5 38 40 3 9 9 41 9 40 1 24 7 38 24 9 24 37 37 37 7 1 41 39 38 41 39 39 41 38 42 -9999 -9999 -9999 -9999 -9999 -9999 -9999 -9999 -9999 -9999 -9999 -9999 -9999 -9999 -9999 -9999 -9999 -9999 2 2
2 9 -9999 5 40 3 2 2 3 5 5 2 9 9 4 -9999 31 -9999 5 5 1 29 39 41 29 32 24 9 42 32 38 9 9 9 9 9 9 5 9 3 3 3 7 41 24 1 39 40 1 5 33 1 5 37 37 30 37 -9999 37 1 42 40 38 41 40 39 38 38 41 -9999 -9999 -9999 -9999 -9999 -9999 -9999 -9999 -9999 -9999 -9999 -9999 -9999 -9999 -9999 -9999 -9999 -9999 9 2
3 9 9 9 2 33 9 2 2 2 3 1 39 -9999 42 -9999 -9999 -9999 1 42 1 29 -9999 40 29 1 1 5 29 39 29 1 1 1 1 1 3 1 7 3 2 9 1 1 40 41 1 38 1 5 37 11 37 9 30 41 37 2 3 7 1 1 41 39 42 42 40 38 42 -9999 -9999 -9999 -9999 -9999 -9999 -9999 -9999 -9999 -9999 -9999 -9999 -9999 -9999 -9999 -9999 -9999 2 40 23
2 2 41 9 39 9 24 3 9 2 2 9 9 -9999 -9999 -9999 -9999 -9999 9 24 33 1 9 33 41 1 24 3 2 1 29 28 41 38 1 9 5 9 9 5 7 5 1 1 42 38 40 39 1 7 9 37 41 9 38 1 11 37 37 2 7 1 41 42 42 38 40 42 38 -9999 -9999 -9999 -9999 -9999 -9999 -9999 -9999 -9999 -9999 -9999 -9999 -9999 -9999 -9999 -9999 -9999 2 -9999 -9999
2 2 3 9 2 2 2 2 9 5 2 2 38 -9999 -9999 -9999 -9999 1 32 1 9 9 24 9 1 1 1 1 9 3 1 24 1 1 9 9 24 5 7 2 9 1 17 41 38 39 28 40 1 5 42 9 38 7 9 1 42 7 9 33 7 1 38 41 42 40 39 39 39 -9999 -9999 -9999 -9999 -9999 -9999 -9999 -9999 -9999 -9999 -9999 -9999 -9999 -9999 -9999 -9999 2 33 -9999 -9999
2 27 3 39 9 2 5 2 2 2 2 1 9 32 40 -9999 29 23 9 24 24 9 9 9 9 1 1 1 1 9 24 42 38 42 3 42 24 39 24 24 7 1 40 1 17 38 40 39 39 24 1 39 41 40 1 1 17 1 9 2 2 -9999 42 38 42 39 42 40 42 40 41 -9999 -9999 -9999 -9999 -9999 -9999 -9999 -9999 -9999 -9999 -9999 -9999 -9999 -9999 3 2 -9999 -9999
2 27 2 2 5 2 2 2 3 9 2 24 5 9 29 29 23 21 1 24 24 24 41 41 1 1 9 40 2 3 9 1 9 1 1 1 1 1 9 24 11 1 41 1 42 1 1 9 1 39 1 40 9 9 1 1 1 1 5 24 3 24 39 38 41 40 42 41 41 42 41 -9999 -9999 -9999 -9999 -9999 -9999 -9999 -9999 -9999 -9999 -9999 -9999 -9999 2 3 38 2 -9999
2 2 2 38 2 2 2 9 2 9 2 3 3 3 24 1 29 31 40 1 9 24 5 9 24 2 2 2 5 5 9 1 1 1 1 9 24 42 1 9 5 1 23 41 9 9 39 24 1 29 29 42 28 9 9 1 1 1 1 7 3 1 42 42 38 42 40 42 38 39 38 42 -9999 -9999 -9999 -9999 -9999 -9999 -9999 -9999 -9999 -9999 -9999 5 5 3 2 2 2
9 5 2 2 27 27 2 9 42 42 9 3 2 2 -9999 2 1 1 24 24 39 24 39 3 3 5 2 9 1 1 9 1 1 1 9 2 9 38 40 41 1 28 28 1 42 9 42 1 38 25 29 28 29 1 1 1 1 1 24 1 5 1 1 39 38 40 40 41 42 40 40 39 -9999 -9999 -9999 -9999 -9999 -9999 -9999 -9999 -9999 -9999 1 42 5 42 2 24 2
2 27 3 2 39 2 2 3 9 9 9 2 2 38 2 2 24 24 2 2 33 38 2 2 40 3 2 2 2 1 2 2 5 5 9 2 2 1 38 9 41 1 1 1 9 24 39 41 24 1 1 29 1 24 9 1 1 -9999 5 1 9 1 1 1 41 38 39 41 40 41 42 40 -9999 -9999 -9999 -9999 -9999 -9999 -9999 -9999 -9999 -9999 1 38 38 38 3 38 9
40 39 2 2 34 2 34 2 2 9 2 2 41 9 3 1 1 1 9 39 3 3 2 38 42 33 3 3 5 9 2 1 1 9 42 1 9 40 41 24 24 1 1 9 42 1 38 1 -9999 -9999 38 1 1 39 1 1 40 26 21 -9999 9 9 9 1 1 38 38 42 42 42 -9999 -9999 -9999 -9999 -9999 -9999 -9999 -9999 -9999 -9999 -9999 38 24 24 40 40 23 24 9
2 27 27 34 38 27 38 2 34 33 2 2 2 2 2 9 1 3 24 2 3 3 5 38 39 38 38 2 2 33 9 9 1 24 9 9 3 5 33 1 24 42 1 1 32 41 1 29 -9999 -9999 -9999 42 29 39 40 42 38 38 38 41 9 1 9 9 1 1 39 38 38 41 -9999 -9999 -9999 -9999 -9999 -9999 -9999 -9999 -9999 -9999 5 24 24 38 1 -9999 24 5 3
33 2 2 2 27 27 2 2 2 2 2 9 9 39 39 1 9 2 3 -9999 3 5 40 9 42 42 1 2 2 38 -9999 41 42 2 2 2 40 23 26 1 7 11 28 40 29 39 1 23 -9999 -9999 29 28 23 42 23 38 38 41 23 1 1 41 38 41 42 39 -9999 39 42 -9999 -9999 -9999 -9999 -9999 -9999 -9999 -9999 -9999 -9999 1 42 41 9 5 40 -9999 -9999 3 42
2 3 40 2 2 2 2 2 2 2 -9999 2 41 24 2 1 9 9 2 5 9 9 5 38 2 9 9 40 2 29 2 39 38 24 9 1 41 41 9 5 5 5 42 38 42 40 24 28 -9999 39 28 28 26 39 25 38 40 41 40 9 39 39 42 31 38 39 42 39 39 -9999 -9999 -9999 -9999 -9999 -9999 -9999 -9999 -9999 -9999 1 24 9 33 3 3 -9999 -9999 -9999 -9999
2 2 2 27 2 2 2 40 2 3 2 2 2 41 9 3 9 9 3 5 9 9 1 24 9 42 41 1 2 9 2 2 2 42 9 39 39 9 42 42 42 1 42 1 1 24 41 29 32 28 39 31 29 41 42 42 38 38 38 1 38 42 40 39 41 39 40 39 -9999 -9999 -9999 -9999 -9999 -9999 -9999 -9999 -9999 -9999 1 5 24 9 2 2 41 -9999 -9999 -9999 -9999
2 2 2 2 2 2 2 34 2 2 2 2 5 3 33 9 29 5 9 9 41 5 24 1 9 41 38 32 28 9 9 9 2 1 2 24 9 1 1 24 -9999 -9999 -9999 -9999 23 29 39 24 24 1 1 1 1 1 38 -9999 -9999 41 39 40 39 38 40 40 38 42 38 -9999 -9999 -9999 -9999 -9999 -9999 -9999 -9999 26 -9999 9 24 5 9 42 40 38 -9999 -9999 -9999 -9999 -9999
2 41 2 39 2 2 2 2 2 2 2 5 9 -9999 -9999 2 -9999 9 9 9 39 5 9 42 -9999 -9999 -9999 -9999 41 9 32 1 2 2 2 3 1 23 1 1 -9999 -9999 -9999 28 21 38 42 29 26 29 29 28 41 39 38 41 -9999 40 38 38 40 40 38 41 42 38 40 -9999 -9999 -9999 -9999 -9999 -9999 -9999 42 -9999 -9999 1 9 1 33 3 33 -9999 -9999 -9999 -9999 -9999 -9999
