currenttrends/sc1gr9.FIL
ncols         261
nrows         433
xllcorner     336357.134
yllcorner     654653.479
cellsize      1000
NODATA_value  -9999
[rows 203 to 231 of 433, columns 0 to 65 of 261]
-9999 -9999 -9999 -9999 -9999 -9999 -9999 -9999 -9999 -9999 -9999 -9999 -9999 -9999 -9999 -9999 -9999 -9999 -9999 -9999 -9999 -9999 -9999 175.8288 175.5134 -9999 -9999 -9999 -9999 -9999 -9999 -9999 -9999 -9999 -9999 165.5372 163.97 162.7913 161.2499 160.6697 159.1538 157.1037 155.5432 153.7207 152.2714 151.7678 150.3424 149.8587 149.7306 148.3374 147.8802 147.772 147.3305 146.808 146.391 146.3128 145.9115 145.5188 145.2332 145.1813 145.7218 145.6805 145.6442 146.2027 145.5339 145.6276
-9999 -9999 -9999 -9999 -9999 -9999 -9999 -9999 -9999 -9999 -9999 -9999 -9999 -9999 -9999 -9999 -9999 -9999 -9999 -9999 -9999 -9999 -9999 177.389 176.6615 176.3511 -9999 -9999 -9999 -9999 -9999 -9999 -9999 -9999 -9999 165.8258 165.5951 164.0418 162.422 160.8961 160.3292 157.3417 155.8682 155.345 153.4534 152.019 151.5285 150.1179 149.6474 149.531 148.1523 148.0492 147.6119 147.1943 148.0315 147.6252 146.3144 146.8391 146.7845 146.7348 146.3687 146.0113 146.9903 146.6483 146.3026 145.9846
-9999 -9999 -9999 -9999 -9999 -9999 -9999 -9999 -9999 -9999 -9999 -9999 -9999 -9999 -9999 -9999 -9999 -9999 -9999 -9999 -9999 -9999 -9999 -9999 178.2929 177.9823 177.2689 176.9679 -9999 -9999 -9999 -9999 -9999 -9999 168.5702 166.9948 166.7663 165.2145 164.05 162.524 161.9574 158.9702 157.4108 155.5911 154.1461 153.6472 152.2264 151.6572 150.2592 149.7996 149.6929 148.4211 149.2497 147.4872 147.0798 147.9281 147.5351 147.1509 147.1015 147.1599 147.708 147.3548 147.3293 146.9917 146.656 147.2453
-9999 -9999 -9999 -9999 -9999 -9999 -9999 -9999 -9999 -9999 -9999 -9999 -9999 -9999 -9999 -9999 -9999 -9999 -9999 -9999 -9999 -9999 -9999 -9999 -9999 179.1342 178.8289 178.198 176.9255 176.2387 174.3167 173.6578 172.4322 -9999 -9999 168.6264 168.0198 166.8465 165.2253 163.7009 163.5051 160.8811 158.681 157.1345 155.3316 153.9016 153.7693 152.0102 150.6171 -9999 150.0619 149.6235 149.1941 148.6988 148.2943 148.2314 147.8428 147.8944 148.434 148.0697 148.0375 147.6889 147.6688 148.2418 148.024 148.0279
-9999 -9999 -9999 -9999 -9999 -9999 -9999 -9999 -9999 -9999 -9999 -9999 -9999 -9999 -9999 -9999 -9999 -9999 -9999 -9999 -9999 -9999 -9999 -9999 -9999 180.7708 180.0583 179.7592 178.0842 177.7982 175.4803 175.2145 173.5994 -9999 171.3723 170.1797 169.5723 168.022 166.486 164.9641 165.1413 162.1536 160.2283 158.7702 156.9671 155.0897 153.6748 152.6246 151.8117 150.4334 150.3377 149.9036 149.4785 148.9928 149.0295 148.6373 149.1685 149.1227 148.754 148.7203 148.3675 149.2545 149.025 149.0156 148.3806 149.2939
-9999 -9999 -9999 -9999 -9999 -9999 -9999 -9999 -9999 -9999 -9999 -9999 -9999 -9999 -9999 -9999 -9999 -9999 -9999 -9999 -9999 -9999 -9999 -9999 -9999 181.9245 181.621 180.9165 180.7014 179.0378 177.119 176.4614 -9999 -9999 173.0107 171.4364 170.8315 169.5752 168.0384 166.5158 165.0073 164.737 163.1714 160.4108 157.5793 155.795 155.3147 153.9137 152.5255 151.9794 150.6138 150.1839 150.2055 150.6462 150.2481 150.1935 149.8115 149.4385 150.4223 150.3921 150.3672 150.9328 150.5973 150.2705 149.9597 149.7713
-9999 -9999 -9999 -9999 -9999 -9999 -9999 -9999 -9999 -9999 -9999 -9999 -9999 -9999 -9999 -9999 -9999 -9999 -9999 -9999 -9999 -9999 -9999 -9999 -9999 -9999 182.855 182.558 181.8621 180.6002 179.2548 178.0213 -9999 -9999 174.1833 172.9933 172.3877 170.8391 169.3048 167.7848 166.6499 164.9838 163.5132 162.9008 160.1591 157.3438 155.5762 154.1791 154.0748 152.6995 152.2621 151.8339 151.7579 150.9434 150.887 151.5225 151.8118 151.4393 151.0757 151.6326 151.6121 151.3838 151.0539 151.9611 151.6572 151.3576
-9999 -9999 -9999 -9999 -9999 -9999 -9999 -9999 -9999 -9999 -9999 -9999 -9999 -9999 -9999 -9999 -9999 -9999 -9999 -9999 -9999 -9999 -9999 -9999 -9999 -9999 184.4203 184.1227 183.4258 181.8445 180.8994 179.2731 178.6265 -9999 175.8279 175.2127 174.0331 172.0173 170.861 169.3404 167.834 166.1726 164.704 164.9124 161.7122 158.6329 157.2238 -9999 154.3452 152.974 152.541 153.3869 153.0722 152.6055 152.214 -9999 153.151 153.1154 153.6674 153.3143 153.2975 152.9606 152.9565 152.6356 153.3616 153.0651
-9999 -9999 -9999 -9999 -9999 -9999 -9999 -9999 -9999 -9999 -9999 -9999 -9999 -9999 -9999 -9999 -9999 -9999 -9999 -9999 -9999 -9999 -9999 -9999 -9999 -9999 188.2097 186.5241 186.2353 185.5491 183.7171 183.06 181.4474 -9999 179.6133 178.0399 176.4812 176.27 174.6432 173.1227 171.6165 169.0153 167.5495 167.4001 163.2624 161.4813 159.0419 -9999 154.7169 154.2781 154.1974 153.7753 154.2231 154.1664 153.8841 154.7583 154.3843 154.353 155.3526 155.0022 154.9892 154.6552 155.5641 154.3372 -9999 154.6597
-9999 -9999 -9999 -9999 -9999 -9999 -9999 -9999 -9999 -9999 -9999 -9999 -9999 -9999 -9999 -9999 -9999 -9999 -9999 -9999 -9999 -9999 -9999 -9999 -9999 -9999 -9999 189.1568 187.4829 187.2011 184.8863 184.6255 182.62 -9999 180.7899 179.2182 178.9995 177.4525 176.2982 174.7781 173.2725 171.616 170.516 167.6581 165.8577 163.0388 160.3419 158.9536 157.5784 156.2161 156.1432 157.0005 157.9106 157.5156 158.3898 158.0104 157.6405 157.28 158.2918 157.9479 157.9435 158.8555 158.8616 157.3139 157.0407 158.1048
-9999 -9999 -9999 -9999 -9999 -9999 -9999 -9999 -9999 -9999 -9999 -9999 -9999 -9999 -9999 -9999 -9999 -9999 -9999 -9999 -9999 -9999 -9999 -9999 -9999 -9999 -9999 190.3185 190.0295 188.3667 187.512 185.8864 185.2408 -9999 183.4066 181.8328 180.2738 179.1104 178.5298 177.0104 175.4082 173.2787 171.3451 169.8945 167.1578 165.636 -9999 161.5489 160.0674 158.704 158.7391 159.598 160.5132 161.0397 160.9955 160.6175 160.5871 159.89 159.9923 159.9842 159.6509 160.5674 160.2497 159.9412 158.7664 159.3904
-9999 -9999 -9999 -9999 -9999 -9999 -9999 -9999 -9999 -9999 -9999 -9999 -9999 -9999 -9999 -9999 -9999 -9999 -9999 -9999 -9999 -9999 -9999 -9999 -9999 -9999 -9999 191.9751 191.2811 190.9992 188.6826 188.4221 -9999 186.1716 184.5847 183.3988 182.7951 181.2482 179.716 178.5756 177.0706 175.4175 173.9518 -9999 169.6585 168.2383 165.8984 164.1495 162.6662 162.585 162.2675 163.4764 164.3901 163.9938 163.95 163.2307 161.9468 161.5906 161.5795 162.608 162.2767 162.2853 161.971 161.9931 161.4065 161.1264
-9999 -9999 -9999 -9999 -9999 -9999 -9999 -9999 -9999 -9999 -9999 -9999 -9999 -9999 -9999 -9999 -9999 -9999 -9999 -9999 -9999 -9999 -9999 -9999 -9999 -9999 -9999 194.5271 192.8514 192.1659 191.3135 -9999 189.0409 187.4418 187.2071 185.6331 184.074 -9999 182.3318 180.8129 179.6842 176.7157 175.2533 173.701 172.2662 172.1436 169.4388 168.0458 165.2703 165.3005 166.5073 167.3625 165.6213 166.6104 165.3054 164.9315 164.5674 164.5512 164.2047 164.2026 165.5755 165.2526 164.9391 163.7248 163.1452 162.8687
-9999 -9999 -9999 -9999 -9999 -9999 -9999 -9999 -9999 -9999 -9999 -9999 -9999 -9999 -9999 -9999 -9999 -9999 -9999 -9999 -9999 -9999 -9999 -9999 -9999 -9999 -9999 195.7799 195.085 194.8032 192.485 -9999 190.6102 189.9736 188.3864 188.2572 186.6964 186.1043 184.9517 183.4315 181.9262 179.3317 177.7636 176.3139 176.1815 175.2278 173.3459 170.6577 169.2784 168.8415 167.8411 167.4243 166.9689 167.848 167.9289 167.8992 167.535 167.1807 166.8362 166.8372 166.9691 166.9837 166.216 165.0054 164.7603 164.4865
-9999 -9999 -9999 -9999 -9999 -9999 -9999 -9999 -9999 -9999 -9999 -9999 -9999 -9999 -9999 -9999 -9999 -9999 -9999 -9999 -9999 -9999 -9999 -9999 -9999 -9999 -9999 -9999 196.6569 195.9706 195.1207 193.4937 192.8472 191.6401 191.014 190.3984 189.2227 187.6744 187.0929 185.9515 184.4441 182.7899 181.3231 179.871 178.7996 178.7839 176.8978 175.4994 172.8262 172.7444 172.6694 171.3225 170.5148 170.4732 170.5583 170.5311 170.1687 170.1564 169.8123 169.478 169.8238 169.1721 168.2856 167.6569 167.4186 167.1478
-9999 -9999 -9999 -9999 -9999 -9999 -9999 -9999 -9999 -9999 -9999 -9999 -9999 -9999 -9999 -9999 -9999 -9999 -9999 -9999 -9999 -9999 -9999 -9999 -9999 -9999 -9999 -9999 198.894 198.6123 196.293 195.6358 -9999 193.8802 193.6452 193.0279 191.465 190.3013 189.7186 188.5766 188.0157 185.0402 183.9458 182.4933 181.0555 180.9331 179.5206 178.1224 176.3795 175.3683 175.2948 173.9487 174.8855 173.452 173.5395 172.8244 172.8083 172.799 172.4571 171.2102 170.8891 170.9123 170.6089 169.4039 169.1741 168.9071
-9999 -9999 -9999 -9999 -9999 -9999 -9999 -9999 -9999 -9999 -9999 -9999 -9999 -9999 -9999 -9999 -9999 -9999 -9999 -9999 -9999 -9999 -9999 -9999 -9999 -9999 -9999 -9999 201.4455 199.7803 198.9331 -9999 196.6589 196.4158 196.2798 194.7023 194.0965 -9999 192.3481 190.8255 190.6439 187.667 187.5145 186.0598 184.9876 184.9749 183.5599 182.0446 180.2978 178.9267 178.8534 177.5067 176.128 175.7407 175.8341 175.8123 175.4538 175.4475 174.1916 173.8631 173.5444 172.3224 172.3582 172.4006 171.8453 170.6723
-9999 -9999 -9999 -9999 -9999 -9999 -9999 -9999 -9999 -9999 -9999 -9999 -9999 -9999 -9999 -9999 -9999 -9999 -9999 -9999 -9999 -9999 -9999 -9999 -9999 -9999 -9999 -9999 -9999 202.426 201.0763 -9999 -9999 199.0535 198.4235 196.8458 196.6271 -9999 194.5985 194.4076 192.8975 191.2417 190.146 189.6311 188.6708 188.5458 187.014 185.7276 183.8625 182.4905 181.4894 181.0703 179.6922 179.7787 178.4805 178.1153 176.8418 176.8414 176.848 175.2668 174.9533 174.9862 175.0258 173.8267 173.6127 173.3528
-9999 -9999 -9999 -9999 -9999 -9999 -9999 -9999 -9999 -9999 -9999 -9999 -9999 -9999 -9999 -9999 -9999 -9999 -9999 -9999 -9999 -9999 -9999 -9999 -9999 -9999 -9999 -9999 -9999 204.6686 -9999 -9999 -9999 -9999 201.0626 199.4834 198.8762 198.6658 197.1269 197.0436 -9999 194.8208 193.7235 193.2068 192.2472 192.1215 190.7037 188.8198 186.501 186.0597 185.0588 184.9952 183.3868 182.429 181.1324 180.7692 179.4976 179.5004 179.1681 177.9303 176.7046 176.7422 176.4505 176.5031 176.2963 175.1297
-9999 -9999 -9999 -9999 -9999 -9999 -9999 -9999 -9999 -9999 -9999 -9999 -9999 -9999 -9999 -9999 -9999 -9999 -9999 -9999 -9999 -9999 -9999 -9999 -9999 -9999 -9999 -9999 -9999 206.2435 204.8929 -9999 -9999 -9999 203.7049 202.1242 201.5158 201.3049 200.7173 200.6334 199.1199 197.46 197.3055 196.2184 195.8281 195.702 194.6487 191.4624 190.0759 189.9943 188.6335 187.2871 186.0399 186.0075 184.7114 183.4286 183.0782 182.1649 180.5749 180.5997 179.3763 179.0792 178.2156 178.003 178.0752 176.5809
-9999 -9999 -9999 -9999 -9999 -9999 -9999 -9999 -9999 -9999 -9999 -9999 -9999 -9999 -9999 -9999 -9999 -9999 -9999 -9999 -9999 -9999 -9999 -9999 -9999 -9999 -9999 -9999 -9999 210.4603 209.7881 -9999 -9999 -9999 208.496 207.8729 207.2614 207.5475 206.9564 206.7603 207.0675 204.6387 204.482 203.0202 201.5742 201.5707 200.1534 199.1167 198.6603 197.6469 196.285 194.9377 193.5659 192.2584 191.316 189.6846 188.4179 184.4895 183.2464 183.2747 182.3949 182.099 181.8132 180.6942 179.5256 178.224
-9999 -9999 -9999 -9999 -9999 -9999 -9999 -9999 -9999 -9999 -9999 -9999 -9999 -9999 -9999 -9999 -9999 -9999 -9999 -9999 -9999 -9999 -9999 -9999 -9999 -9999 -9999 -9999 -9999 213.009 212.3339 -9999 -9999 211.2753 211.1449 210.5207 210.2983 209.8085 209.6047 209.409 210.2855 208.2339 206.7584 206.6133 206.5978 206.4709 205.0492 203.6432 202.6169 201.6022 200.2385 198.8896 196.2356 194.93 193.6383 192.3604 191.0959 190.192 188.9521 188.6418 187.426 187.479 186.285 183.7866 183.8735 182.3866
-9999 -9999 -9999 -9999 -9999 -9999 -9999 -9999 -9999 -9999 -9999 -9999 -9999 -9999 -9999 -9999 -9999 -9999 -9999 -9999 -9999 -9999 -9999 -9999 -9999 -9999 -9999 -9999 -9999 215.2579 214.0162 -9999 -9999 -9999 213.2902 212.7787 212.5581 213.3001 213.2087 212.6271 -9999 210.8886 212.1717 -9999 210.5687 210.4399 210.0764 207.6075 207.6395 206.2601 203.8372 202.4885 199.8355 198.5306 196.3171 195.0413 193.7791 193.7978 192.5593 191.679 190.4644 189.262 188.0716 186.4918 185.3338 184.1865
-9999 -9999 -9999 -9999 -9999 -9999 -9999 -9999 -9999 -9999 -9999 -9999 -9999 -9999 -9999 -9999 -9999 -9999 -9999 -9999 -9999 -9999 -9999 -9999 -9999 -9999 -9999 -9999 -9999 216.8329 -9999 -9999 -9999 -9999 215.547 215.3175 216.1676 215.564 215.3597 -9999 -9999 215.8148 214.3346 215.2509 214.1722 215.4776 214.0506 212.6397 211.2447 210.2294 207.5721 206.0926 202.5153 201.2125 199.9239 198.6492 197.3882 196.4899 195.2539 194.3772 193.1652 191.6222 190.2896 188.2893 186.7969 186.5668
-9999 -9999 -9999 -9999 -9999 -9999 -9999 -9999 -9999 -9999 -9999 -9999 -9999 -9999 -9999 -9999 -9999 -9999 -9999 -9999 -9999 -9999 -9999 -9999 -9999 -9999 -9999 -9999 -9999 -9999 -9999 -9999 -9999 -9999 218.201 217.5777 218.3151 218.2191 217.6278 218.5046 -9999 219.0427 220.7051 218.8585 220.5318 218.7161 218.5966 216.2496 215.2211 213.8403 211.1823 208.7733 206.1255 203.5429 202.2581 201.3406 200.4337 198.837 197.9538 196.7334 197.1342 194.3303 192.9988 190.665 189.515 189.6259
-9999 -9999 -9999 -9999 -9999 -9999 -9999 -9999 -9999 -9999 -9999 -9999 -9999 -9999 -9999 -9999 -9999 -9999 -9999 -9999 -9999 -9999 -9999 -9999 -9999 -9999 -9999 -9999 -9999 -9999 -9999 -9999 -9999 -9999 220.3453 -9999 220.579 221.8317 221.6264 221.1649 222.3131 221.7081 221.5506 223.7875 224.1466 225.4517 222.7116 221.1674 218.8363 217.4558 214.7974 212.3872 208.4563 206.2337 206.2304 204.0371 202.781 201.8896 200.659 199.7895 198.5831 195.6333 195.8635 193.3855 192.2385 192.6927
-9999 -9999 -9999 -9999 -9999 -9999 -9999 -9999 -9999 -9999 -9999 -9999 -9999 -9999 -9999 -9999 -9999 -9999 -9999 -9999 -9999 -9999 -9999 -9999 -9999 -9999 -9999 -9999 -9999 -9999 -9999 -9999 -9999 -9999 223.0019 223.3378 223.237 223.9815 223.8992 224.6564 224.5936 225.3219 226.2342 227.9086 227.7654 229.0736 227.6403 224.9196 222.4561 219.7783 216.9865 214.7144 211.1499 210.2123 208.9295 208.016 206.7599 204.2452 203.3692 202.1544 201.3 198.846 197.1726 194.8547 194.0538 194.1742
-9999 -9999 -9999 -9999 -9999 -9999 -9999 -9999 -9999 -9999 -9999 -9999 -9999 -9999 -9999 -9999 -9999 -9999 -9999 -9999 -9999 -9999 -9999 -9999 -9999 -9999 -9999 -9999 -9999 -9999 -9999 -9999 225.9088 225.3803 226.1061 225.9964 226.8545 226.6427 226.4399 227.3211 228.2099 228.9392 230.2326 230.0824 228.6268 229.5699 229.958 227.1058 226.0804 222.4705 219.313 217.0445 214.7744 213.8389 211.6336 210.3676 209.4701 208.2305 205.7332 204.5226 202.407 201.2225 199.8965 197.5846 196.7877 196.9126
-9999 -9999 -9999 -9999 -9999 -9999 -9999 -9999 -9999 -9999 -9999 -9999 -9999 -9999 -9999 -9999 -9999 -9999 -9999 -9999 -9999 -9999 -9999 -9999 -9999 -9999 -9999 -9999 -9999 -9999 227.9975 227.8534 227.1988 227.5201 228.7651 228.1404 229.0016 228.7916 228.7151 229.4756 230.3683 231.6149 231.0792 230.9355 232.2503 232.2579 230.8341 228.4923 226.0331 224.2933 222.0083 221.0355 217.4775 216.1856 214.3424 213.0792 212.1853 209.6737 207.95 205.8234 204.6295 203.4481 202.2788 200.3198 199.5269 199.6562
