currenttrends/sc1gr10.FIL
ncols         261
nrows         433
xllcorner     336357.134
yllcorner     654653.479
cellsize      1000
NODATA_value  -9999
[rows 377 to 405 of 433, columns 132 to 197 of 261]
817.509 774.209 843.0338 796.5826 693.3571 661.1186 651.6183 645.7822 645.9566 639.7723 627.8875 622.8222 612.845 602.4592 604.389 602.662 601.5774 600.9474 599.2838 596.5819 596.0141 590.669 590.1746 591.9115 584.4624 582.9155 580.3089 583.1732 584.9867 585.7428 588.6669 593.8777 591.9205 590.1791 589.9083 591.3155 592.1417 598.5538 602.2149 600.2477 604.5079 605.3647 606.7985 607.652 610.8271 613.0989 613.3903 617.1132 622.5424 621.6837 622.4989 625.6602 631.0956 632.4579 635.6073 639.3325 644.7733 653.3523 -9999 657.7634 662.0272 663.3867 664.6213 -9999 449.0321 674.3662
752.8283 709.2355 735.4233 875.3461 796.1436 683.4684 652.8856 647.0308 637.5533 632.3934 619.8128 617.9752 617.216 606.7972 598.4966 603.2743 602.6026 596.5634 594.8719 597.5425 594.8325 589.9077 584.5493 587.3262 583.0422 578.2604 580.0146 581.7886 581.9213 586.4689 585.5489 586.3065 588.1581 586.9495 586.6502 587.4449 593.8214 599.1285 598.8587 596.8629 599.4153 601.9309 601.6523 604.1683 608.4348 607.8494 610.3599 613.5126 617.7936 619.7289 619.9655 621.9736 623.888 629.3051 631.2946 636.7155 640.9908 650.6921 653.2393 657.5035 658.7655 661.8433 441.1489 665.5569 668.5914 451.4059
736.0681 703.7591 728.9465 757.8203 806.8022 704.2059 654.1593 644.631 637.0792 627.5938 617.2946 611.5374 609.6999 601.8733 598.4955 601.0492 598.2371 593.2232 594.79 593.0948 594.1598 587.0734 581.6511 583.3363 581.7274 577.9865 576.9986 578.7469 581.5906 582.2986 584.1003 584.8358 587.751 585.4117 583.3911 585.2517 588.832 592.4017 596.6024 596.3055 597.1102 596.8088 598.1929 600.1057 604.3513 605.4142 609.6709 610.4638 611.8245 614.9559 616.3017 618.8539 621.3213 624.4384 628.696 631.1463 637.7943 647.4688 654.7109 655.9813 656.0676 659.7392 663.9686 665.842 667.0259 669.4792
811.638 710.9745 688.7708 683.4321 674.2078 728.2826 665.2004 657.7658 642.2125 636.3687 620.0141 606.2231 601.0938 599.2526 597.4326 601.0342 599.2601 590.4948 588.749 591.3798 591.2894 586.9191 -9999 578.7266 576.0162 574.9938 573.3728 579.5112 581.2615 578.6016 579.2973 578.3268 584.5772 586.054 585.1055 -9999 585.5215 590.7843 588.7375 592.3368 593.7017 593.3737 594.1512 599.4817 601.9616 605.8636 606.6418 607.9916 609.3332 611.8714 613.1996 616.3076 618.7578 621.2866 -9999 -9999 631.053 644.8135 425.0559 656.2913 656.9715 434.7853 661.2491 668.4799 444.3349 666.7275
807.8718 811.1115 830.3873 770.6059 717.7338 799.3872 861.7311 668.1796 643.452 638.2337 627.2083 614.948 605.463 603.606 594.1435 594.0145 596.5618 588.7321 586.9657 589.5833 585.1726 586.7638 576.8531 575.7872 574.1191 574.7183 577.4879 577.5433 576.5065 574.4172 576.1678 581.784 584.1724 582.2285 582.9544 580.8864 583.3071 586.8611 587.611 588.952 590.8124 591.0473 591.802 597.1141 597.8755 604.5559 605.3152 608.4206 609.7506 610.4948 613.5941 616.038 617.4185 -9999 -9999 624.2064 631.3925 637.4567 649.9689 648.8907 657.2783 654.326 656.7961 660.9948 664.0098 663.4155
817.0607 800.8175 770.5618 813.7449 804.1215 764.1481 803.811 685.337 655.5678 641.6639 630.5957 616.725 609.8461 604.6887 595.8274 589.6254 590.459 587.0511 586.8652 585.7186 580.6534 582.2224 578.3289 572.2263 573.8626 575.5195 572.7761 -9999 -9999 574.0613 575.7943 577.5428 580.3948 578.9937 579.6934 577.597 581.1137 583.525 584.2491 584.9765 587.4023 588.1348 589.4543 593.0487 597.2412 605.0152 604.6364 607.0817 611.3026 610.9045 612.2062 614.7132 614.86 616.1326 -9999 -9999 -9999 633.6486 639.014 646.2138 654.5896 651.0561 651.0676 658.269 660.7085 446.4445
815.0304 785.7531 805.105 774.3504 742.3372 815.6583 732.8091 673.652 665.1081 646.1689 626.359 621.1479 615.9517 603.637 595.8113 589.5807 584.4302 585.8976 579.7051 578.5285 579.4307 577.6635 580.2681 575.3177 570.8827 569.1742 569.7417 575.2309 -9999 572.0347 572.0536 575.4706 578.3012 578.5469 576.4294 576.0132 578.8979 581.2888 580.8857 581.5879 582.2927 583.5885 588.2643 590.6821 595.9733 600.8865 606.2111 604.6835 605.9813 611.3194 612.6102 613.3128 614.5848 616.5049 -9999 -9999 -9999 631.0001 634.6207 644.1311 644.1668 647.1876 648.355 659.1733 666.3824 666.3502
814.8979 775.8111 751.9139 729.1677 715.5264 693.8763 774.3452 705.4869 665.3236 673.1108 638.4628 626.2297 620.3649 606.4275 601.2308 590.6023 584.3546 583.1304 576.9033 579.4638 575.5058 574.7856 578.9813 573.4396 567.2782 567.809 570.5208 573.2539 573.8381 572.7643 574.4589 575.0795 576.8029 573.6116 572.5626 573.2197 575.5812 577.3539 576.9259 579.3047 578.8777 580.6708 584.8048 590.0671 592.4722 597.341 603.7711 603.3493 604.6309 -9999 605.4536 609.6399 614.9714 613.3575 -9999 -9999 619.9954 627.7802 631.9603 644.4535 636.1492 639.7427 645.0753 679.8465 656.4188 660.0067
800.8605 720.3051 720.3272 702.276 696.9072 682.1713 695.8112 674.1301 681.9053 691.2672 634.2117 627.3813 619.3442 614.1147 604.52 593.8577 584.9102 581.322 576.7755 574.9253 573.7188 570.8195 574.3491 569.8557 567.6267 -9999 566.3925 564.6561 570.7471 573.4965 577.944 576.8706 577.4875 572.5576 573.191 572.7321 571.6625 572.9067 577.4943 574.2104 575.4612 578.9722 582.4589 586.5872 588.381 593.208 597.3685 600.89 601.0221 601.6912 601.8013 -9999 609.5598 610.7897 612.0089 611.4893 615.6515 620.9971 625.1544 629.3109 635.8948 637.046 644.2122 652.5612 648.9146 656.087
763.1855 770.847 694.891 689.4937 692.1655 697.7457 675.3329 662.3286 685.4368 668.0869 632.7392 623.077 615.005 610.3936 605.1465 591.1313 583.7482 582.926 581.0436 575.4039 571.8376 567.2896 566.9793 565.7979 564.0035 564.4918 566.0825 567.6915 567.6489 568.6749 573.7125 576.4819 574.2961 573.8103 572.7233 570.5342 571.1573 571.7863 573.0186 571.9233 572.558 576.645 580.1136 584.7487 587.7545 589.6612 594.9285 597.3035 600.8718 600.981 602.2137 602.8541 602.9288 608.2246 609.4274 611.8522 613.0377 618.3547 621.922 624.9042 -9999 634.3521 423.085 642.0545 646.1866 650.3137
730.791 757.4882 695.1755 689.768 676.7009 670.6384 677.3123 662.5251 652.7915 646.7853 636.1364 623.1342 616.7589 607.0817 600.7284 591.0667 586.4528 587.2198 582.6285 576.3271 573.3693 567.0842 568.4486 565.5388 -9999 565.2814 564.1102 568.4519 571.154 570.0171 570.564 572.2177 569.3933 573.3637 570.5488 570.047 570.6529 569.5421 569.0457 570.2587 571.9868 573.2038 574.9407 580.1484 582.4938 587.2392 595.3901 597.7544 597.2649 597.3531 597.9794 599.1848 600.3813 603.934 608.0753 610.4058 613.3967 615.1359 619.2677 622.2371 635.8696 631.6612 635.2142 424.6168 643.4617 432.5386
766.8718 726.7741 730.111 697.7182 689.0082 675.9183 661.0774 658.3253 657.3374 639.8821 635.1423 625.4165 614.1145 604.3993 606.1739 596.0465 589.6861 580.0038 578.0768 572.3804 568.7599 564.1595 564.8535 562.5438 563.4404 562.2387 564.8828 569.2133 568.0475 565.1763 566.7938 568.4265 566.1865 574.0173 571.1825 570.6639 569.5361 569.0203 571.3268 571.9268 569.6781 570.277 574.3413 579.5375 578.394 586.5871 589.4609 596.4883 594.7911 598.9187 596.6054 596.6563 597.2497 600.2271 605.498 605.5137 610.7893 614.3247 616.6161 619.5729 623.6895 627.2278 631.3427 645.024 437.6224 643.0938
743.8986 719.3156 721.9812 769.8168 737.301 684.0707 689.0026 693.4806 653.9006 647.8185 628.2018 618.4046 607.0283 604.3367 595.2155 591.4707 586.1403 577.0355 575.0658 572.0238 567.3689 564.3484 559.4326 558.6273 561.2072 562.7153 564.2416 561.3052 560.0917 560.5603 558.7395 560.329 563.6484 566.895 566.327 569.0834 573.0743 571.9147 566.8096 565.6357 565.6843 567.3617 567.9257 569.0909 574.2613 580.0258 581.1982 582.903 585.853 591.0787 593.3836 593.9542 595.1085 595.1089 598.0551 599.7477 600.8704 607.8994 613.1542 614.2528 617.7639 620.6892 624.7792 629.4619 633.5507 635.8799
782.8207 731.0486 780.7504 817.007 801.2194 694.6605 684.8036 668.2968 685.4104 649.6768 625.5706 611.3146 606.9996 600.5188 595.1381 588.6799 583.321 581.3214 581.0717 576.2786 570.9652 562.4833 557.5182 560.065 559.8147 558.5551 556.6738 559.288 555.234 554.001 555.5549 557.1234 562.1207 565.3349 564.143 565.7729 573.6854 575.3478 569.1051 566.1956 562.7677 563.9127 564.4545 569.6002 571.2756 577.6055 578.1628 582.2272 583.38 585.6638 589.1467 594.3719 594.373 596.6532 596.043 597.1602 600.0887 606.4276 610.5117 611.5969 615.0945 619.1766 621.5059 626.7577 629.66 630.1144
766.6404 764.5092 751.3141 760.6675 717.6177 705.5005 682.3455 671.7763 659.2326 644.2477 630.0177 615.7239 613.6417 609.3226 598.3955 596.355 -9999 584.522 579.8131 573.3716 571.3938 564.9693 556.1456 554.2073 556.7579 555.476 549.0817 550.5748 552.084 554.7089 555.1489 557.8057 558.2717 558.6339 559.1253 564.1741 565.7985 566.3202 567.9616 562.7891 563.3134 559.8547 563.8543 567.2322 567.7639 575.1858 575.7238 578.6392 579.1756 581.4421 588.437 591.8522 591.8366 592.3626 592.3245 593.424 -9999 602.6423 606.7109 610.1963 611.2621 615.3303 618.8153 622.8831 626.3676 627.3907
767.6904 730.5319 711.3401 716.2722 714.5397 692.4338 679.179 664.8239 657.5632 646.0782 625.5914 619.0422 618.04 609.26 595.6066 597.9933 591.4991 582.7485 578.5404 570.4487 566.7089 560.8987 554.2124 551.1548 550.3008 547.8951 549.3568 551.9348 552.8022 554.3148 551.9498 558.0073 555.0323 555.3513 556.9299 560.2376 -9999 564.0702 563.4619 561.1168 559.8809 559.2663 561.5016 564.8925 567.139 569.9045 571.0215 574.4505 575.5663 581.8826 585.9341 588.1919 589.3021 592.7672 589.7566 593.8107 596.0465 -9999 -9999 607.545 609.7644 612.6552 616.1278 620.185 622.4813 624.0883
733.6296 715.9432 708.6719 719.1553 705.8931 687.0759 675.5688 664.9298 653.8801 655.4897 634.0461 625.2189 618.657 606.9918 601.5501 594.5134 586.8969 584.848 579.4453 571.3287 568.2155 561.7365 555.0143 550.8398 548.8715 547.5479 550.0979 551.5645 552.4171 551.1304 551.5341 550.2566 550.0549 554.8797 552.5098 554.0777 555.6559 558.9728 565.1552 561.6782 560.4284 559.7997 558.5392 561.3962 563.6244 570.3859 569.7572 570.8591 574.2299 578.2571 583.4327 587.4764 585.0275 590.2185 591.3051 592.3832 595.2758 600.3863 -9999 604.8967 608.9473 612.9996 613.4435 616.9049 619.7744 623.2318
716.7957 712.4111 708.8707 707.8336 709.4332 697.9138 683.4845 677.2661 662.8363 659.9877 634.0331 627.4387 610.7773 604.2007 594.2715 589.4739 582.9252 578.5825 579.8997 574.4821 569.0721 563.2171 553.6129 548.8649 546.8748 547.1946 546.9637 547.7784 549.2442 546.8311 549.4255 546.3932 547.9039 549.8522 552.0187 550.1207 551.184 556.7128 561.7643 559.3821 558.7362 558.5854 557.9373 559.0229 564.1279 565.7015 567.3167 568.4022 570.6207 575.1693 580.3322 583.2188 584.3009 587.6719 591.7089 591.6262 592.0907 597.1757 601.2136 603.4155 606.2904 610.3317 610.7623 614.2115 617.6613 -9999
714.3382 702.5765 714.2036 708.0095 701.3909 696.9557 686.9474 692.9827 673.376 660.7033 634.0024 624.0228 614.0513 601.3879 600.3669 596.4971 581.1309 574.5645 575.2112 571.5242 567.7218 564.0479 554.4034 548.5345 545.4254 544.0671 545.954 547.3926 544.955 544.0995 544.4645 543.1458 547.4482 549.3698 548.0733 546.7747 548.3152 553.3323 558.3683 557.0837 559.2856 556.8752 555.5799 556.6486 557.1064 562.6707 563.7418 565.9456 568.1955 573.3356 578.4874 580.7032 581.7701 585.7902 589.1506 591.4288 592.4808 597.5516 598.5842 599.6089 603.6368 607.0767 609.3477 613.3779 614.9591 620.2606
704.4605 711.635 722.1816 702.5844 698.8612 685.4722 689.7029 702.0083 677.4711 655.1446 640.6891 627.3172 620.6924 611.809 600.2245 590.2465 580.9366 569.8632 566.1441 570.1792 564.7227 561.5641 554.7336 546.5416 542.3049 541.3911 541.6911 541.4361 542.8668 539.7747 541.2286 545.5027 548.1003 544.3475 544.7417 545.1439 551.2544 552.7967 554.3477 559.3884 556.9667 554.5356 -9999 -9999 556.479 559.1118 -9999 -9999 565.7223 567.9137 573.0458 573.4925 578.639 583.7959 584.8431 587.7037 589.895 596.0994 595.9583 598.8116 -9999 604.4138 606.6721 610.1016 614.1211 617.5505
720.6304 711.7551 698.4078 694.4383 692.6648 684.4236 672.5579 675.2323 673.0239 660.7121 633.4608 630.6061 629.5519 613.4575 617.4092 605.8076 584.1158 577.5095 564.7895 559.2957 561.7074 558.5271 548.2466 545.0889 543.0463 539.9052 539.6284 536.4994 537.9143 540.4535 544.7003 547.9083 544.8235 542.7409 540.7758 545.7429 546.1401 545.931 549.8174 555.9648 557.5175 553.9466 552.6176 -9999 -9999 558.4617 -9999 -9999 563.2495 568.3634 568.7961 573.9257 579.066 581.9169 581.1348 585.1338 589.1377 594.7274 595.7406 596.7469 -9999 -9999 606.4333 607.4169 610.8351 614.2536
716.9796 695.7497 735.8658 711.2986 705.0383 696.0869 677.0437 664.2827 664.0514 662.9515 636.0717 634.9975 647.8984 622.7971 605.564 600.0353 588.4006 575.6533 565.6332 556.2751 554.1663 559.331 544.0389 541.9671 539.9044 537.85 538.1203 539.5145 538.5997 542.8188 540.3391 540.0856 541.5378 539.9006 539.1461 543.4997 542.7587 544.2643 547.5243 551.9141 565.5645 553.3571 552.0142 552.4272 553.4575 556.0349 560.506 561.5391 561.9585 564.1268 568.0946 570.2648 574.2422 578.2261 578.6418 581.9638 585.9564 590.96 594.9607 -9999 600.5343 599.7587 -9999 607.1753 408.9137 613.4138
709.9175 699.1608 695.1603 695.2068 689.631 694.9901 677.7272 659.7527 652.3362 655.7203 631.05 623.874 613.7985 603.0522 594.7755 584.7175 576.4423 570.8979 561.515 553.2375 551.1108 551.7479 547.5586 538.8315 536.7492 536.3439 536.0398 537.4191 534.2607 535.6631 533.6312 538.507 539.9475 536.5655 535.7909 540.1318 539.3705 541.9811 546.3423 553.0968 557.497 555.0233 552.5401 551.8108 553.3457 552.9923 556.9261 557.9423 559.4847 563.436 565.5939 568.9479 571.108 575.0803 576.0867 581.2194 582.2197 587.7552 590.5819 -9999 396.5613 600.1251 602.3561 606.355 407.4959 411.1898
-9999 685.2655 682.3442 686.8779 697.4695 677.6277 675.3973 662.9877 654.4286 634.8089 679.7711 619.0631 602.8271 592.7058 582.5891 577.6721 568.6752 560.3524 558.183 551.4962 543.1736 541.0255 541.2985 541.956 534.845 532.7432 531.7634 533.1207 531.6893 -9999 -9999 530.1643 533.8113 531.5872 531.9005 534.4671 535.921 539.1394 543.4779 548.4642 547.0803 550.9584 553.5968 554.5995 550.319 551.69 552.0653 554.1978 556.3303 558.5016 561.7834 564.5776 566.1033 570.0547 572.1921 576.1514 581.2745 583.7833 586.5917 589.965 595.1145 599.1005 599.4593 602.8452 606.8304 607.1704
696.0665 681.4314 676.9382 676.675 675.5692 662.0291 663.5952 657.2518 644.3993 630.8404 618.8724 610.531 601.5011 591.3592 579.6086 570.1483 564.538 555.5181 550.5891 548.4125 545.5791 541.7775 539.1434 538.7896 530.9976 530.65 528.5371 529.8804 528.4319 -9999 -9999 -9999 530.489 528.228 529.6471 532.2 537.1306 539.709 542.9127 541.5101 543.6132 547.9817 552.9944 550.4616 549.6899 549.2586 550.7584 553.5269 555.0338 556.0127 561.0858 562.5994 565.3872 567.5145 571.4605 572.9781 576.9327 582.4141 585.2161 588.507 591.8756 595.8514 598.0549 600.1715 603.5473 606.9246
703.9506 696.4772 678.4128 663.7408 665.3099 653.578 651.739 640.4418 634.083 622.3199 607.6057 612.6141 592.9053 591.799 582.7549 569.8607 565.3529 556.9888 547.5041 541.886 545.8904 538.6425 535.9764 538.3896 532.3528 529.103 528.0952 528.3118 -9999 -9999 -9999 527.4805 526.0353 527.7025 531.3613 534.5107 536.5814 539.151 539.473 539.8002 539.5102 546.2523 548.3601 550.9802 548.425 549.7473 550.0968 551.066 552.5581 556.4697 557.9688 561.8932 564.0118 566.1791 568.2974 572.2392 576.1868 581.652 -9999 587.1246 591.09 594.4551 596.5687 599.9366 602.7292 606.0983
702.7919 690.7693 682.4487 664.3382 664.0613 656.8394 640.5426 635.7417 626.6663 618.2913 602.8469 591.7448 586.5101 585.3929 578.6255 569.561 557.7543 549.366 548.2738 540.4041 540.446 537.1418 529.3521 533.4169 534.7172 526.9905 526.5267 526.1694 527.5042 527.0784 525.6166 525.2776 525.5257 528.2984 530.8255 531.1099 532.529 535.722 537.157 537.4681 537.7836 539.8678 542.4609 547.4586 546.6572 550.2379 550.5779 552.6837 551.8777 553.9814 557.2712 559.379 561.5305 564.7932 568.7238 570.8898 573.0008 578.4439 -9999 -9999 -9999 591.8086 -9999 -9999 -9999 -9999
693.2794 684.2045 666.0581 660.3914 652.8759 641.0954 641.9384 636.2625 626.0457 615.3616 600.5803 588.0612 582.3853 579.4473 573.7855 563.0793 560.8511 546.2643 540.6057 537.7118 532.739 533.3063 526.1516 527.422 531.4969 529.3411 527.1913 529.6336 523.5631 524.8984 525.1217 524.7734 525.0115 527.7667 530.2862 528.8295 529.1051 530.5172 535.4506 533.9996 538.3206 538.6304 544.7482 542.1647 547.1647 549.5884 549.9176 550.2468 553.491 552.6724 556.5747 -9999 -9999 -9999 567.3808 -9999 573.4175 -9999 -9999 -9999 -9999 -9999 -9999 -9999 -9999 -9999
685.9783 682.977 675.442 663.6576 653.4307 647.0247 633.3735 634.9364 616.9846 614.003 601.9207 590.0834 578.2382 576.411 567.3012 565.0592 553.2047 548.6553 540.2283 533.4374 529.5694 527.3513 524.5992 523.5297 527.5984 527.2139 525.0476 529.8256 526.5526 523.283 522.9198 524.2642 524.4928 525.5095 529.7432 528.2753 525.6737 529.9436 533.1259 533.4094 534.8325 536.2617 542.3702 538.6306 543.6188 550.0816 550.4016 547.7828 551.6659 553.1327 554.0724 -9999 -9999 -9999 566.6532 568.7496 573.2222 -9999 -9999 -9999 -9999 -9999 -9999 -9999 -9999 -9999
