currenttrends/sc1gr1.FIL
ncols         261
nrows         433
xllcorner     336357.134
yllcorner     654653.479
cellsize      1000
NODATA_value  -9999
[rows 319 to 347 of 433, columns 132 to 197 of 261]
64.27423 62.50644 62.38968 63.53247 61.03159 58.81121 58.81294 58.47719 58.70424 58.98641 58.99433 59.73967 66.13317 67.97007 68.687 69.22148 70.96818 70.41724 71.60232 71.60513 71.74001 72.31599 72.25505 73.70187 71.55582 72.66299 74.38709 76.16813 73.12247 72.14158 72.72545 70.94688 71.88364 75.08733 77.75004 77.75299 75.71578 75.44354 76.90662 78.70509 77.20825 75.11116 70.61758 67.19046 63.69223 74.50643 76.03973 76.4623 78.19745 75.83861 73.16008 74.72758 78.38034 76.70372 78.7775 79.07946 78.38371 78.45003 77.36427 78.33185 77.25712 77.57734 77.65977 76.88831 77.42831 76.4664
66.4779 65.6125 64.40182 62.33403 58.75512 58.59032 58.59033 58.64815 59.21669 59.21843 58.82335 59.16722 60.21078 67.59298 70.02309 68.62981 69.89856 71.27361 71.21035 70.9808 71.6783 72.25379 71.55455 72.3288 71.62617 73.84738 74.45921 74.86697 73.05973 71.67979 70.55509 71.55221 71.75475 71.89349 76.0672 78.90945 75.65147 73.08788 74.28743 78.42764 78.14848 75.39073 73.48013 68.08048 63.51108 73.69611 76.18412 76.3269 77.25799 77.11986 77.9234 77.71291 79.04059 78.85158 78.78217 79.22128 79.03642 78.53279 78.49072 78.10131 77.97549 77.26529 77.45029 76.81329 77.39967 77.77991
66.79573 66.42204 64.28168 60.43832 59.15499 58.47913 58.31176 58.64987 58.70769 59.27662 59.86555 61.04945 63.55457 67.47 68.96905 69.55244 71.14305 71.2119 71.61099 71.41562 72.12219 72.05841 71.16251 71.62769 71.76257 72.5385 76.31196 73.78987 72.7956 70.75315 70.69035 70.49646 71.19016 71.12962 74.34863 77.62239 77.62532 72.82366 73.21483 75.94756 75.95046 75.6759 73.75735 69.41758 62.93026 70.66838 74.24286 76.05161 75.07462 77.64049 79.11059 79.73055 78.20193 79.22305 78.68217 79.15221 78.9605 78.76414 76.58155 77.55669 77.50492 76.87397 77.11493 77.40154 76.96266 76.46239
66.79978 66.73945 64.891 62.9037 60.44185 58.81966 58.4816 58.48333 58.54116 58.93957 58.49136 59.57436 63.89722 67.66469 68.31528 69.42758 71.27949 71.5465 72.25413 71.61811 72.19315 71.42549 71.56314 71.49985 72.2737 72.99291 75.90384 75.76916 70.82014 70.16747 70.7925 71.96024 71.39254 71.56903 70.6741 76.28729 76.01275 77.28316 75.25343 74.77476 74.64005 72.36918 70.36563 70.93066 68.68741 69.16749 73.50285 74.18124 73.30376 76.56458 78.53187 78.8171 79.00059 79.22428 78.78069 78.85048 78.96071 78.77609 78.05846 78.09136 78.0648 77.75089 77.96364 77.64904 77.54564 77.36708
66.17701 66.30488 66.245 65.50549 62.40058 59.4501 58.31507 58.37289 58.93956 58.99778 58.55103 59.11596 63.31773 66.96756 68.44745 69.77848 71.15172 71.72304 71.99217 71.62244 71.36098 72.33349 72.27247 72.99167 73.12872 73.92838 74.06656 73.73105 71.82302 69.81912 70.5676 71.69814 71.50114 70.54342 70.8104 70.94526 72.49379 75.18624 77.01089 74.848 73.82863 69.74799 67.00481 67.07063 68.36621 72.83973 73.43892 72.50688 74.73659 77.72083 79.00153 79.1482 79.1517 79.30102 78.63263 78.97159 79.28249 78.31435 78.27022 78.19483 78.01398 78.25257 78.41381 76.42815 76.67141 77.11185
66.55564 67.19289 66.06126 63.64014 62.73008 61.78687 59.51044 58.93954 58.9413 58.83011 59.92806 61.3661 63.43984 66.37552 67.54842 67.55107 69.59035 70.4681 70.60191 70.60465 71.80235 72.65204 73.51834 71.57448 72.73035 72.80029 72.28791 73.87083 70.63188 70.24132 70.93304 71.50263 70.80637 69.92715 70.48424 70.61909 71.51914 72.50083 76.3744 76.94843 74.78648 71.84059 69.36144 67.00876 69.4979 73.30396 77.05878 76.92059 74.60223 79.00327 79.43863 79.69944 79.03698 78.03477 79.30254 79.15286 78.35561 78.31932 77.44392 78.19981 77.33916 77.60237 77.31038 76.43315 76.27622 76.98063
67.44835 66.12513 67.26329 66.50482 62.7319 61.17997 60.27779 59.40024 59.51569 59.0577 59.40727 60.76638 64.7225 63.14288 65.94485 66.66554 69.72462 70.21019 70.83559 71.93713 71.23748 72.00927 71.9482 71.1163 69.7489 71.25391 73.46639 73.13082 72.41023 70.80239 70.80511 70.74177 71.64281 72.4269 71.65105 71.08572 73.09116 75.68236 75.82396 74.71927 75.69096 72.18047 73.50178 69.9842 67.99002 74.39505 76.5695 78.07996 78.39645 77.51656 78.75048 78.78448 78.7527 78.77316 79.41828 78.85119 78.26032 78.71326 78.40519 78.04777 77.52498 77.87252 77.23538 77.34103 76.7785 77.32481
66.43759 66.00395 65.94408 62.61251 63.58513 63.99152 62.61797 60.3966 59.81178 59.81355 59.75985 61.31123 64.12848 68.72913 68.13967 68.73451 68.9953 70.34553 70.54489 71.04082 71.30782 71.31056 71.88595 71.12057 70.43278 70.36994 73.86766 73.27056 71.76928 71.57223 70.25233 70.05838 71.18089 74.98183 74.91589 75.61175 75.75336 75.61749 75.06484 73.56594 74.65771 74.24775 74.31937 69.85614 68.5732 73.0396 73.38354 75.93407 79.29108 79.07373 78.87086 79.18555 78.8608 78.78752 78.39733 78.12544 78.86763 78.57514 78.29688 78.05276 77.52999 77.29526 76.74342 77.83102 75.966 76.36932
65.69228 64.04701 62.55283 60.27603 59.22793 59.80825 59.34512 59.51742 60.22724 59.8153 59.81884 59.70613 62.63264 65.57246 69.94835 70.08216 69.73303 70.28425 70.91025 70.64872 70.84965 71.05059 70.03829 70.92663 70.99541 71.83192 71.90125 70.51061 71.27057 71.3101 69.86317 69.06042 68.39916 71.39037 72.82351 75.68563 74.24425 73.30561 75.4861 72.90506 73.50484 75.49464 74.66776 69.8602 69.18219 70.55985 70.42934 76.36979 78.334 79.07401 78.83062 79.44546 78.589 78.79247 78.64278 77.25051 78.32805 78.7656 77.89758 77.58655 78.27973 77.69666 78.07542 76.44814 76.13108 76.13416
66.3195 65.88674 62.88579 63.06802 59.80825 59.52379 58.8352 59.23492 58.95241 59.23842 59.64887 59.70789 60.71547 67.76101 68.0198 68.48468 69.28199 70.15739 69.96345 69.4201 70.85393 70.03709 69.62591 70.79872 70.99964 71.63641 73.14122 71.64188 70.51746 70.12683 70.42125 69.86998 69.13216 71.06156 74.6496 72.76292 73.23947 74.65807 73.04197 74.04449 74.1161 74.80533 72.96883 71.08871 69.25175 72.11639 73.9293 77.31107 78.60455 79.00146 79.676 79.28658 78.12602 78.44711 77.80759 78.40772 79.4271 77.17218 78.56445 78.4418 78.20475 78.14742 78.05093 78.28786 77.13766 76.45931
66.95634 66.38934 65.15372 65.00637 63.93427 64.05814 59.93902 59.81527 58.95415 59.30363 59.53613 59.48068 59.19036 62.51873 65.70296 67.31712 68.42693 69.76832 69.22648 69.77371 69.36189 69.97575 70.04666 70.04935 71.00388 71.07267 72.2206 72.55904 72.81274 71.31858 70.98829 70.36205 69.00613 74.44481 73.76974 72.76721 73.57061 78.95399 75.56444 76.62144 76.48438 73.17508 73.17785 69.80225 68.8624 74.82389 77.17045 78.26861 78.8791 78.71041 80.12914 79.06444 78.341 78.72594 78.84057 78.22697 78.33802 77.0215 77.35779 77.51796 77.49749 77.75969 77.62325 78.49407 77.14275 76.38424
65.09399 64.15816 62.77105 63.87514 64.95011 66.34521 65.66174 63.53937 60.47968 59.24989 58.96723 59.48416 59.48594 59.316 61.96093 65.52155 67.00997 68.84186 68.84452 68.97726 68.18752 70.20864 69.92389 69.79545 70.54979 70.61855 70.06568 72.03056 70.82484 70.92739 70.69807 70.99941 71.06873 71.57967 72.5023 71.92085 70.81582 76.27499 79.47963 78.888 80.08038 78.40105 77.52099 75.87228 72.64599 77.17673 77.91614 79.13824 78.24921 78.69823 78.99551 80.10165 78.77367 78.92584 78.58221 78.77648 77.31483 77.70432 78.13371 78.61714 77.74074 78.36624 77.9087 77.30441 76.24294 76.1652
64.78725 65.52702 63.63109 63.75497 62.83667 61.82596 64.41519 62.33226 60.67186 59.19439 58.57156 58.79903 59.09222 59.14602 66.07856 66.50417 68.18108 68.31278 68.50903 69.72072 69.04906 69.05171 69.66582 69.60292 69.60558 71.8951 68.80733 70.23164 71.76898 70.5013 70.80109 71.00362 71.20615 71.71819 71.0144 71.58934 72.44437 75.2281 76.78713 78.79143 77.68001 79.5276 79.49668 78.12448 76.31041 76.52779 79.7666 78.99127 78.19071 79.03402 78.19686 78.62498 79.73066 79.35178 78.13267 78.58331 78.07037 76.12347 76.20586 77.02113 78.21255 77.80585 78.23126 78.07422 77.07644 76.67142
63.69029 65.46835 62.65446 64.10416 63.1741 61.03791 59.88844 59.83257 59.25162 58.97156 59.04257 58.92336 58.74531 59.84503 59.61628 63.78107 66.19528 66.82984 68.25493 69.52821 69.39975 69.12086 68.99603 69.06371 70.42601 70.42869 69.615 69.07422 70.23846 71.20226 70.9385 70.31255 70.74406 70.48299 70.81874 71.08788 73.92038 73.18125 75.72713 78.33281 79.91103 78.93479 78.19192 79.43024 79.32038 77.63539 79.44141 78.99619 77.83973 77.66078 78.72844 78.4203 78.40579 79.05117 78.81865 78.41869 78.26322 77.42021 77.366 77.69249 78.0408 78.15315 77.35565 76.62259 76.59175 75.5285
63.85461 62.5342 65.06397 63.17412 61.15564 59.71551 58.84914 58.91212 58.97154 58.8004 58.80725 58.80905 59.26864 61.11487 62.23117 63.13766 62.11546 60.32884 66.83636 69.27012 68.99223 69.53767 69.67409 68.87261 72.41733 69.68202 69.61911 68.81805 70.44086 71.78023 70.31402 69.92017 69.30713 69.05013 69.24947 71.46344 73.11455 73.85873 74.82347 78.05038 79.12936 78.41879 77.79707 78.94995 78.08057 79.33411 79.22514 78.59549 78.42973 77.69117 77.9775 77.08296 78.82388 77.68106 77.49277 76.8378 77.41901 76.70473 77.29027 77.2934 77.75546 77.03735 76.80023 77.60391 76.51519 76.43665
63.51097 62.53603 62.99242 61.64994 59.48495 58.73465 58.91211 58.92202 58.5122 58.80216 58.57518 58.81081 58.92869 58.87245 59.97697 62.74402 64.85839 65.28345 66.77674 68.53832 69.40802 69.54179 71.25845 70.92807 70.30218 70.30485 70.10925 70.24408 70.57716 71.24725 69.98771 69.17741 68.98334 66.18429 70.22749 72.18362 71.60464 70.50197 71.921 79.42334 79.50528 78.45477 77.38745 77.90814 78.41931 78.80069 77.53507 77.48405 78.53178 76.72822 77.20267 77.01077 78.4155 78.66994 76.68108 76.76349 77.26397 76.78982 77.13368 77.46017 78.03895 77.76294 77.46947 76.84369 76.35699 76.19678
63.45181 61.97042 60.24572 60.4947 59.60198 58.39334 59.0389 58.80361 58.34103 58.86523 58.86882 58.87061 58.81438 59.10637 59.39836 59.80642 61.55868 64.67643 66.84424 68.8026 68.74017 69.54591 70.16884 70.03932 70.37241 70.04464 69.29945 68.76105 68.69862 69.1762 68.50864 67.78687 66.4976 65.43566 69.34416 71.98476 69.6799 68.80638 72.5826 77.10835 78.98973 77.67839 78.18893 77.29633 76.69836 77.87189 77.48592 77.90527 77.80341 76.31563 76.83214 77.78667 79.02337 77.39668 77.76974 77.69208 77.0288 76.8931 76.65371 77.40777 78.38786 76.71066 76.84567 76.27731 76.87016 76.20182
60.74184 60.74363 59.19675 59.02559 58.68152 58.51286 58.86909 58.57322 58.69109 59.04111 58.92862 58.93042 58.87418 59.11356 61.06318 61.44009 59.75195 60.28971 62.57287 66.791 68.484 70.7286 70.1069 68.68961 69.98001 70.04876 70.61141 68.30966 68.31226 67.72111 63.79776 63.86114 61.55557 62.51465 66.89555 68.80515 69.35349 69.48831 77.11008 78.8826 79.06717 77.50324 78.4413 77.32279 76.31422 77.40996 77.33525 77.33836 77.28497 76.91333 76.36134 77.07823 76.94123 76.86431 76.62724 76.63038 76.79364 76.73649 76.49706 76.74271 78.21253 77.93774 76.19763 77.03706 76.20379 76.12522
62.75201 61.29608 59.14086 58.85443 58.85619 59.15181 58.80536 58.7491 59.04108 58.9268 58.93038 58.92803 62.44328 61.55677 67.03535 64.01498 59.86978 61.50484 61.38812 63.89964 67.76382 69.16069 69.23151 69.103 69.78587 70.74615 69.11086 67.78444 67.7869 64.87755 66.11882 66.56327 65.93279 62.39534 61.88691 68.01166 69.5558 72.52012 75.96759 78.24052 78.99638 77.66095 77.26801 77.40559 76.31917 77.75194 78.30499 76.95419 77.07384 77.3149 77.92893 76.21086 77.61194 77.37257 76.312 76.47526 77.17809 75.84402 76.50211 77.79881 78.58289 76.85275 76.61089 75.96083 76.7155 77.4129
65.43482 64.75968 60.26447 59.20807 59.03572 58.86338 58.92319 58.92498 58.92677 59.85718 60.0468 63.07882 67.81161 66.97266 69.7608 72.00539 68.08025 68.35413 60.77977 63.84003 68.29687 67.38304 68.30467 68.37232 69.17523 69.8587 68.57529 68.25258 63.61326 67.07486 68.26034 69.25912 67.41386 64.09745 68.67937 70.04668 68.75016 71.93511 74.98416 76.48149 79.0013 78.49392 76.88023 77.38827 76.49371 77.32039 77.44584 77.97089 77.45209 76.52681 77.85323 77.61388 76.55096 76.63419 76.23694 76.07991 76.74034 75.68884 77.77377 77.17819 77.6999 76.69453 76.04443 75.88422 76.98762 75.72701
63.61999 62.51524 61.06437 60.26801 59.15356 58.69102 59.09908 59.1589 59.56696 66.83546 63.11354 67.74844 71.01825 72.52572 74.15279 72.73603 72.28324 70.73045 70.33339 70.40268 70.5386 70.47466 65.6084 65.23324 67.39725 68.25137 68.98778 67.53407 65.8654 68.06651 70.23475 73.38373 68.7411 66.7764 70.9485 70.11739 70.45317 69.98943 74.01706 78.74957 78.47626 78.34328 76.3353 77.47031 77.06812 78.32774 76.72746 77.08073 75.9643 77.02701 76.21768 76.55283 76.31574 76.07865 76.00169 75.84466 78.01677 77.77576 77.77894 76.85669 76.68005 77.94176 76.2944 77.07293 76.82619 76.31644
61.55977 61.50187 61.56337 60.57777 60.21312 64.35162 59.62319 60.70268 66.83675 68.81062 59.9919 66.08559 68.55902 71.22668 74.84997 74.92279 74.02407 72.67761 72.88515 72.02486 72.82239 74.03806 71.8326 71.25635 68.85542 68.12519 69.67121 68.86323 67.93774 69.41469 73.38531 76.53611 72.38001 74.6991 72.38817 71.59954 71.60225 70.42329 74.64307 78.78783 77.67261 77.67278 76.74961 76.26485 76.03226 77.68841 76.60673 77.00645 76.37505 77.29433 76.47466 76.31763 76.81871 76.57929 77.25116 76.50475 77.01255 77.53356 77.61918 76.78011 76.58877 77.62856 76.72459 76.15045 76.74805 76.23904
65.00056 66.50119 64.58009 66.44861 67.9385 68.67258 63.69632 61.69368 70.60996 67.49023 61.76069 67.62723 70.75804 72.92695 74.64452 76.50479 75.99659 74.03132 74.86579 76.0764 75.5761 76.8094 75.72577 74.95267 74.81549 74.12579 73.5163 73.1749 73.38414 74.82951 77.89323 76.98472 74.284 76.2645 74.28636 74.77908 72.39783 71.99092 75.06796 77.60284 77.72889 76.6564 76.67532 75.87696 76.36436 76.68791 75.65368 76.87061 77.83475 76.31634 76.15933 76.90147 76.66207 76.58434 76.92966 77.01448 76.27033 75.87222 75.63271 77.29762 76.77091 76.12705 76.31737 76.07305 76.0761 75.99669
69.07855 69.70045 71.7576 71.76065 73.2365 72.03965 71.18638 73.31483 71.91177 69.85657 71.98848 73.39861 74.78591 76.66617 76.84604 75.80305 76.10526 76.02617 76.24635 76.24926 76.25219 76.11025 76.63725 76.7284 77.19297 76.80802 77.4743 77.47726 77.70133 77.3566 77.48611 77.28819 77.96043 77.11069 76.57457 75.99446 77.39073 77.77991 77.80743 77.30215 78.40618 76.57294 76.28873 76.7848 76.70788 76.19912 77.30006 75.59359 77.14471 76.98614 76.58498 76.18381 76.26782 76.77336 76.6132 77.62196 76.6195 76.80678 76.72742 75.81535 78.24049 77.51171 76.75719 75.83572 75.7563 75.92427
68.81818 69.438 68.82413 70.97865 73.57597 74.061 74.20519 74.27877 73.79789 74.49644 75.92961 75.93257 75.50473 76.6124 75.94957 75.74825 75.73817 77.00715 76.55418 77.01311 76.03955 77.16647 77.11742 76.59985 76.39216 77.29557 77.44865 76.90923 77.09839 77.40427 77.38563 76.62365 77.93898 77.59932 78.37608 77.72961 77.34327 77.7115 78.01286 77.53623 77.27535 76.67131 76.29372 76.05888 76.63284 76.71922 76.48212 76.90399 76.98803 76.66773 76.50915 76.26969 75.94936 76.53345 76.69994 75.797 75.63836 76.81186 76.56757 75.82032 75.98672 77.94968 76.00262 75.6758 76.1021 77.04182
73.28777 71.94266 69.51163 68.02704 71.95187 73.99482 75.63739 74.49062 75.27901 75.06662 75.0726 75.29096 76.48096 75.59426 75.45113 75.53181 76.0601 76.86448 76.79375 76.34261 77.11322 75.85966 76.01575 76.16885 76.51285 76.19638 76.18854 76.79732 76.40893 77.04913 76.80638 78.32381 77.1519 77.49994 78.10871 78.41462 78.01167 77.43625 77.79292 77.48749 77.45892 76.62836 76.55145 76.47451 76.23739 76.32378 76.74415 75.9296 76.58874 76.01595 76.59505 76.77718 76.61701 76.45685 76.21499 76.21812 76.89314 75.90083 75.49558 76.49327 76.64503 76.58189 76.50249 75.5983 75.51888 76.7104
73.48936 73.22531 73.0185 72.0907 73.30467 74.133 74.91769 75.42776 74.78093 75.07175 75.22262 75.59288 75.44978 76.05574 76.36845 76.14642 75.39553 75.40214 75.7053 76.59439 77.00501 76.26442 75.42403 76.27154 76.13214 75.88741 77.32913 76.7543 77.19951 77.2625 76.79486 77.79859 77.47622 77.01381 77.60718 77.13214 77.96811 77.21387 77.64355 77.82703 77.4639 76.91692 76.54164 76.89822 76.0822 77.30357 76.17172 76.42887 75.5372 76.43516 76.69743 76.03708 76.29539 76.46189 75.5612 75.89648 76.73325 75.74248 76.16531 76.00344 75.91499 77.22473 75.43104 76.27576 76.1012 75.78205
74.10619 74.04538 74.68945 75.35023 74.41402 74.55694 -9999 74.85287 75.00078 75.6614 75.30219 75.30791 75.53682 75.16656 76.12778 75.54109 76.07914 76.2415 75.56651 75.87247 75.72256 75.88509 76.04404 75.73656 76.48148 76.91747 77.6131 77.59275 77.61909 77.84722 76.78357 78.37851 78.6394 78.46252 78.2998 76.45539 78.18221 77.4911 78.1112 77.62291 76.99734 76.86081 76.32118 76.08404 76.00709 77.85342 77.05776 75.69922 76.03266 76.11668 76.53912 76.54227 76.21876 76.14023 75.89835 75.90147 75.74125 76.08476 76.08784 76.7683 76.17651 77.32473 76.75996 76.36411 76.03395 76.53683
73.90292 73.9062 74.84007 74.84335 74.55434 74.41143 74.4921 75.22141 75.22451 74.78921 75.67207 75.53363 76.65699 75.82721 76.35354 76.53104 75.40125 75.85408 76.22894 75.41386 75.11343 75.89813 75.81628 76.20567 76.05495 76.13444 76.44315 76.67548 77.37732 76.97319 76.72929 76.93465 76.86852 77.46946 77.86991 78.00201 76.9351 77.49598 76.82171 77.47066 77.23801 76.14088 76.82428 75.60841 75.53146 76.81232 77.96691 76.11537 75.95676 76.541 75.96303 76.46564 75.97877 75.73688 75.74001 76.32784 76.24851 75.9248 76.52032 76.35684 75.85159 77.09187 75.85767 75.77823 75.94621 76.93902
