currenttrends/sc1gr2.FIL
ncols         261
nrows         433
xllcorner     336357.134
yllcorner     654653.479
cellsize      1000
NODATA_value  -9999
[rows 261 to 289 of 433, columns 66 to 131 of 261]
348.1302 349.1329 350.1355 350.1381 350.1407 350.1434 349.1461 351.1488 351.1542 350.157 351.1597 351.1625 351.1653 351.1681 351.1709 351.1737 351.1766 351.1794 351.1823 351.1881 352.191 352.1939 352.1969 352.1998 353.2028 352.2057 352.2087 353.2117 353.2148 350.2178 351.2208 347.2269 348.2299 348.233 349.2361 350.2392 349.2423 348.2454 348.2485 347.2516 345.2547 324.2579 343.2642 344.2674 345.2705 343.2737 340.2769 331.2802 330.2834 317.2866 310.6181 306.6175 307.6169 315.2996 329.3062 330.3095 331.3128 329.3162 328.3195 323.3229 320.3263 318.3297 318.3331 305.6099 293.6094 287.6084
349.132 349.1346 350.1372 350.1398 350.1425 349.1451 350.1478 350.1505 351.1559 351.1586 351.1614 351.1642 351.1669 350.1697 350.1725 351.1753 351.1782 352.181 351.1839 351.1896 351.1925 352.1954 352.1984 352.2013 351.2043 353.2072 351.2102 351.2132 351.2162 351.2191 352.2222 348.2282 347.2313 347.2343 349.2374 350.2404 349.2435 349.2466 348.2497 347.2528 347.2559 337.259 342.2653 341.2685 345.2716 341.2748 331.278 332.2811 324.2843 320.2875 312.2907 313.294 317.2972 326.3005 330.307 330.3103 331.3136 328.3169 328.3203 319.3236 317.327 319.3304 312.3337 310.6077 296.6071 288.6061
349.1338 350.1364 349.139 349.1416 350.1442 349.1469 350.1495 350.1522 351.1576 351.1603 351.1631 351.1658 351.1685 351.1713 350.1741 350.1769 351.1797 351.1826 351.1854 351.1912 351.1941 352.197 351.1999 352.2028 350.2057 350.2086 349.2116 351.2146 352.2176 350.2205 351.2235 343.2296 345.2326 348.2356 350.2386 349.2417 348.2448 348.2478 349.2509 348.254 347.2571 345.2602 332.2664 344.2695 344.2727 342.2758 323.279 317.2821 319.2853 312.2885 315.2917 315.2949 313.2981 322.3013 331.3078 330.3111 330.3144 328.3177 331.321 323.3243 312.6071 311.331 307.606 304.6054 299.6049 291.6038
349.1356 349.1382 349.1407 349.1433 349.1459 350.1486 350.1512 349.1539 349.1593 350.162 351.1647 351.1674 351.1702 352.173 350.1758 350.1785 350.1813 351.1842 352.187 351.1927 351.1956 352.1985 351.2014 351.2043 351.2072 351.2101 350.213 347.216 350.219 348.2219 343.2249 340.2309 335.2339 348.2369 349.24 347.243 348.246 348.2491 347.2521 347.2552 347.2583 340.2614 330.2675 343.2707 344.2738 343.2769 333.28 313.2832 308.6134 315.2895 318.2927 310.6114 329.299 330.3022 331.3087 330.3119 329.3152 329.3185 331.3217 325.325 318.3284 312.6043 304.6038 296.6032 290.6026 290.6015
348.1374 349.1399 349.1425 349.1451 350.1477 350.1503 349.153 349.1556 349.1609 349.1637 351.1664 351.1691 350.1718 351.1746 352.1774 351.1801 350.183 350.1858 352.1886 351.1943 351.1971 351.2 351.2029 351.2057 351.2087 350.2116 349.2145 349.2174 347.2204 348.2233 348.2263 337.2323 330.2353 346.2383 349.2413 346.2443 348.2473 348.2503 347.2534 347.2564 347.2595 346.2625 327.2687 343.2718 342.2749 343.278 340.2811 327.2842 316.2874 310.2905 317.2936 313.2968 320.3 331.3031 329.3095 331.3128 330.316 324.3192 329.3225 323.3258 323.3291 314.3324 307.6015 300.6009 292.6003 290.5992
349.1391 348.1417 349.1443 350.1468 348.1494 349.152 350.1547 349.1573 349.1627 350.1653 351.168 351.1708 350.1735 350.1762 351.179 351.1818 351.1845 350.1873 350.1902 350.1958 351.1987 351.2015 351.2044 351.2073 351.2101 350.213 350.216 349.2189 345.2218 343.2248 348.2277 326.2336 316.2366 347.2396 348.2426 346.2456 347.2486 348.2516 346.2546 347.2577 347.2607 346.2637 331.2698 333.2729 342.276 343.2791 342.2822 334.2853 319.2884 313.2915 314.2946 315.2978 310.6066 309.606 330.3104 330.3136 329.3168 328.32 330.3233 323.3265 321.3298 319.3331 310.5993 305.5987 295.5981 281.597
348.1409 348.1435 348.146 349.1486 349.1512 349.1538 349.1564 349.159 350.1643 349.167 351.1697 350.1724 351.1751 350.1779 350.1806 350.1834 349.1862 349.189 349.1917 351.1974 351.2002 351.2031 351.2059 351.2088 351.2117 351.2145 349.2174 346.2203 345.2233 344.2262 349.2291 329.235 332.238 346.2409 347.2439 345.2469 345.2499 347.2529 346.2559 346.2589 346.2619 346.265 335.271 326.2741 325.2771 340.2802 340.2833 336.2863 315.2894 311.2925 311.2956 318.2987 313.3019 314.305 322.3113 328.3145 329.3177 328.3209 330.3241 325.3273 320.3306 318.3339 311.5971 303.5965 291.5959 281.5947
349.1427 348.1452 349.1478 349.1503 348.1529 348.1555 349.1581 349.1608 350.166 351.1687 351.1714 351.1741 351.1768 350.1795 349.1823 349.185 350.1878 350.1906 350.1933 351.1989 350.2018 351.2046 351.2075 350.2103 351.2132 350.216 350.2189 350.2218 350.2247 348.2276 348.2305 332.2364 332.2393 341.2423 347.2453 344.2482 339.2512 347.2542 347.2572 346.2602 346.2632 346.2662 345.2722 330.2752 322.2783 320.2813 334.2844 328.2874 324.2905 311.2936 313.2967 316.2997 314.3029 315.306 317.3122 322.3154 328.3185 328.3217 329.3249 328.3281 322.3314 314.3346 306.5949 300.5942 288.5936 283.5924
349.1445 349.147 349.1495 348.1521 348.1547 349.1573 349.1599 349.1625 350.1678 351.1704 350.1731 350.1758 350.1785 350.1812 348.1839 347.1866 350.1894 350.1922 351.1949 350.2005 350.2033 349.2061 349.209 350.2118 349.2147 350.2175 350.2204 350.2233 348.2262 346.2291 349.232 319.2378 340.2407 343.2437 347.2466 345.2496 347.2525 345.2555 346.2585 346.2614 338.2644 337.2674 345.2734 344.2764 338.2794 321.2825 320.2855 325.2885 319.2916 322.2946 316.2977 314.3008 320.3039 318.3069 318.3132 318.3163 319.3194 322.3226 329.3258 328.3289 324.3322 318.3354 307.5927 300.592 293.5914 283.5902
349.1463 348.1488 348.1513 348.1539 348.1564 349.159 349.1616 349.1642 350.1695 350.1721 350.1748 350.1775 349.1801 351.1829 349.1856 349.1883 350.191 351.1938 351.1966 351.2021 350.2049 349.2077 350.2105 349.2133 349.2162 346.2191 350.2219 347.2248 347.2276 343.2305 347.2334 333.2392 342.2421 347.2451 347.248 347.2509 346.2539 344.2568 343.2598 345.2627 344.2657 334.2687 344.2746 344.2776 343.2806 326.2836 320.2867 322.2896 319.2927 318.2957 316.2988 316.3018 321.3049 316.308 319.3141 318.3172 317.3203 312.3235 314.3266 326.3298 326.333 322.3362 309.5905 297.5898 290.5892 280.5879
347.1498 347.1523 347.1549 348.1574 348.1599 349.1625 350.1651 349.1677 349.1729 350.1755 349.1782 349.1808 350.1835 350.1862 351.1889 347.1916 347.1943 348.1971 349.1998 350.2053 350.2081 350.2108 351.2137 351.2165 347.2193 345.2221 345.2249 346.2278 348.2306 348.2335 349.2363 338.2421 345.245 344.2479 346.2508 344.2537 343.2566 342.2595 340.2624 342.2654 339.2683 340.2712 333.2771 339.2801 339.2831 325.2848 323.2878 323.2908 322.2938 320.2968 318.2998 316.3029 319.3059 319.312 317.3151 319.3182 320.3213 318.3244 312.3275 315.5905 326.3338 316.337 306.5883 293.5876 283.587 285.5857
346.1516 346.1541 347.1566 348.1592 348.1617 348.1643 349.1668 349.1694 349.1746 350.1772 349.1799 350.1825 349.1852 350.1879 350.1906 346.1932 343.196 345.1987 341.2014 350.2069 351.2097 350.2124 350.2152 351.218 347.2208 345.2236 343.2264 349.2293 350.2321 349.235 348.2378 333.2435 349.2464 343.2493 338.2522 342.2551 340.258 338.2609 341.2638 340.2667 338.2696 335.2725 340.2784 338.2813 338.2843 338.2872 325.2902 322.2932 324.2961 322.2991 324.3021 322.3051 321.3081 324.3141 322.3171 323.3202 322.3232 321.3263 319.3294 319.3325 320.3356 324.3387 312.3419 306.5833 306.5826 303.5812
346.1534 346.1559 348.1584 348.1609 348.1635 348.166 349.1686 350.1711 349.1763 349.179 347.1816 347.1842 349.1869 349.1895 350.1922 348.1949 341.1976 346.2003 342.203 350.2085 350.2113 350.2141 350.2168 350.2196 351.2224 349.2252 349.228 349.2308 344.2336 350.2365 349.2393 340.245 350.2479 343.2507 342.2536 338.2565 338.2593 334.2622 336.2651 340.268 339.2709 338.2738 337.2797 337.2826 338.2855 336.2885 325.2914 322.2943 322.2973 320.3003 324.3032 323.3062 323.3092 324.3152 324.3182 324.3212 318.3242 319.3273 319.3303 318.3334 318.3365 322.3396 319.3428 308.5811 310.5804 305.579
347.1552 347.1577 347.1602 347.1627 348.1653 349.1678 348.1703 350.1729 349.1781 349.1807 347.1833 347.1859 348.1886 348.1912 347.1939 350.1966 344.1993 344.202 345.2047 349.2101 350.2129 350.2156 350.2184 350.2212 349.2239 346.2267 348.2295 349.2323 348.2351 350.238 349.2408 348.2465 349.2493 347.2522 346.255 340.2579 339.2608 334.2636 339.2665 341.2694 338.2723 342.2752 332.281 334.2839 336.2868 336.2897 329.2926 321.2956 322.2985 321.3015 321.3044 322.3073 323.3103 323.3163 325.3192 323.3222 322.3253 319.3283 321.3313 320.3344 320.3374 319.3405 321.3437 313.579 312.5782 306.5768
346.157 348.1595 347.162 347.1645 347.167 349.1696 348.1721 349.1747 349.1798 348.1824 349.185 348.1877 349.1903 348.1929 346.1956 349.1982 348.2009 346.2036 342.2063 349.2118 350.2145 350.2173 349.22 348.2227 344.2255 345.2283 347.2311 345.2339 350.2367 349.2395 348.2423 350.248 346.2508 343.2536 343.2565 344.2593 342.2622 336.265 339.2679 341.2708 342.2737 342.2766 335.2823 331.2852 333.2881 335.291 334.2939 323.2968 323.2997 322.3026 323.3056 321.3085 323.3115 324.3174 324.3203 324.3233 323.3263 322.3293 322.3323 321.3354 321.3384 320.3415 321.3446 318.3477 312.3509 308.5747
347.1588 347.1613 347.1638 347.1663 347.1688 347.1713 348.1739 348.1764 348.1815 349.1841 349.1867 348.1894 349.192 346.1946 343.1973 349.1999 349.2026 348.2053 341.208 344.2134 350.2161 350.2189 349.2216 349.2244 349.2271 347.2299 349.2327 349.2354 349.2382 350.241 349.2438 349.2495 347.2523 348.2551 341.2579 342.2608 345.2636 344.2665 343.2693 345.2722 343.2751 340.2779 335.2837 325.2865 317.2894 325.2923 332.2952 320.2981 322.301 322.3039 321.3068 321.3097 322.3127 322.3185 324.3215 324.3244 324.3274 324.3304 322.3334 322.3364 322.3394 321.3425 320.3456 318.3487 318.3518 302.5725
347.1607 348.1631 347.1656 346.1681 346.1706 348.1731 348.1756 348.1782 348.1833 348.1859 347.1885 348.1911 348.1937 346.1963 345.199 347.2016 349.2043 349.207 349.2097 349.2151 349.2178 350.2205 350.2232 349.226 347.2287 347.2315 349.2342 349.237 349.2398 349.2426 348.2482 348.251 346.2538 346.2566 343.2594 341.2622 343.2651 341.2679 344.2708 344.2736 344.2765 342.2793 338.285 334.2879 328.2907 328.2936 322.2965 318.2994 319.3022 320.3051 320.308 319.3109 320.3138 322.3197 323.3226 324.3256 325.3285 324.3315 323.3344 323.3374 321.3405 321.3435 321.3465 320.3496 317.3527 309.5704
347.1625 347.1649 347.1674 347.1699 347.1724 348.1749 347.1774 348.1799 347.185 348.1876 347.1902 347.1928 346.1954 345.198 344.2007 349.2033 348.206 348.2086 349.2113 349.2167 350.2194 350.2221 349.2249 349.2276 349.2303 349.2331 348.2358 349.2386 349.2414 349.2441 348.2497 348.2525 345.2553 343.2581 345.2609 332.2637 332.2665 338.2694 338.2722 340.275 339.2779 341.2807 341.2864 340.2892 339.2921 336.295 328.2978 314.3007 319.3036 319.3064 317.3093 316.3122 319.3151 321.3209 323.3238 324.3267 325.3297 323.3326 324.3356 323.3385 322.3415 321.3445 321.3476 320.3506 320.3537 317.5682
346.1643 346.1667 346.1692 347.1717 348.1741 347.1766 345.1792 347.1842 348.1868 349.1894 347.1919 345.1945 347.1971 348.1997 344.2024 348.205 348.2076 349.2103 349.213 349.2184 350.221 348.2238 349.2265 348.2292 347.2319 343.2347 349.2374 349.2402 348.2429 349.2457 348.2513 347.254 343.2568 345.2596 345.2624 344.2652 338.268 328.2708 330.2737 332.2765 337.2793 330.2821 328.2878 339.2906 338.2935 335.2963 326.2992 317.302 316.3049 318.3077 317.3106 315.3135 309.579 322.3221 323.325 324.3279 323.3308 324.3338 324.3367 322.3397 321.3426 320.3456 321.3486 321.3517 320.3547 319.361
345.1661 345.1685 346.171 346.1735 347.1759 346.1784 346.1809 346.186 347.1885 347.1911 348.1937 346.1963 346.1989 348.2014 348.2041 348.2067 347.2094 346.212 348.2147 347.22 349.2227 348.2254 349.2281 345.2308 343.2336 341.2363 346.239 346.2418 344.2445 349.2473 348.2528 346.2556 344.2584 345.2611 346.2639 342.2667 345.2695 326.2723 307.5905 316.278 329.2808 318.2836 315.2892 326.2921 324.2949 319.2977 315.3005 308.5817 312.5808 318.3091 321.3119 316.3148 316.3177 324.3234 323.3263 324.3292 320.332 321.335 323.3379 323.3408 322.3438 321.3467 321.3497 322.3527 321.3558 319.362
345.1679 346.1703 346.1728 346.1753 347.1777 347.1802 346.1827 345.1877 347.1903 347.1928 346.1954 346.198 348.2006 348.2032 348.2058 347.2084 346.2111 345.2137 342.2163 344.2217 349.2244 347.2271 349.2298 344.2325 343.2352 341.2379 344.2406 345.2434 346.2461 347.2489 347.2544 346.2571 346.2599 347.2627 341.2655 340.2682 344.2711 344.2738 327.2766 308.5879 318.2823 320.2851 318.2907 316.2935 317.2963 320.2991 310.3019 319.3048 321.3076 321.3104 319.3133 320.3161 316.319 325.3247 323.3275 320.3304 319.3333 322.3362 317.3391 323.342 321.3449 323.3479 322.3509 321.3539 322.3569 321.363
345.1715 344.174 346.1764 345.1788 345.1813 347.1838 346.1863 346.1895 345.192 346.1946 346.1972 346.1997 347.2023 347.2049 347.2075 344.2101 346.2128 344.2154 341.218 346.2234 347.226 349.2287 347.2314 348.2341 343.2368 341.2395 343.2422 345.245 345.2477 346.2505 347.256 347.2587 348.2615 347.2643 345.267 344.2698 343.2726 344.2754 344.2782 327.2809 323.2838 321.2865 321.2921 322.295 322.2978 320.3006 321.3034 320.3062 322.309 321.3118 318.3146 316.3175 324.3203 324.326 323.3289 321.3317 323.3346 323.3374 321.3403 314.3432 322.3462 323.3491 322.3521 321.355 320.358 321.3641
345.1734 345.1758 344.1782 343.1807 345.1831 345.1856 346.188 344.1931 345.1956 346.1981 347.2007 346.2032 346.2058 342.2084 345.211 348.2136 347.2162 347.2188 345.2214 344.2267 345.2294 346.2321 342.2347 344.2374 342.2401 338.2428 338.2455 339.2483 343.251 346.2537 346.2592 344.2619 344.2647 340.2674 342.2702 342.2729 340.2757 339.2785 343.2812 340.284 325.2868 323.2896 321.2951 321.2979 322.3007 322.3035 322.3063 322.3091 322.3119 322.3147 322.3175 320.3203 322.3231 324.3287 323.3316 314.3344 308.565 305.5641 300.5632 310.5622 318.3487 320.3516 318.3545 323.3575 323.3604 322.3665
345.1752 346.1776 344.18 343.1825 344.1849 346.1874 345.1898 346.1949 346.1974 347.1999 346.2024 346.205 346.2076 344.2101 345.2127 346.2153 346.2179 347.2205 345.2232 346.2285 341.2311 341.2338 343.2364 342.2391 339.2418 336.2445 338.2472 337.2499 345.2526 347.2553 344.2608 344.2635 342.2663 336.269 339.2718 341.2745 341.2773 340.28 339.2828 337.2856 338.2883 330.2911 315.2967 314.2994 316.3022 322.305 322.3078 322.3106 322.3134 321.3161 322.3189 321.3217 323.3245 318.3301 317.333 310.5642 300.5632 300.5623 298.5613 306.5604 312.5594 317.3529 320.3558 321.3588 319.3617 320.3677
344.177 344.1794 345.1818 344.1843 345.1867 345.1892 345.1917 344.1966 345.1991 345.2017 346.2042 345.2067 346.2093 343.2119 340.2144 346.217 346.2196 345.2223 343.2249 344.2302 347.2328 343.2354 342.2381 344.2408 341.2435 341.2462 339.2489 343.2516 345.2543 347.257 344.2624 346.2652 345.2679 341.2706 340.2734 341.2761 341.2789 340.2816 339.2844 335.2871 339.2899 338.2927 324.2982 323.301 318.3037 315.3065 322.3093 320.3121 321.3148 322.3176 322.3204 323.3232 324.326 318.3316 311.3344 307.5623 295.5614 304.5605 310.3457 314.3486 319.3514 320.3543 317.3572 321.3601 318.363 316.369
343.1788 344.1812 344.1837 341.1861 344.1885 345.1909 342.1934 344.1984 340.2009 346.2034 346.206 343.2085 344.2111 343.2136 338.2162 344.2188 346.2214 343.224 342.2266 343.2319 342.2345 338.2372 341.2398 339.2425 341.2451 343.2478 342.2505 343.2532 343.2559 342.2586 338.2641 337.2668 338.2695 338.2722 338.275 339.2777 340.2805 340.2832 340.286 340.2887 340.2915 339.2943 335.2998 320.3025 316.3053 319.3081 322.3108 320.3136 322.3164 321.3192 321.3219 320.3247 323.3275 311.3331 304.5616 300.5606 295.5596 301.5587 307.5577 309.5567 310.5558 309.5548 315.3586 319.3615 315.3644 316.3704
343.1807 343.183 344.1855 341.1879 343.1903 345.1927 342.1952 340.2002 342.2027 344.2052 346.2077 342.2103 345.2128 344.2154 339.218 343.2205 346.2231 341.2257 342.2283 344.2336 344.2362 341.2389 340.2415 337.2442 338.2469 342.2495 340.2522 340.2549 340.2576 338.2603 337.2657 335.2685 335.2712 335.2739 336.2766 339.2794 340.2821 339.2849 338.2876 339.2903 338.2931 335.2958 336.3014 336.3041 318.3069 320.3096 320.3124 317.3152 319.3179 319.3207 320.3235 319.3263 321.329 315.3346 302.5598 295.5588 290.5578 295.5569 302.5559 304.555 302.554 305.553 311.36 313.3629 315.3659 320.3718
344.1825 342.1849 342.1873 342.1897 342.1921 344.1945 339.197 341.202 343.2045 342.207 344.2095 345.212 342.2146 343.2171 343.2197 343.2223 344.2249 344.2274 344.2301 341.2353 342.2379 341.2406 339.2432 337.2459 338.2486 341.2512 342.2539 342.2566 340.2593 336.262 334.2674 335.2701 335.2728 334.2755 337.2783 338.281 340.2838 340.2865 340.2892 339.292 339.2947 337.2975 338.3029 333.3057 330.3085 321.3112 320.314 321.3167 312.5648 319.3223 320.325 319.3278 321.3306 323.3362 307.558 302.5571 292.5561 287.5551 293.5542 298.5532 295.5522 295.5513 304.5504 307.5494 315.3674 317.3733
344.1843 341.1867 342.1891 340.1915 342.1939 345.1964 341.1988 344.2038 344.2063 345.2088 339.2113 343.2138 342.2163 343.2189 342.2215 340.224 345.2266 343.2292 341.2318 342.237 342.2397 340.2423 337.245 338.2476 337.2503 339.2529 341.2556 340.2583 340.261 341.2637 339.2691 336.2718 336.2745 337.2772 337.2799 339.2827 339.2854 340.2881 339.2909 339.2936 339.2964 338.2991 328.3046 327.3073 319.3101 322.3128 324.3156 316.3184 319.3211 321.3239 321.3266 322.3294 320.3322 323.3377 315.3405 306.5554 301.5544 289.5534 295.5524 292.5515 295.5505 293.5496 297.5486 306.5477 305.5468 311.545
